7 0.266351 0.692555 0.056121 0.081445
8 0.254182 0.626071 0.055215 0.083651
11 0.225666 0.429610 0.059798 0.118935
9 0.216424 0.391901 0.048171 0.086548
7 0.198862 0.309514 0.041984 0.067963
6 0.354992 0.680913 0.047166 0.070628
6 0.339750 0.615460 0.045208 0.068102
6 0.325198 0.551387 0.043254 0.066028
9 0.315895 0.487470 0.047543 0.083320
6 0.291108 0.390484 0.038664 0.061432
6 0.277908 0.347364 0.037728 0.062692
6 0.267958 0.302273 0.036696 0.058092
6 0.373246 0.429883 0.040579 0.062788
10 0.359917 0.363438 0.052870 0.102285
0 0.551708 0.504712 0.042563 0.064544
0 0.628550 0.500106 0.043714 0.063611
3 0.604716 0.430739 0.049272 0.085413
0 0.756796 0.599697 0.046713 0.067583
0 0.672897 0.430977 0.040377 0.062682
0 0.628413 0.337247 0.037388 0.059719
0 0.604256 0.293631 0.037579 0.058571
0 0.584365 0.254089 0.036138 0.058284
1 0.837703 0.579006 0.057748 0.078568
3 0.773515 0.461281 0.051534 0.083859
4 0.745723 0.402627 0.057424 0.102424
5 0.716804 0.348378 0.055215 0.115400
2 0.671882 0.278204 0.041858 0.072368
1 0.651814 0.242001 0.041015 0.065952
