11 0.758684 0.272940 0.054663 0.121336
6 0.747171 0.333376 0.039342 0.062348
10 0.739487 0.351725 0.058896 0.108132
6 0.446511 0.368945 0.038419 0.064881
6 0.814524 0.417235 0.043598 0.066720
0 0.425572 0.407857 0.040357 0.066336
6 0.572829 0.428843 0.039573 0.067751
9 0.642649 0.432292 0.049140 0.090139
0 0.394466 0.452912 0.042946 0.069785
2 0.552841 0.470980 0.049418 0.092358
0 0.621133 0.544221 0.048700 0.077192
0 0.713824 0.560526 0.048700 0.071250
4 0.430422 0.547103 0.063112 0.129868
5 0.706559 0.589043 0.073945 0.158423
