7 0.199944 0.490208 0.038413 0.057851
7 0.379124 0.333077 0.033089 0.052192
11 0.408672 0.289987 0.037001 0.086944
6 0.423444 0.355344 0.028681 0.045774
6 0.449327 0.327824 0.027722 0.045053
6 0.339115 0.507727 0.033019 0.050387
9 0.408528 0.431938 0.035946 0.064610
6 0.436425 0.405909 0.028598 0.047050
6 0.519825 0.322472 0.026204 0.045056
6 0.424957 0.493646 0.031620 0.049653
10 0.515559 0.380114 0.037784 0.077966
0 0.473072 0.518649 0.032209 0.049349
0 0.503211 0.485174 0.033591 0.049349
0 0.522755 0.551629 0.035086 0.051419
4 0.588823 0.460446 0.046396 0.080331
2 0.611938 0.435962 0.039061 0.058955
0 0.635046 0.409833 0.031349 0.046875
0 0.659778 0.463562 0.033069 0.048505
0 0.682642 0.428333 0.032401 0.047262
1 0.579178 0.694729 0.046591 0.065337
1 0.638156 0.598600 0.042649 0.060777
5 0.741409 0.432961 0.052110 0.090413
