7 0.257798 0.455956 0.038743 0.060073
11 0.229514 0.373881 0.042447 0.098700
6 0.302728 0.415830 0.031687 0.051124
6 0.285453 0.387670 0.030820 0.050724
7 0.457642 0.578069 0.040979 0.065185
6 0.434122 0.540155 0.035195 0.056653
9 0.395309 0.460982 0.037867 0.073909
6 0.374476 0.437937 0.031604 0.051858
6 0.327060 0.350782 0.029180 0.048707
6 0.470876 0.489205 0.033743 0.054064
0 0.453069 0.457278 0.033247 0.053492
0 0.525885 0.477583 0.033244 0.053604
10 0.445724 0.343201 0.038902 0.081323
0 0.584608 0.471658 0.033132 0.053952
2 0.516708 0.371567 0.035149 0.063108
0 0.497776 0.349997 0.029911 0.049656
1 0.666481 0.489203 0.038598 0.062149
4 0.590370 0.381346 0.040820 0.083558
0 0.567607 0.368305 0.030003 0.050036
0 0.543882 0.340985 0.030099 0.048313
1 0.666794 0.410790 0.035069 0.058075
5 0.594190 0.310303 0.038882 0.092715
