7 0.151748 0.440364 0.048218 0.067679
7 0.406230 0.313671 0.035351 0.059114
11 0.448917 0.270260 0.041181 0.103528
6 0.192948 0.470990 0.038727 0.061637
6 0.304922 0.411078 0.035182 0.057897
6 0.448156 0.334378 0.032669 0.054643
6 0.486405 0.311660 0.030251 0.051766
6 0.297244 0.464185 0.037960 0.061445
9 0.347457 0.426243 0.042447 0.080410
9 0.399221 0.398348 0.040605 0.079144
6 0.443267 0.379413 0.033704 0.057054
8 0.490154 0.347437 0.036716 0.069021
10 0.533780 0.313492 0.041508 0.090873
6 0.569573 0.309473 0.030483 0.054064
0 0.440876 0.484671 0.039921 0.063277
0 0.489659 0.454773 0.039755 0.062781
0 0.487007 0.520038 0.042407 0.066756
2 0.633867 0.415142 0.042655 0.074868
3 0.674868 0.382778 0.042103 0.081720
0 0.435739 0.631683 0.045222 0.071396
4 0.598057 0.494064 0.052675 0.109325
3 0.646019 0.467396 0.045966 0.087517
0 0.688590 0.445848 0.039481 0.062669
0 0.728413 0.414029 0.037963 0.060599
0 0.767202 0.385524 0.037963 0.059355
1 0.497230 0.667616 0.054640 0.086852
1 0.744210 0.468259 0.045774 0.072133
5 0.791276 0.411933 0.052870 0.122993
