7 0.510270 0.222202 0.034031 0.054960
7 0.726427 0.377407 0.041141 0.056878
11 0.781693 0.399590 0.059471 0.091336
6 0.686733 0.415000 0.033393 0.049048
6 0.736381 0.448433 0.037305 0.049127
6 0.470703 0.312869 0.030116 0.049210
9 0.553123 0.372520 0.037153 0.063161
6 0.598798 0.409912 0.032993 0.049368
6 0.745238 0.523705 0.038538 0.048409
6 0.471703 0.375298 0.031634 0.049927
10 0.612250 0.473110 0.053013 0.082728
0 0.429694 0.407340 0.032880 0.048886
0 0.469669 0.443143 0.034802 0.048985
0 0.378887 0.439213 0.034223 0.050516
4 0.471359 0.511943 0.047050 0.083515
2 0.517196 0.555587 0.040933 0.066432
0 0.565458 0.605848 0.038237 0.051353
0 0.469107 0.603778 0.038234 0.053006
0 0.523080 0.650021 0.038786 0.050797
1 0.242612 0.474449 0.043538 0.059593
1 0.285709 0.514673 0.042179 0.061111
5 0.471850 0.687209 0.055162 0.094253
