11 0.362113 0.285099 0.048082 0.113307
6 0.418700 0.325809 0.036680 0.059514
9 0.387707 0.444831 0.045724 0.084934
10 0.480347 0.327249 0.046878 0.099312
6 0.419020 0.515757 0.041300 0.065985
6 0.510744 0.394954 0.037612 0.062110
6 0.568562 0.319028 0.035787 0.059114
0 0.483725 0.536248 0.041551 0.066260
6 0.546409 0.449719 0.038823 0.063426
0 0.552128 0.565012 0.043330 0.067583
2 0.616892 0.467176 0.046587 0.078029
0 0.671596 0.391751 0.040308 0.061842
0 0.712731 0.448208 0.041964 0.064325
0 0.736129 0.406106 0.039064 0.062946
4 0.727363 0.537490 0.056597 0.111581
5 0.809269 0.397672 0.054954 0.123267
