7 0.796268 0.390342 0.036465 0.063727
8 0.778036 0.417548 0.041296 0.070400
7 0.687505 0.562199 0.046015 0.073161
11 0.662163 0.581758 0.055159 0.125228
6 0.734415 0.378436 0.034048 0.056250
6 0.692315 0.440782 0.036349 0.059011
6 0.617436 0.547603 0.040261 0.063075
6 0.595245 0.587001 0.040165 0.064610
6 0.565337 0.630043 0.039974 0.065952
6 0.652164 0.396553 0.033363 0.056366
9 0.630632 0.417052 0.040721 0.078681
9 0.604636 0.448743 0.043022 0.080866
6 0.582631 0.491513 0.036696 0.061081
10 0.523214 0.552490 0.051534 0.104563
3 0.456427 0.538986 0.047278 0.085585
0 0.513667 0.396060 0.035198 0.058436
0 0.487153 0.424919 0.036581 0.058667
0 0.458165 0.380299 0.035542 0.056366
2 0.366903 0.472621 0.041941 0.075969
0 0.453795 0.315651 0.032325 0.054524
3 0.338867 0.422227 0.041604 0.081386
0 0.306513 0.462900 0.037960 0.060198
0 0.273249 0.499663 0.038343 0.060681
0 0.237543 0.536473 0.039974 0.063747
1 0.399102 0.300445 0.038079 0.060182
4 0.315134 0.368520 0.044977 0.093059
1 0.251412 0.444486 0.041124 0.067007
5 0.208395 0.457693 0.052569 0.119633
