11 0.378381 0.265466 0.040261 0.095959
6 0.426048 0.298368 0.030556 0.050460
10 0.478317 0.297986 0.039861 0.083479
6 0.436281 0.461096 0.033085 0.054388
4 0.456756 0.408998 0.045053 0.089246
6 0.550637 0.288137 0.028700 0.049659
0 0.491801 0.475926 0.035341 0.055218
6 0.539478 0.399754 0.032553 0.052788
9 0.561913 0.361146 0.036121 0.069018
0 0.551088 0.498191 0.036303 0.056733
2 0.599628 0.413107 0.038581 0.064944
0 0.678175 0.393431 0.034319 0.054256
0 0.694706 0.356285 0.032679 0.053204
5 0.756961 0.347158 0.045899 0.102609
