11 0.178313 0.317817 0.055767 0.127963
6 0.251103 0.340772 0.039302 0.065744
1 0.390605 0.541690 0.051766 0.085470
7 0.360837 0.451062 0.048313 0.078988
10 0.326326 0.316399 0.052573 0.106290
6 0.455086 0.484021 0.042659 0.071177
9 0.421164 0.391437 0.047930 0.092603
6 0.407918 0.362447 0.038423 0.064993
6 0.379410 0.288629 0.037543 0.061379
0 0.529726 0.473886 0.043042 0.071415
6 0.493487 0.390172 0.040420 0.066224
0 0.610283 0.472359 0.043826 0.070632
2 0.570774 0.378953 0.047209 0.082960
0 0.535398 0.310992 0.039110 0.064306
4 0.634797 0.359468 0.053032 0.109742
0 0.621901 0.339519 0.041640 0.065453
0 0.597569 0.302538 0.038988 0.063727
5 0.667621 0.266756 0.053562 0.124511
