7 0.424957 0.685245 0.041938 0.064306
7 0.301890 0.568856 0.038733 0.061349
11 0.262629 0.518069 0.045919 0.095284
6 0.571199 0.736772 0.037226 0.056640
6 0.352012 0.541088 0.032351 0.050886
6 0.312869 0.510134 0.031875 0.050486
6 0.567603 0.657607 0.035628 0.054243
9 0.481910 0.575800 0.038826 0.070258
6 0.438927 0.549484 0.033310 0.050886
6 0.326529 0.451419 0.030274 0.048089
0 0.663186 0.667154 0.037847 0.054640
6 0.567383 0.586688 0.034018 0.051458
10 0.441481 0.470688 0.041779 0.081958
0 0.609858 0.557034 0.033704 0.052110
0 0.568963 0.524077 0.035202 0.051766
0 0.657022 0.533856 0.034395 0.050847
4 0.567414 0.450410 0.042751 0.081290
2 0.528275 0.430099 0.036108 0.063108
0 0.490893 0.406055 0.030866 0.048697
0 0.568299 0.411662 0.030195 0.047642
0 0.526743 0.383864 0.030291 0.047642
1 0.827960 0.538494 0.042500 0.059355
1 0.605680 0.387333 0.034216 0.054521
5 0.566161 0.342125 0.039782 0.088383
