11 0.726852 0.453583 0.046012 0.100076
7 0.603596 0.437495 0.033886 0.054382
6 0.682459 0.492502 0.031677 0.051425
7 0.438196 0.364448 0.030288 0.049458
6 0.468515 0.387867 0.026627 0.046488
9 0.527693 0.425825 0.033151 0.065982
10 0.635592 0.496682 0.044001 0.087331
6 0.455089 0.425174 0.029623 0.049097
0 0.482702 0.448110 0.029907 0.049692
6 0.552498 0.500002 0.032087 0.052325
6 0.635850 0.563975 0.034418 0.054987
0 0.411267 0.440805 0.029907 0.049349
6 0.473915 0.492937 0.030833 0.051925
0 0.358927 0.456624 0.031518 0.051303
2 0.420109 0.509120 0.037745 0.067566
0 0.490914 0.579686 0.035202 0.056825
1 0.280048 0.449182 0.036081 0.055982
4 0.372892 0.519339 0.043482 0.090648
0 0.400096 0.569158 0.037844 0.058092
0 0.440933 0.605222 0.036925 0.057745
1 0.281650 0.526382 0.038902 0.062388
5 0.380375 0.610403 0.052040 0.118022
