11 0.725903 0.433203 0.042679 0.092140
7 0.550648 0.432693 0.032487 0.052523
6 0.702783 0.483920 0.031075 0.048482
7 0.387021 0.420906 0.033194 0.051038
1 0.433070 0.435255 0.032219 0.052725
0 0.527518 0.467781 0.030036 0.047930
10 0.676832 0.505605 0.041984 0.082903
6 0.452011 0.484044 0.029478 0.048327
9 0.547161 0.508745 0.036108 0.065903
6 0.598504 0.533986 0.031564 0.050539
6 0.715883 0.574188 0.033472 0.052014
0 0.422371 0.517741 0.031825 0.048505
6 0.522657 0.554372 0.031782 0.049544
0 0.384507 0.553978 0.032593 0.050807
2 0.489626 0.590146 0.038247 0.068829
0 0.602864 0.642007 0.035628 0.053922
4 0.460005 0.621625 0.045896 0.089494
0 0.514691 0.663279 0.036121 0.056478
0 0.577097 0.687378 0.037156 0.055675
1 0.263221 0.616564 0.043697 0.061270
5 0.545842 0.721691 0.052913 0.108819
