7 0.555501 0.335780 0.037675 0.061349
8 0.586647 0.363851 0.038981 0.069501
7 0.731022 0.518834 0.043618 0.070744
11 0.775298 0.540724 0.056594 0.112388
6 0.501109 0.353889 0.033264 0.055119
6 0.566564 0.423972 0.034511 0.058380
6 0.674645 0.541323 0.036121 0.059127
6 0.714906 0.581986 0.038423 0.060394
6 0.758504 0.628861 0.039110 0.060737
6 0.479734 0.406610 0.034990 0.057996
9 0.510929 0.432121 0.040721 0.076498
9 0.542105 0.471521 0.041412 0.077302
6 0.579512 0.516820 0.036353 0.059355
10 0.658690 0.591832 0.055906 0.100767
3 0.592684 0.617945 0.048661 0.085698
0 0.397611 0.476190 0.037272 0.059239
0 0.426771 0.515013 0.039686 0.060509
0 0.332331 0.492984 0.040146 0.061081
2 0.431171 0.620246 0.046779 0.078317
0 0.215818 0.437847 0.037067 0.058717
4 0.302067 0.544382 0.053836 0.100886
3 0.332128 0.596338 0.047067 0.083972
0 0.364598 0.650339 0.042655 0.065843
0 0.402821 0.700694 0.043896 0.064603
0 0.440974 0.753302 0.045056 0.067748
1 0.151728 0.453833 0.043231 0.067487
1 0.298545 0.668881 0.049696 0.076610
5 0.330585 0.705969 0.060046 0.125615
