7 0.767938 0.707201 0.056749 0.069785
8 0.685842 0.700309 0.051901 0.081306
9 0.601624 0.701260 0.050661 0.070813
10 0.520685 0.688252 0.058042 0.092629
11 0.439183 0.683915 0.057976 0.096971
9 0.356219 0.689797 0.052457 0.074144
8 0.279807 0.684319 0.053489 0.077533
7 0.195775 0.687252 0.060010 0.068254
6 0.759344 0.635544 0.043819 0.056749
6 0.681701 0.633484 0.042847 0.055698
6 0.600365 0.630273 0.040837 0.055982
6 0.525737 0.628355 0.040741 0.053872
6 0.449000 0.623467 0.041220 0.054831
6 0.369532 0.620207 0.039686 0.055215
6 0.295096 0.621837 0.044385 0.055599
6 0.215810 0.618712 0.045820 0.055215
0 0.728016 0.347513 0.035860 0.053776
0 0.666670 0.348472 0.034511 0.053393
0 0.598226 0.344206 0.035274 0.053108
0 0.535964 0.345116 0.034415 0.053201
0 0.472457 0.342766 0.035086 0.052728
0 0.410532 0.341715 0.035278 0.053872
0 0.345030 0.341915 0.034511 0.053009
0 0.283305 0.340552 0.038165 0.053909
1 0.723919 0.297935 0.041515 0.062808
2 0.663545 0.294099 0.037480 0.069785
3 0.599309 0.291827 0.038419 0.070169
4 0.537960 0.284936 0.042903 0.085804
5 0.479998 0.275908 0.044587 0.101042
3 0.416119 0.288608 0.038535 0.069709
2 0.356351 0.287970 0.038105 0.068459
1 0.294129 0.290055 0.042563 0.061637
