7 0.336777 0.706425 0.048409 0.073142
7 0.237369 0.482207 0.040274 0.064547
11 0.218636 0.425736 0.047761 0.103945
6 0.411190 0.688781 0.040582 0.064104
6 0.361663 0.592293 0.038929 0.059964
8 0.339048 0.543472 0.042083 0.071991
6 0.300312 0.468431 0.034798 0.054640
6 0.279940 0.435167 0.034702 0.054640
6 0.451194 0.616146 0.039094 0.060956
9 0.425696 0.565155 0.042946 0.076402
9 0.405327 0.522209 0.043810 0.077361
6 0.379506 0.492616 0.034282 0.055906
10 0.339403 0.403535 0.044765 0.087903
6 0.322743 0.388867 0.029812 0.051571
0 0.547247 0.534259 0.037040 0.057976
0 0.521824 0.496414 0.036353 0.057517
0 0.610223 0.523905 0.035771 0.057288
2 0.528515 0.405853 0.037626 0.066303
3 0.505595 0.372111 0.039206 0.070169
0 0.732563 0.587922 0.039114 0.059243
4 0.635511 0.451516 0.044977 0.090532
3 0.607745 0.421786 0.039015 0.072374
0 0.581986 0.398290 0.032669 0.052917
0 0.553859 0.366369 0.032784 0.050959
0 0.530106 0.337154 0.032672 0.049573
1 0.793808 0.565255 0.045374 0.069577
1 0.631781 0.382632 0.037226 0.058717
5 0.606969 0.331562 0.042563 0.098065
