7 0.703021 0.362812 0.043039 0.067007
11 0.804501 0.422436 0.059907 0.116366
6 0.696774 0.434888 0.039342 0.061290
6 0.747090 0.473606 0.040033 0.061703
7 0.429387 0.274190 0.039302 0.064610
6 0.470210 0.312230 0.034110 0.058079
9 0.549501 0.376424 0.042943 0.080427
6 0.595246 0.420670 0.037821 0.060460
6 0.739221 0.549944 0.041134 0.062255
6 0.456242 0.373419 0.036577 0.061290
0 0.493135 0.409413 0.038995 0.060737
10 0.589213 0.479193 0.055569 0.103876
0 0.401685 0.399752 0.037616 0.060046
0 0.337207 0.425921 0.039110 0.062001
4 0.422115 0.501888 0.054296 0.106177
2 0.465723 0.553480 0.047047 0.082021
0 0.511308 0.610035 0.044560 0.066921
0 0.401898 0.595706 0.043730 0.067087
0 0.452173 0.646973 0.044557 0.065599
1 0.178780 0.445617 0.047262 0.071419
1 0.250369 0.534906 0.047688 0.074931
5 0.381647 0.666434 0.062255 0.126994
