11 0.666470 0.675845 0.067087 0.139640
6 0.593117 0.669287 0.044864 0.071227
9 0.635028 0.510838 0.047854 0.089726
10 0.522077 0.614274 0.059934 0.118138
6 0.606326 0.456986 0.038823 0.063462
6 0.408155 0.646473 0.044001 0.069884
0 0.547457 0.430594 0.039755 0.064878
6 0.472255 0.497851 0.041124 0.066336
0 0.433024 0.533365 0.043621 0.070261
0 0.489550 0.404299 0.040172 0.063360
2 0.407827 0.463140 0.048697 0.083588
0 0.302108 0.479129 0.043343 0.068191
0 0.257184 0.517665 0.041220 0.067870
4 0.331496 0.372591 0.049831 0.102424
5 0.190696 0.461114 0.058112 0.131964
