11 0.199226 0.359215 0.054802 0.115261
7 0.290565 0.460678 0.044974 0.071415
6 0.280813 0.415094 0.038730 0.060294
6 0.268543 0.376176 0.037192 0.060294
7 0.423436 0.661647 0.053029 0.080522
6 0.404886 0.602857 0.042946 0.068922
9 0.377882 0.487844 0.047278 0.086964
10 0.338986 0.351288 0.048879 0.096167
6 0.328791 0.328771 0.034990 0.056941
6 0.463985 0.531291 0.041700 0.064792
0 0.450676 0.484117 0.041524 0.063267
6 0.434334 0.435465 0.038059 0.062312
0 0.534649 0.518742 0.041984 0.064878
0 0.611147 0.514198 0.041296 0.064302
0 0.532341 0.337280 0.035476 0.058667
1 0.710737 0.546546 0.050807 0.076769
4 0.627746 0.392178 0.049580 0.100182
0 0.613026 0.366268 0.037269 0.059494
0 0.588869 0.327209 0.035337 0.057824
2 0.569942 0.287154 0.040261 0.071095
1 0.726047 0.433069 0.045632 0.071131
5 0.653500 0.292771 0.047622 0.111349
