7 0.864086 0.767108 0.073218 0.060777
7 0.380782 0.777333 0.057517 0.060394
11 0.276609 0.779679 0.080526 0.072586
6 0.852956 0.670526 0.058208 0.052110
6 0.378705 0.679988 0.049282 0.050248
6 0.288289 0.686615 0.052040 0.051075
6 0.743732 0.580456 0.052569 0.050728
9 0.564236 0.580605 0.057288 0.061660
6 0.474616 0.589195 0.050026 0.049527
6 0.197806 0.592541 0.054388 0.050109
6 0.645840 0.493019 0.048426 0.051534
10 0.370754 0.492312 0.066534 0.078684
0 0.828031 0.397283 0.055460 0.060030
0 0.642275 0.406825 0.048102 0.060430
0 0.557796 0.408317 0.048502 0.061819
0 0.646748 0.323737 0.048700 0.061620
4 0.460040 0.312746 0.061124 0.096405
2 0.378689 0.321518 0.052682 0.079259
0 0.291415 0.328221 0.049140 0.061541
0 0.377525 0.246644 0.047708 0.062017
0 0.288077 0.251534 0.048185 0.061779
1 0.803562 0.153439 0.061429 0.077163
1 0.377573 0.167244 0.051488 0.075784
5 0.281787 0.152882 0.070565 0.107338
