7 0.580375 0.187396 0.037305 0.060949
8 0.613477 0.217507 0.038151 0.069597
11 0.730941 0.322887 0.057054 0.106058
7 0.869137 0.477606 0.053776 0.066720
6 0.529034 0.210585 0.032308 0.053393
6 0.561607 0.245633 0.033168 0.054448
6 0.597892 0.285127 0.034031 0.056749
6 0.715010 0.414679 0.037824 0.055906
6 0.761667 0.460299 0.041138 0.056597
6 0.810878 0.512272 0.043760 0.057011
9 0.544773 0.301042 0.040493 0.073968
9 0.579340 0.344696 0.041524 0.074312
6 0.619210 0.392316 0.036720 0.056181
10 0.664155 0.427145 0.059494 0.095109
0 0.437373 0.357024 0.036908 0.056078
0 0.374344 0.379502 0.037384 0.057517
2 0.481430 0.524529 0.045149 0.073813
0 0.256728 0.322320 0.036505 0.057034
0 0.348300 0.458338 0.039206 0.057708
3 0.382032 0.504721 0.047212 0.074679
0 0.417063 0.563821 0.041872 0.059587
0 0.459051 0.622315 0.042103 0.057401
0 0.501095 0.683570 0.044286 0.060506
1 0.192171 0.344936 0.046491 0.066048
3 0.249554 0.430534 0.047163 0.078337
4 0.281015 0.472475 0.055218 0.095936
5 0.316781 0.520319 0.055215 0.109190
1 0.424011 0.720243 0.051766 0.075347
