11 0.742490 0.473958 0.042103 0.085813
7 0.626777 0.459886 0.030837 0.049263
6 0.665499 0.488292 0.027903 0.044322
6 0.704916 0.512452 0.028846 0.045380
7 0.467520 0.393522 0.027738 0.044749
6 0.497736 0.416050 0.024163 0.040942
9 0.557525 0.453768 0.030155 0.057583
6 0.592546 0.481951 0.027017 0.043882
6 0.705875 0.563762 0.029891 0.046267
6 0.491280 0.455493 0.026164 0.043003
0 0.519408 0.478065 0.028069 0.044173
0 0.453955 0.474557 0.026687 0.043366
10 0.588811 0.572131 0.040103 0.078204
0 0.409378 0.493595 0.028413 0.044861
2 0.508201 0.574325 0.034616 0.061779
0 0.544187 0.612032 0.032851 0.049692
1 0.337804 0.490468 0.032421 0.050790
4 0.429683 0.563512 0.038585 0.078525
0 0.463641 0.606098 0.031885 0.050522
0 0.503533 0.640607 0.032993 0.050248
1 0.351032 0.569879 0.034418 0.055519
5 0.453937 0.654382 0.046300 0.099312
