11 0.636432 0.633256 0.051534 0.097550
7 0.672917 0.539478 0.038743 0.059180
6 0.589603 0.610509 0.034590 0.050966
7 0.770380 0.402462 0.037480 0.052391
6 0.734390 0.430903 0.030513 0.045767
10 0.544182 0.558434 0.043376 0.083072
6 0.656033 0.428724 0.030195 0.045933
0 0.620205 0.451412 0.031739 0.047507
9 0.585822 0.473656 0.035274 0.063938
6 0.545149 0.506705 0.031885 0.047397
6 0.455526 0.571477 0.032910 0.050248
0 0.617149 0.401202 0.029563 0.046703
6 0.542963 0.451291 0.030390 0.047642
0 0.581496 0.374512 0.030010 0.045784
2 0.503309 0.417102 0.034150 0.060645
0 0.419906 0.474816 0.032113 0.049177
1 0.576558 0.327736 0.031792 0.050486
4 0.469793 0.387209 0.036908 0.076290
0 0.425489 0.421376 0.030675 0.047533
0 0.383433 0.448545 0.030291 0.047440
1 0.537774 0.306526 0.029795 0.049448
5 0.344588 0.401607 0.041220 0.089914
