7 0.361154 0.772462 0.045245 0.068634
8 0.336230 0.719251 0.045820 0.073429
7 0.249945 0.531508 0.039110 0.062116
11 0.230508 0.474436 0.046935 0.096353
6 0.430395 0.752960 0.038879 0.057976
6 0.377884 0.651396 0.036925 0.055675
6 0.311634 0.516055 0.033743 0.051958
6 0.289392 0.478333 0.033168 0.052242
6 0.269263 0.438743 0.032209 0.050516
6 0.466229 0.676703 0.036465 0.055675
9 0.440423 0.624512 0.042103 0.071505
9 0.416748 0.577784 0.040308 0.072745
6 0.391404 0.542460 0.034058 0.052685
10 0.369350 0.486434 0.043231 0.086465
3 0.405331 0.435906 0.039226 0.067063
0 0.557432 0.589476 0.037226 0.054481
0 0.531791 0.547776 0.035790 0.053522
0 0.618505 0.577731 0.035708 0.053684
2 0.535364 0.446526 0.036746 0.064640
0 0.737156 0.647207 0.037784 0.055360
3 0.615030 0.466035 0.039015 0.068829
0 0.588421 0.436759 0.032497 0.050999
0 0.559861 0.400428 0.032130 0.049845
0 0.535073 0.365962 0.030675 0.049187
1 0.796318 0.623186 0.043694 0.064547
4 0.697998 0.484929 0.043714 0.084263
1 0.638545 0.420051 0.037546 0.058515
5 0.612626 0.365832 0.042467 0.093370
