7 0.657776 0.670668 0.048026 0.075728
11 0.231827 0.537434 0.054983 0.116759
6 0.330260 0.532310 0.037946 0.060235
6 0.266473 0.518490 0.038185 0.059435
7 0.695112 0.572923 0.043776 0.069960
6 0.621037 0.557998 0.038277 0.060645
9 0.489185 0.513639 0.043714 0.081286
6 0.424347 0.508161 0.038026 0.058717
6 0.239162 0.458882 0.036187 0.057037
6 0.573160 0.496040 0.036081 0.057847
10 0.381640 0.433031 0.046396 0.093370
0 0.592879 0.455255 0.036121 0.058320
0 0.534385 0.440473 0.036925 0.058439
0 0.619279 0.420860 0.035317 0.057169
4 0.490511 0.373869 0.045784 0.092143
2 0.434182 0.369936 0.039494 0.071128
0 0.377574 0.362515 0.034415 0.055407
0 0.456850 0.343871 0.033456 0.054355
0 0.396796 0.331696 0.034127 0.053009
1 0.705245 0.360387 0.039306 0.062407
1 0.588352 0.331691 0.038277 0.060579
5 0.418667 0.276576 0.044299 0.102034
