11 0.419268 0.603037 0.069573 0.127417
7 0.552530 0.486567 0.051958 0.080522
6 0.467528 0.519754 0.045896 0.068674
6 0.390642 0.552722 0.049464 0.069478
7 0.793586 0.332474 0.056558 0.075648
6 0.722221 0.360203 0.044058 0.064878
9 0.583857 0.395888 0.049970 0.089593
10 0.360387 0.464031 0.060509 0.113075
6 0.276020 0.509623 0.048409 0.069259
6 0.614264 0.330468 0.041412 0.064534
0 0.549327 0.348654 0.041604 0.066045
0 0.581758 0.280468 0.039686 0.066432
6 0.447201 0.321577 0.041141 0.067024
0 0.555443 0.234658 0.038439 0.064897
0 0.274410 0.311806 0.043614 0.067963
1 0.581645 0.172130 0.042338 0.072216
4 0.393654 0.214203 0.050245 0.107394
0 0.321640 0.245671 0.041124 0.065761
0 0.248884 0.267133 0.040261 0.066144
1 0.423914 0.164046 0.043614 0.072186
2 0.298983 0.193775 0.043138 0.083628
5 0.220084 0.192629 0.061842 0.128102
