7 0.782521 0.436346 0.035182 0.055311
8 0.760208 0.463793 0.037718 0.060311
11 0.676209 0.548304 0.045784 0.099616
7 0.583456 0.685066 0.041124 0.067487
6 0.731002 0.420008 0.029716 0.046961
6 0.679813 0.479153 0.031445 0.049471
6 0.590050 0.580511 0.033631 0.052483
6 0.561167 0.618656 0.034663 0.053839
6 0.525141 0.660116 0.034659 0.054960
6 0.655033 0.431409 0.028856 0.047738
9 0.629669 0.451857 0.035470 0.066240
9 0.600096 0.481862 0.036521 0.067579
6 0.572393 0.521348 0.031538 0.050711
10 0.538659 0.543557 0.043806 0.085314
0 0.535580 0.420561 0.029679 0.048317
0 0.506248 0.447363 0.031286 0.049236
0 0.493019 0.401179 0.029220 0.047278
2 0.393583 0.484884 0.036267 0.063108
0 0.504868 0.337796 0.027837 0.045208
3 0.381658 0.434995 0.034415 0.064514
0 0.348031 0.469897 0.032113 0.049848
0 0.312034 0.503161 0.032209 0.049656
0 0.272932 0.536141 0.033687 0.051925
1 0.462794 0.320369 0.030489 0.049659
3 0.404041 0.361949 0.032784 0.061829
4 0.373874 0.382234 0.036333 0.076306
1 0.307021 0.448203 0.034616 0.055387
5 0.263694 0.462614 0.043618 0.095956
