7 0.507626 0.192093 0.036746 0.061508
8 0.546481 0.217440 0.037771 0.071799
9 0.589474 0.248170 0.039015 0.074858
10 0.633347 0.276184 0.046819 0.094325
11 0.681086 0.304757 0.054064 0.109163
9 0.731481 0.357799 0.043942 0.073853
7 0.840471 0.439453 0.050817 0.068158
6 0.459479 0.220149 0.032034 0.054398
6 0.499062 0.250873 0.033714 0.055040
6 0.541721 0.285618 0.034190 0.057269
6 0.584977 0.318294 0.034431 0.056157
6 0.680238 0.397259 0.036905 0.057679
6 0.732323 0.435203 0.038502 0.058158
6 0.789239 0.479539 0.041138 0.058158
6 0.581862 0.386554 0.036508 0.058155
8 0.634001 0.423052 0.045536 0.075251
0 0.392961 0.374307 0.036425 0.057517
2 0.333550 0.402087 0.046703 0.075575
0 0.198628 0.361878 0.038981 0.058717
0 0.237171 0.397945 0.039064 0.059435
0 0.318581 0.486073 0.041303 0.060314
0 0.361119 0.532366 0.041220 0.060552
0 0.408570 0.581176 0.042979 0.062629
0 0.462133 0.633938 0.043538 0.061270
0 0.515134 0.688578 0.046333 0.063505
1 0.134435 0.392298 0.051574 0.068829
3 0.211939 0.470804 0.048866 0.081720
4 0.253942 0.509254 0.061455 0.100380
5 0.292141 0.552606 0.060460 0.114709
3 0.343671 0.618216 0.051766 0.079924
2 0.392343 0.674357 0.052801 0.081445
1 0.444509 0.736475 0.052040 0.078684
