11 0.192796 0.414669 0.051650 0.110661
7 0.324382 0.494069 0.043618 0.068780
6 0.289010 0.452538 0.037384 0.057900
6 0.255362 0.416829 0.035850 0.058188
7 0.546865 0.650534 0.047163 0.073046
6 0.499630 0.601572 0.040344 0.062318
9 0.422183 0.501946 0.044173 0.081214
6 0.287133 0.359021 0.033856 0.055304
6 0.516925 0.525564 0.037063 0.059521
0 0.482110 0.484373 0.037672 0.058284
6 0.442290 0.441705 0.035466 0.057133
0 0.572459 0.498991 0.037001 0.059722
10 0.425610 0.334084 0.044097 0.091548
0 0.633186 0.479964 0.037100 0.059239
2 0.513016 0.358299 0.039015 0.071128
0 0.479676 0.331217 0.033836 0.055794
1 0.731739 0.489732 0.047454 0.069339
0 0.564512 0.345021 0.034415 0.055790
0 0.525306 0.312285 0.034223 0.054160
1 0.692999 0.386614 0.041541 0.064173
4 0.616348 0.310607 0.042569 0.088575
5 0.575360 0.270327 0.044173 0.102837
