7 0.257654 0.263604 0.043938 0.067341
7 0.429324 0.196047 0.038423 0.064706
11 0.483080 0.152639 0.044977 0.112731
6 0.160852 0.361224 0.041220 0.062388
6 0.466878 0.232778 0.034702 0.058664
6 0.515863 0.209387 0.034127 0.057517
0 0.267394 0.376090 0.043234 0.062616
9 0.389628 0.312234 0.043826 0.081214
6 0.445061 0.292402 0.037100 0.060777
6 0.604630 0.221754 0.034511 0.056941
6 0.367174 0.386586 0.039110 0.062404
10 0.546579 0.284385 0.047854 0.101111
0 0.404051 0.431996 0.042903 0.062450
0 0.464993 0.403373 0.042103 0.061839
0 0.439086 0.487323 0.044064 0.063773
4 0.576200 0.401706 0.054987 0.103757
2 0.629724 0.380494 0.048085 0.079831
0 0.684752 0.358924 0.041548 0.061842
0 0.676953 0.432776 0.042794 0.064051
0 0.733687 0.398404 0.043069 0.062946
1 0.394775 0.677865 0.057149 0.081498
1 0.727839 0.475190 0.053872 0.074772
5 0.797060 0.422049 0.070536 0.120784
