11 0.751071 0.470266 0.050384 0.116644
6 0.690021 0.504261 0.036558 0.059845
9 0.551369 0.409008 0.038439 0.077070
10 0.625192 0.496586 0.048776 0.100076
6 0.469330 0.394096 0.032993 0.056240
6 0.538485 0.486090 0.036905 0.059831
6 0.594603 0.561635 0.037388 0.061591
0 0.412935 0.401959 0.035314 0.056941
6 0.455949 0.464552 0.035787 0.059593
0 0.349322 0.409034 0.036005 0.058208
2 0.388489 0.470761 0.041858 0.073413
0 0.432846 0.548603 0.040030 0.063614
4 0.330473 0.468720 0.048313 0.100079
0 0.345248 0.522722 0.039226 0.063611
0 0.370843 0.561200 0.039802 0.063267
5 0.298284 0.546837 0.055906 0.128237
