7 0.685737 0.588712 0.035549 0.056452
7 0.532865 0.638646 0.037411 0.060976
11 0.476202 0.641354 0.045784 0.100883
6 0.503350 0.603924 0.030357 0.050394
6 0.452393 0.622930 0.032834 0.050926
6 0.666849 0.513383 0.029015 0.045099
9 0.576095 0.532340 0.033948 0.063826
6 0.530177 0.555240 0.030222 0.047067
6 0.375096 0.601012 0.031230 0.049372
6 0.593239 0.497240 0.027569 0.044382
10 0.450972 0.525648 0.038664 0.077169
0 0.569089 0.469681 0.028118 0.045294
0 0.526989 0.481065 0.028760 0.046495
0 0.549117 0.444797 0.026680 0.043297
4 0.454276 0.456209 0.035661 0.073621
2 0.411343 0.474577 0.031290 0.057917
0 0.363156 0.491753 0.028356 0.046171
0 0.391396 0.454487 0.028122 0.044015
0 0.343945 0.467388 0.028598 0.044894
1 0.579259 0.378996 0.028347 0.045433
1 0.499734 0.398401 0.029891 0.046399
5 0.323694 0.422598 0.037308 0.085314
