11 0.206405 0.525055 0.067361 0.102979
7 0.371288 0.564368 0.044018 0.066382
6 0.264891 0.501506 0.038664 0.056875
7 0.654064 0.664840 0.047738 0.069501
6 0.585936 0.626948 0.040179 0.058876
9 0.471090 0.545622 0.043469 0.075509
10 0.313406 0.444516 0.054835 0.089726
6 0.566070 0.539778 0.037146 0.054960
0 0.514729 0.506903 0.037269 0.055493
6 0.409089 0.448049 0.034349 0.052963
6 0.308557 0.389471 0.034415 0.051283
0 0.605213 0.495445 0.037133 0.057146
6 0.496265 0.435121 0.034216 0.055387
0 0.649248 0.458037 0.036855 0.055215
2 0.538861 0.390947 0.039223 0.070460
0 0.440460 0.344416 0.033935 0.053588
1 0.741432 0.441141 0.045437 0.065337
4 0.571711 0.351491 0.042946 0.087235
0 0.524051 0.336604 0.033935 0.052533
0 0.474155 0.312735 0.031921 0.051574
1 0.770891 0.398590 0.043251 0.062808
5 0.509792 0.258254 0.043135 0.099054
