7 0.677503 0.306468 0.035615 0.058181
7 0.762168 0.495076 0.041941 0.067103
11 0.784858 0.523495 0.052593 0.111534
6 0.620805 0.315437 0.031088 0.050728
6 0.648763 0.385169 0.032421 0.053988
6 0.695828 0.506958 0.036214 0.056786
6 0.716939 0.552146 0.037100 0.057897
6 0.576969 0.357741 0.032219 0.052388
9 0.600792 0.422045 0.040261 0.074196
6 0.617517 0.468914 0.035999 0.056319
8 0.633580 0.510245 0.043330 0.071991
10 0.647819 0.548338 0.049692 0.096743
6 0.662826 0.608628 0.040069 0.060106
0 0.471728 0.404676 0.034051 0.054180
0 0.478801 0.442404 0.034163 0.055331
9 0.488638 0.474787 0.042791 0.075460
0 0.409322 0.409392 0.034167 0.054411
3 0.417054 0.444988 0.041382 0.075010
2 0.432778 0.535041 0.043598 0.072239
3 0.441589 0.579628 0.046359 0.082133
0 0.337642 0.348067 0.032354 0.052563
4 0.353105 0.446212 0.045437 0.092371
0 0.364337 0.548313 0.039203 0.059769
0 0.374550 0.599251 0.040033 0.059494
0 0.381797 0.652465 0.042100 0.064051
1 0.277057 0.352057 0.038247 0.059815
1 0.297647 0.553690 0.043522 0.071607
5 0.298312 0.588510 0.054388 0.116505
