7 0.873547 0.308009 0.044957 0.069881
7 0.754972 0.523148 0.047510 0.080754
11 0.723899 0.555255 0.062447 0.137321
6 0.805744 0.295096 0.037943 0.060952
6 0.759203 0.371807 0.041779 0.065023
6 0.674965 0.505155 0.042331 0.068558
6 0.648395 0.556402 0.045784 0.070284
6 0.714755 0.318102 0.037626 0.062388
9 0.661437 0.383816 0.047166 0.088095
6 0.636303 0.435658 0.040357 0.066336
6 0.535374 0.581134 0.043366 0.070284
10 0.529783 0.445673 0.054983 0.108819
0 0.563762 0.319694 0.038099 0.061981
0 0.533461 0.355031 0.039620 0.063634
0 0.504955 0.301197 0.038099 0.061151
4 0.432250 0.364516 0.050797 0.105876
2 0.399671 0.414337 0.047278 0.081326
0 0.360723 0.464079 0.041888 0.066716
0 0.503614 0.224471 0.034590 0.058796
0 0.335982 0.401772 0.041409 0.065569
0 0.297693 0.447113 0.041028 0.064993
1 0.446338 0.208189 0.038185 0.063350
1 0.277464 0.379845 0.044815 0.072136
5 0.227664 0.400503 0.058806 0.127685
