7 0.384874 0.285827 0.038267 0.060443
11 0.415901 0.233437 0.042675 0.105830
6 0.437968 0.304155 0.033231 0.054401
6 0.464370 0.272201 0.032192 0.053760
7 0.311854 0.528237 0.049368 0.072183
6 0.355777 0.480529 0.039590 0.061157
9 0.429664 0.387194 0.041604 0.078310
6 0.458697 0.356758 0.034590 0.056558
6 0.545332 0.257063 0.030995 0.053201
6 0.454944 0.454024 0.038155 0.059914
10 0.549692 0.316531 0.045728 0.095767
0 0.515489 0.476065 0.040721 0.061151
0 0.546961 0.434516 0.039894 0.060599
0 0.579034 0.507178 0.041316 0.062979
4 0.644638 0.394911 0.050936 0.098697
2 0.667502 0.367530 0.043370 0.069940
0 0.691066 0.335127 0.037192 0.057708
0 0.730532 0.390947 0.038823 0.059435
0 0.751316 0.349555 0.037672 0.058376
1 0.698224 0.601734 0.052731 0.078681
1 0.757855 0.496825 0.048866 0.073988
5 0.823122 0.343077 0.058254 0.115122
