11 0.181655 0.429902 0.061425 0.114435
10 0.291328 0.440197 0.054745 0.101802
6 0.244205 0.419024 0.038634 0.061257
6 0.545656 0.489367 0.038919 0.061353
4 0.493692 0.440352 0.051214 0.099249
6 0.307166 0.317702 0.034669 0.056958
0 0.595329 0.451769 0.039481 0.062943
6 0.493652 0.381448 0.036141 0.060106
9 0.451447 0.341477 0.041524 0.080063
0 0.650822 0.420876 0.040169 0.062394
2 0.546577 0.342960 0.043022 0.076839
0 0.544215 0.287819 0.036306 0.058528
0 0.495141 0.259109 0.034785 0.057146
5 0.540678 0.205933 0.046819 0.108247
