7 0.165243 0.255382 0.048026 0.067583
8 0.229954 0.232950 0.042103 0.075648
11 0.421733 0.163509 0.046587 0.110661
9 0.481999 0.158621 0.039917 0.076151
7 0.593805 0.129218 0.039302 0.064468
6 0.187194 0.308588 0.039798 0.059239
6 0.254086 0.288343 0.038304 0.058552
6 0.322414 0.267865 0.037156 0.057860
6 0.509661 0.211123 0.034798 0.057133
6 0.565068 0.191473 0.034223 0.056941
6 0.623447 0.173547 0.036333 0.055982
9 0.347730 0.309451 0.044864 0.077024
6 0.473905 0.274246 0.036329 0.059147
10 0.537664 0.239200 0.048429 0.098697
0 0.404656 0.419620 0.040860 0.058254
0 0.427130 0.481103 0.042103 0.059216
2 0.635470 0.398242 0.049848 0.077265
0 0.316434 0.599550 0.046703 0.060278
0 0.534638 0.513231 0.044401 0.058664
3 0.606953 0.480231 0.048178 0.076197
0 0.670575 0.461556 0.043208 0.060321
0 0.736488 0.433396 0.045000 0.058115
0 0.799504 0.409102 0.046243 0.058390
1 0.346652 0.666040 0.053032 0.072239
3 0.499368 0.602391 0.051878 0.077302
4 0.571587 0.562436 0.059907 0.098006
5 0.642568 0.529803 0.062946 0.105050
1 0.846138 0.465479 0.059537 0.069497
