11 0.401713 0.239699 0.038538 0.093657
7 0.387556 0.331753 0.036680 0.057183
6 0.419555 0.302731 0.029957 0.048968
6 0.445397 0.275053 0.028757 0.049048
7 0.301943 0.483604 0.039878 0.062573
6 0.339848 0.447298 0.033684 0.054187
9 0.407703 0.372245 0.037192 0.070747
6 0.435450 0.348067 0.029478 0.050327
6 0.519712 0.264109 0.028710 0.047609
6 0.427221 0.428325 0.032153 0.053390
0 0.457601 0.396898 0.032325 0.053029
0 0.477510 0.447776 0.033393 0.053601
10 0.591306 0.305172 0.040549 0.082632
0 0.530544 0.473763 0.035149 0.055040
2 0.617330 0.362282 0.035817 0.063909
0 0.642851 0.336610 0.032209 0.050959
1 0.561405 0.530934 0.041872 0.066028
0 0.672067 0.384314 0.033935 0.052682
0 0.694702 0.350357 0.031693 0.051534
1 0.681939 0.469218 0.038905 0.062946
4 0.728593 0.388237 0.043482 0.088459
5 0.753223 0.345134 0.045896 0.102146
