7 0.819654 0.672424 0.062232 0.086157
7 0.373558 0.666328 0.053261 0.085698
11 0.279170 0.646574 0.071892 0.133512
6 0.800665 0.608666 0.046971 0.069018
6 0.631997 0.607085 0.044769 0.067583
6 0.380689 0.602646 0.044289 0.068558
6 0.298786 0.605405 0.048657 0.068099
6 0.700683 0.548370 0.043522 0.064993
9 0.547419 0.535030 0.049692 0.089497
6 0.470513 0.546323 0.041779 0.065185
10 0.303965 0.526506 0.062348 0.108819
6 0.235577 0.542196 0.044633 0.065456
0 0.612698 0.444453 0.038995 0.062695
0 0.545463 0.443130 0.038419 0.063271
8 0.468403 0.432765 0.042791 0.081329
0 0.615747 0.402121 0.037500 0.058780
4 0.471104 0.382991 0.046819 0.099501
2 0.408069 0.391849 0.041296 0.077189
3 0.340418 0.389836 0.042907 0.080638
0 0.736247 0.364615 0.037196 0.057993
0 0.412439 0.360761 0.035949 0.057229
0 0.344525 0.361048 0.036802 0.057229
0 0.279577 0.359514 0.036521 0.057996
1 0.727391 0.324380 0.041548 0.063826
1 0.417731 0.322887 0.038439 0.063843
5 0.350402 0.298557 0.045896 0.110314
