11 0.774491 0.350298 0.048730 0.112778
7 0.629246 0.376341 0.038479 0.061247
6 0.755050 0.400594 0.034947 0.057517
7 0.387583 0.358753 0.035893 0.058690
6 0.442598 0.370989 0.031690 0.054187
0 0.554167 0.391865 0.034828 0.057116
10 0.734732 0.410326 0.051382 0.099990
6 0.471356 0.405638 0.033684 0.058380
9 0.586597 0.418247 0.043366 0.082017
6 0.649372 0.441235 0.036349 0.060949
6 0.792684 0.469977 0.040420 0.063750
0 0.442474 0.432862 0.036825 0.059831
6 0.565913 0.459813 0.036905 0.062212
0 0.402932 0.463752 0.038423 0.062860
2 0.533776 0.488729 0.045668 0.084203
0 0.678677 0.530589 0.040033 0.068604
1 0.305899 0.482111 0.046012 0.072662
4 0.506501 0.510491 0.054663 0.114851
0 0.577564 0.551227 0.044587 0.071230
0 0.656453 0.570346 0.046935 0.072470
1 0.267503 0.519256 0.048591 0.076210
5 0.632237 0.585605 0.066591 0.155840
