7 0.267935 0.268395 0.043218 0.067331
7 0.596615 0.275222 0.041062 0.067341
11 0.665569 0.253454 0.052341 0.116644
6 0.258022 0.313765 0.036825 0.060552
6 0.397083 0.315989 0.035747 0.060245
6 0.601946 0.320260 0.035182 0.060294
6 0.667950 0.318585 0.037388 0.060622
6 0.325124 0.360217 0.038905 0.061749
9 0.464165 0.355086 0.044481 0.083108
6 0.533242 0.361470 0.037768 0.062120
8 0.607285 0.354711 0.043234 0.081181
10 0.683272 0.347619 0.057285 0.103069
6 0.744173 0.365440 0.039590 0.061065
0 0.387131 0.460488 0.041987 0.065109
0 0.461280 0.463216 0.042275 0.063938
3 0.541774 0.456870 0.049752 0.087040
0 0.372809 0.521801 0.045552 0.067642
2 0.623547 0.515807 0.048773 0.090185
3 0.705542 0.515451 0.056825 0.091796
0 0.197819 0.588206 0.051624 0.071505
4 0.461445 0.571063 0.059907 0.115539
0 0.631496 0.589049 0.046657 0.069712
0 0.721070 0.588027 0.049144 0.069435
0 0.806792 0.587958 0.050522 0.069573
1 0.177865 0.659367 0.065685 0.085354
1 0.638439 0.653914 0.057698 0.086273
5 0.742120 0.640347 0.078519 0.134570
