7 0.505422 0.235398 0.031875 0.052007
8 0.543105 0.255228 0.032017 0.060106
9 0.584997 0.279711 0.032976 0.062503
10 0.627118 0.301336 0.041220 0.079563
11 0.672758 0.322672 0.044517 0.088333
9 0.719816 0.363196 0.036809 0.060969
7 0.819516 0.422975 0.043218 0.055519
6 0.468826 0.264805 0.028677 0.045933
6 0.507722 0.288962 0.028836 0.045853
6 0.550020 0.316290 0.029874 0.046971
6 0.683198 0.401329 0.031058 0.048122
6 0.731943 0.428938 0.033456 0.048313
6 0.784329 0.461577 0.034894 0.048029
6 0.600901 0.401042 0.030962 0.047930
0 0.646847 0.431306 0.033264 0.048505
0 0.440726 0.407872 0.030506 0.046935
6 0.397454 0.443504 0.032824 0.048171
0 0.272674 0.414659 0.032437 0.048889
0 0.312419 0.442727 0.033013 0.049117
0 0.398543 0.511883 0.034626 0.049924
0 0.490394 0.583624 0.036303 0.051349
0 0.543745 0.622482 0.036167 0.050109
0 0.596338 0.662859 0.037550 0.051353
1 0.224263 0.447482 0.041700 0.057675
3 0.307335 0.509722 0.040608 0.066951
4 0.352070 0.538699 0.045899 0.081789
5 0.393428 0.572842 0.048436 0.092761
3 0.444869 0.622459 0.041412 0.064322
2 0.495109 0.663105 0.042851 0.067388
1 0.547440 0.709251 0.042467 0.062596
