11 0.763022 0.443439 0.050040 0.111237
7 0.657452 0.409372 0.037146 0.059048
6 0.678247 0.442551 0.032884 0.054256
6 0.702746 0.472308 0.034084 0.056118
7 0.538983 0.315688 0.034071 0.052149
6 0.553575 0.341002 0.029180 0.048651
9 0.583292 0.381678 0.035658 0.070651
6 0.661040 0.510286 0.035215 0.058449
6 0.515865 0.368419 0.030155 0.050794
0 0.527675 0.392123 0.031634 0.052163
6 0.543457 0.421475 0.033687 0.053591
0 0.463274 0.371622 0.031634 0.051571
10 0.519306 0.472189 0.045820 0.094901
0 0.405326 0.373970 0.031154 0.052629
0 0.453609 0.495561 0.036696 0.059587
1 0.338424 0.353507 0.035308 0.055757
0 0.377285 0.468185 0.034279 0.058896
0 0.392816 0.503039 0.037040 0.060046
2 0.407526 0.533004 0.043942 0.074884
1 0.295112 0.411222 0.037864 0.061908
4 0.312224 0.455403 0.047278 0.096396
5 0.322495 0.484153 0.051214 0.119954
