7 0.817758 0.301958 0.042421 0.065906
7 0.730561 0.511769 0.045552 0.076382
11 0.707667 0.543661 0.060599 0.127824
6 0.753165 0.291753 0.035661 0.057037
6 0.652801 0.497583 0.042083 0.064993
6 0.634107 0.546951 0.043042 0.065569
6 0.670774 0.316531 0.035179 0.058280
9 0.629074 0.382108 0.043618 0.081961
6 0.610053 0.432224 0.038664 0.061829
6 0.531576 0.575527 0.042755 0.066048
0 0.631718 0.266386 0.035149 0.056958
6 0.587030 0.338272 0.036138 0.058952
10 0.512908 0.446121 0.050499 0.103300
0 0.528391 0.323558 0.035757 0.059530
0 0.504140 0.358834 0.038056 0.059719
0 0.469678 0.307310 0.036233 0.058092
4 0.408867 0.371293 0.050797 0.099802
2 0.384294 0.420895 0.043714 0.076207
0 0.352118 0.470018 0.040308 0.063634
0 0.320184 0.410818 0.038767 0.061313
0 0.289067 0.456267 0.040033 0.062235
1 0.402636 0.217999 0.037864 0.061429
1 0.261728 0.391579 0.042655 0.069421
5 0.219312 0.414540 0.055767 0.120648
