7 0.557755 0.676085 0.045728 0.075919
7 0.348446 0.632416 0.045899 0.072007
11 0.281333 0.598132 0.054940 0.118849
6 0.376128 0.593251 0.037388 0.060007
6 0.314681 0.583666 0.037192 0.059435
6 0.659732 0.602895 0.038426 0.061353
9 0.527884 0.568146 0.042275 0.080618
6 0.464704 0.568011 0.035149 0.057437
6 0.287793 0.535352 0.034415 0.054640
6 0.604332 0.551331 0.035628 0.056478
10 0.420665 0.505117 0.043135 0.089726
0 0.618244 0.517073 0.034279 0.055675
0 0.561073 0.507467 0.034739 0.055562
0 0.637743 0.489178 0.033244 0.053489
4 0.515584 0.454560 0.040453 0.085602
2 0.463778 0.455582 0.035228 0.065985
0 0.411587 0.453057 0.030483 0.049580
0 0.481124 0.436491 0.031290 0.049808
0 0.427118 0.429648 0.031174 0.048542
1 0.766584 0.446443 0.037943 0.057675
1 0.496896 0.410590 0.037067 0.053442
5 0.444878 0.383557 0.039206 0.093945
