7 0.380486 0.690895 0.048287 0.071511
8 0.349258 0.635708 0.046591 0.076303
9 0.318160 0.581888 0.046703 0.076739
10 0.291782 0.524392 0.050522 0.095384
11 0.263538 0.471412 0.050384 0.104081
9 0.236516 0.437536 0.042179 0.077646
7 0.188363 0.362343 0.039702 0.063667
6 0.450984 0.666939 0.040069 0.060202
6 0.417722 0.615317 0.038538 0.059147
6 0.385369 0.562836 0.037483 0.057900
6 0.355752 0.517252 0.037067 0.055437
6 0.301391 0.424914 0.035228 0.054960
6 0.274747 0.386610 0.035625 0.054239
6 0.249147 0.346429 0.033472 0.053280
6 0.388502 0.449271 0.034669 0.054798
8 0.359502 0.399636 0.040261 0.067639
0 0.565870 0.489453 0.037156 0.057285
0 0.501850 0.406604 0.035228 0.056078
2 0.627316 0.464339 0.044494 0.070926
0 0.757641 0.540091 0.038767 0.056941
0 0.718300 0.497240 0.037156 0.056134
0 0.645840 0.409190 0.035946 0.055503
0 0.582533 0.331515 0.034749 0.054001
0 0.549302 0.295246 0.033790 0.052245
0 0.520231 0.260848 0.032434 0.052404
1 0.816414 0.512536 0.047259 0.067870
3 0.738241 0.422591 0.041316 0.071035
4 0.702351 0.375198 0.047209 0.088069
5 0.671665 0.332181 0.047510 0.099501
3 0.635498 0.305483 0.037960 0.070284
2 0.604125 0.272616 0.037067 0.064868
1 0.574969 0.241582 0.036108 0.058634
