7 0.344436 0.714955 0.048978 0.072695
8 0.319137 0.658679 0.046243 0.077993
9 0.295427 0.603819 0.046521 0.076475
10 0.272733 0.547196 0.055215 0.095384
11 0.251749 0.495780 0.054411 0.103644
9 0.233345 0.464444 0.041644 0.075807
8 0.213404 0.430843 0.043138 0.065185
7 0.197260 0.396028 0.040069 0.060681
6 0.419084 0.692103 0.040933 0.061925
6 0.390995 0.639332 0.039206 0.059530
6 0.364681 0.586799 0.037576 0.057421
6 0.340334 0.541794 0.036429 0.054831
6 0.320346 0.497265 0.035374 0.055119
6 0.298682 0.454177 0.034031 0.053684
6 0.276779 0.418661 0.033168 0.053201
6 0.257894 0.381898 0.031250 0.050807
0 0.549107 0.518232 0.036138 0.056558
0 0.738528 0.570906 0.039015 0.057421
0 0.700663 0.528151 0.036908 0.056270
0 0.633849 0.443232 0.034511 0.054243
0 0.605451 0.405726 0.032034 0.052563
0 0.576493 0.371136 0.032113 0.052245
0 0.547257 0.337905 0.030837 0.050327
0 0.521989 0.307222 0.030513 0.049769
1 0.799640 0.544218 0.048313 0.068350
2 0.762042 0.500899 0.046015 0.069405
3 0.723986 0.455951 0.040645 0.071511
4 0.689320 0.410385 0.045003 0.088899
5 0.661587 0.369263 0.045000 0.100079
3 0.628654 0.346814 0.036925 0.069249
2 0.600683 0.317384 0.035228 0.063108
1 0.575248 0.290317 0.034669 0.056878
