7 0.750908 0.561538 0.041075 0.061442
7 0.441715 0.615891 0.040982 0.064626
11 0.373376 0.612530 0.049279 0.102976
6 0.726822 0.522411 0.033935 0.051190
6 0.610764 0.542973 0.031951 0.050966
6 0.426427 0.572794 0.033932 0.053492
6 0.364028 0.585270 0.031071 0.052212
6 0.645073 0.494069 0.032672 0.049686
9 0.591776 0.495914 0.036237 0.067675
9 0.533492 0.503441 0.037626 0.068938
6 0.477480 0.521673 0.032401 0.050807
8 0.414593 0.524977 0.037388 0.068062
10 0.351577 0.527730 0.044385 0.085314
6 0.294294 0.549555 0.035942 0.051518
0 0.556978 0.429608 0.030774 0.049177
0 0.505741 0.436701 0.031058 0.050136
0 0.546913 0.397927 0.029620 0.047930
3 0.490527 0.399135 0.034415 0.065281
2 0.383375 0.414155 0.034315 0.063363
3 0.328494 0.421000 0.035374 0.066048
0 0.627239 0.355026 0.029332 0.045899
4 0.478361 0.363244 0.038919 0.077070
0 0.373452 0.388991 0.029716 0.047546
0 0.318285 0.397140 0.031538 0.047163
0 0.262927 0.403945 0.030866 0.047930
1 0.610665 0.324874 0.032063 0.050536
1 0.365676 0.356923 0.033753 0.052325
5 0.308709 0.346113 0.039494 0.090685
