7 0.160003 0.413386 0.044411 0.064947
8 0.208831 0.371604 0.044097 0.070073
11 0.353416 0.249072 0.047070 0.097179
9 0.395931 0.224836 0.041028 0.070255
7 0.474287 0.165876 0.039494 0.060007
6 0.210618 0.460623 0.040344 0.055519
6 0.260336 0.419772 0.038079 0.054054
6 0.310800 0.378198 0.037388 0.054160
6 0.443958 0.268907 0.033935 0.052338
6 0.480481 0.235165 0.034315 0.052533
6 0.520169 0.202045 0.033360 0.050711
9 0.361604 0.412688 0.045245 0.068347
6 0.448032 0.340947 0.035370 0.052245
10 0.494377 0.291022 0.051763 0.088115
0 0.466622 0.497639 0.040030 0.051766
0 0.516179 0.547335 0.041412 0.052593
3 0.567639 0.493581 0.048313 0.067361
2 0.648189 0.413267 0.052642 0.065906
0 0.484542 0.687770 0.042563 0.052569
0 0.617154 0.542917 0.043204 0.052315
0 0.696939 0.458146 0.041551 0.051763
0 0.733176 0.415217 0.042517 0.051763
0 0.768514 0.377601 0.042794 0.051901
1 0.548385 0.734461 0.053608 0.063843
3 0.635886 0.630985 0.051349 0.066118
4 0.680637 0.574521 0.066260 0.086389
5 0.719661 0.526792 0.069157 0.089034
1 0.827975 0.415521 0.052245 0.059514
