11 0.615771 0.541288 0.054987 0.128032
7 0.625718 0.468801 0.040020 0.066782
6 0.555175 0.543117 0.038823 0.062503
7 0.685655 0.347379 0.035708 0.056399
6 0.658142 0.374324 0.031554 0.052166
9 0.598571 0.416351 0.040073 0.076399
10 0.494812 0.500708 0.048505 0.101614
6 0.452846 0.554859 0.037768 0.062596
6 0.577827 0.384003 0.032685 0.052788
0 0.546510 0.406996 0.031862 0.054302
6 0.480362 0.464033 0.034831 0.057834
0 0.531382 0.368692 0.032209 0.051994
6 0.464577 0.419051 0.032989 0.055516
0 0.487037 0.354198 0.030714 0.050612
2 0.414697 0.397945 0.037946 0.067900
0 0.334418 0.459287 0.036429 0.058476
1 0.470771 0.320089 0.033353 0.053188
4 0.372781 0.374891 0.042467 0.087903
0 0.329195 0.413991 0.033839 0.054352
0 0.287399 0.443614 0.034798 0.055694
1 0.357202 0.349712 0.033353 0.056118
5 0.235691 0.402029 0.050615 0.110433
