7 0.878462 0.412996 0.042897 0.069497
8 0.846548 0.444744 0.049696 0.077576
9 0.808861 0.478700 0.047761 0.086138
11 0.730428 0.545387 0.059633 0.126442
9 0.686035 0.608679 0.052731 0.091935
7 0.594387 0.712560 0.052569 0.085238
6 0.813249 0.389740 0.036610 0.059964
6 0.779539 0.423118 0.037437 0.061455
6 0.741605 0.459726 0.041081 0.062778
6 0.616460 0.580398 0.042569 0.066260
6 0.574552 0.626366 0.043568 0.067751
6 0.523947 0.676723 0.045718 0.070397
6 0.601055 0.505445 0.040582 0.063773
10 0.554567 0.530286 0.054524 0.106703
0 0.567348 0.379643 0.037546 0.060185
0 0.517379 0.354382 0.037272 0.059081
0 0.540017 0.279428 0.034511 0.055218
0 0.421994 0.364459 0.036720 0.058528
0 0.329765 0.428866 0.038538 0.061085
0 0.280704 0.466827 0.038882 0.062464
0 0.227560 0.504557 0.041872 0.064762
1 0.490875 0.257102 0.037305 0.060552
3 0.412584 0.302325 0.040261 0.076978
4 0.372235 0.324590 0.045437 0.094901
5 0.326443 0.343960 0.049554 0.115400
3 0.279127 0.393295 0.044001 0.080618
2 0.227498 0.428892 0.044977 0.078763
1 0.173022 0.468104 0.047970 0.072239
