7 0.140379 0.460926 0.047067 0.069213
8 0.191134 0.428381 0.044974 0.075248
9 0.244130 0.397202 0.041462 0.078763
10 0.290873 0.364529 0.047738 0.093522
11 0.335908 0.332571 0.044745 0.107900
9 0.376129 0.324229 0.036505 0.072295
7 0.447115 0.290646 0.032113 0.054798
6 0.188419 0.489468 0.039702 0.062950
6 0.240942 0.458234 0.037705 0.060390
6 0.292229 0.427359 0.035628 0.058872
6 0.421976 0.350666 0.032437 0.052913
6 0.454069 0.328408 0.029216 0.052338
6 0.491111 0.307126 0.028988 0.050271
6 0.426691 0.393113 0.033819 0.056134
8 0.467895 0.360972 0.036716 0.068538
6 0.435780 0.437574 0.035430 0.058780
0 0.446789 0.492928 0.037500 0.061657
0 0.526303 0.431640 0.035278 0.058955
2 0.505822 0.515661 0.046161 0.080681
0 0.472025 0.635303 0.044633 0.072126
0 0.516085 0.591822 0.043022 0.069365
0 0.605789 0.513639 0.040069 0.064322
0 0.679449 0.448042 0.037960 0.061733
0 0.711131 0.417750 0.035754 0.059435
0 0.740608 0.390096 0.034894 0.056653
1 0.542001 0.666648 0.056138 0.088231
3 0.633001 0.570235 0.051214 0.093591
4 0.669988 0.521963 0.055506 0.110982
5 0.709355 0.480498 0.055324 0.126055
3 0.742411 0.460465 0.044861 0.085308
2 0.775539 0.433433 0.046495 0.075635
1 0.807040 0.408289 0.039974 0.065856
