7 0.234871 0.572531 0.051124 0.081161
7 0.290270 0.401751 0.042477 0.066240
11 0.298452 0.350000 0.047394 0.114689
6 0.318669 0.578196 0.044494 0.073654
6 0.335005 0.499909 0.041062 0.066782
6 0.357492 0.404147 0.036425 0.059530
6 0.359793 0.378120 0.034891 0.056941
6 0.406222 0.535777 0.042100 0.068697
9 0.416685 0.454841 0.045208 0.088459
6 0.416878 0.433864 0.037480 0.060678
6 0.429388 0.354155 0.032209 0.055215
10 0.488216 0.383500 0.046108 0.099600
0 0.565043 0.577703 0.045139 0.073436
0 0.555174 0.496190 0.040308 0.065847
0 0.555382 0.464026 0.040446 0.063912
0 0.630888 0.503437 0.041551 0.067364
4 0.623454 0.414694 0.049692 0.102609
2 0.618414 0.400370 0.042655 0.072183
0 0.615322 0.378171 0.037272 0.057169
0 0.683019 0.406066 0.036237 0.060274
0 0.674390 0.378343 0.035546 0.057057
1 0.807374 0.576217 0.051667 0.082341
1 0.745784 0.403042 0.040020 0.066620
5 0.739603 0.350367 0.047738 0.115377
