11 0.432829 0.259284 0.042272 0.101802
7 0.338189 0.384423 0.038211 0.062642
6 0.472693 0.304372 0.030956 0.052533
7 0.286229 0.476184 0.043059 0.066865
0 0.387545 0.411941 0.035546 0.057275
10 0.516698 0.314575 0.042371 0.087999
6 0.388929 0.471356 0.036481 0.058981
9 0.476202 0.400418 0.041524 0.076379
6 0.520048 0.379061 0.034190 0.055357
6 0.602837 0.321715 0.031819 0.053257
0 0.435370 0.502174 0.039015 0.058760
6 0.527267 0.434836 0.035281 0.056386
0 0.481766 0.540327 0.039398 0.061065
2 0.579481 0.461981 0.042421 0.073571
0 0.663474 0.403755 0.035546 0.056366
4 0.627860 0.479894 0.049001 0.098009
0 0.675437 0.462708 0.038075 0.059239
0 0.714952 0.428371 0.036121 0.056829
1 0.554722 0.646645 0.047970 0.075804
5 0.775425 0.433664 0.052226 0.113882
