7 0.391485 0.620665 0.039940 0.063776
11 0.284110 0.560200 0.048313 0.098065
6 0.373717 0.561610 0.033069 0.052004
6 0.323231 0.543438 0.032751 0.051445
7 0.686199 0.630688 0.041220 0.063188
6 0.624051 0.609816 0.034411 0.053872
9 0.513841 0.558337 0.038826 0.071257
6 0.460079 0.546920 0.032817 0.051326
6 0.312343 0.487586 0.030956 0.049101
6 0.594238 0.547650 0.032497 0.051286
0 0.545003 0.527312 0.034623 0.051766
0 0.621442 0.511437 0.033360 0.052913
10 0.420127 0.424211 0.039977 0.082153
0 0.654744 0.480033 0.032093 0.051534
4 0.545347 0.427267 0.041528 0.082708
2 0.497963 0.418659 0.035483 0.064038
0 0.451205 0.407531 0.030294 0.049368
1 0.731604 0.460190 0.036905 0.058634
0 0.526599 0.394831 0.031921 0.048889
0 0.475746 0.379349 0.030103 0.047262
1 0.647766 0.391690 0.034911 0.055040
5 0.503237 0.330324 0.039782 0.089630
