7 0.183591 0.418833 0.044001 0.064610
8 0.233411 0.383345 0.042946 0.069977
9 0.284144 0.349382 0.039484 0.072566
10 0.332918 0.312502 0.045552 0.088482
11 0.377009 0.277315 0.043330 0.101515
9 0.419539 0.261088 0.037305 0.070298
7 0.495508 0.215666 0.034031 0.056716
6 0.228624 0.456387 0.037784 0.056558
6 0.279271 0.421840 0.035870 0.055519
6 0.329876 0.386850 0.034031 0.055202
6 0.373773 0.356095 0.032831 0.053604
6 0.419747 0.326617 0.032113 0.053122
6 0.463482 0.296541 0.031713 0.052242
6 0.499709 0.268783 0.031316 0.052004
6 0.538652 0.241981 0.029957 0.050165
8 0.507323 0.314899 0.037067 0.068059
0 0.472113 0.480468 0.037388 0.055129
2 0.525718 0.513151 0.044094 0.073333
0 0.481410 0.646357 0.042371 0.059818
0 0.526946 0.600916 0.040837 0.058869
0 0.622517 0.516597 0.039544 0.057851
0 0.665731 0.478292 0.037467 0.057278
0 0.705532 0.441591 0.037963 0.056078
0 0.742530 0.404301 0.035840 0.054547
0 0.778818 0.371756 0.036716 0.054643
1 0.541854 0.687679 0.050658 0.075093
3 0.638302 0.590291 0.047622 0.078823
4 0.681991 0.538193 0.057315 0.099058
5 0.725197 0.496604 0.056875 0.107255
3 0.762933 0.466381 0.045728 0.077649
2 0.804134 0.431591 0.049008 0.072586
1 0.839767 0.400913 0.046485 0.063843
