7 0.574349 0.686581 0.045437 0.069788
8 0.518661 0.651384 0.043254 0.078912
7 0.312374 0.537894 0.040020 0.063829
11 0.264428 0.492455 0.047394 0.105486
6 0.618013 0.649091 0.037672 0.060298
6 0.505362 0.589105 0.035777 0.057517
6 0.356438 0.507242 0.033313 0.053922
6 0.310784 0.485274 0.032751 0.052804
6 0.265301 0.461270 0.032652 0.051283
6 0.596584 0.579788 0.036005 0.057057
9 0.544699 0.546338 0.041700 0.074580
9 0.495147 0.518345 0.040069 0.074580
6 0.445245 0.502857 0.033155 0.053604
10 0.397773 0.463158 0.042563 0.087520
0 0.614982 0.486559 0.034031 0.053780
0 0.568338 0.463226 0.033839 0.054256
0 0.655531 0.461060 0.033839 0.053013
2 0.509198 0.388295 0.035149 0.064468
0 0.789119 0.476849 0.035764 0.053201
3 0.586119 0.381027 0.037001 0.067966
0 0.542983 0.369532 0.030675 0.049368
0 0.497118 0.350592 0.032153 0.048327
0 0.454514 0.332219 0.030423 0.048062
1 0.819468 0.443783 0.039940 0.060231
3 0.716154 0.396508 0.036905 0.067679
4 0.666834 0.370107 0.040493 0.081789
1 0.574545 0.344287 0.034990 0.055202
5 0.529370 0.306063 0.038919 0.093079
