7 0.679651 0.246285 0.037768 0.061062
8 0.695051 0.276528 0.042100 0.070860
9 0.710220 0.311619 0.042239 0.077166
10 0.726438 0.345121 0.050245 0.097179
11 0.743674 0.379838 0.053836 0.114802
9 0.762771 0.442479 0.045688 0.081028
7 0.806850 0.546361 0.049924 0.074772
6 0.619127 0.253659 0.032593 0.055440
6 0.631591 0.287634 0.034590 0.055519
6 0.645489 0.326538 0.034431 0.057275
6 0.659869 0.364841 0.036028 0.058155
6 0.672970 0.408219 0.036667 0.059911
6 0.689864 0.455974 0.038902 0.060711
6 0.710516 0.503337 0.039782 0.061270
6 0.730021 0.557728 0.041062 0.063029
8 0.623697 0.457331 0.046587 0.074484
0 0.457336 0.340866 0.035890 0.058783
0 0.317860 0.276792 0.034854 0.056250
0 0.323381 0.311187 0.035314 0.057632
0 0.329649 0.394413 0.038651 0.058667
0 0.331721 0.438930 0.039342 0.060737
0 0.336840 0.487417 0.040837 0.062923
0 0.344835 0.540908 0.041640 0.063151
0 0.350643 0.596468 0.043138 0.065681
1 0.253674 0.279127 0.040741 0.064418
2 0.255522 0.311396 0.042103 0.068214
3 0.255880 0.348158 0.043022 0.080179
4 0.259066 0.382859 0.048727 0.098284
5 0.257173 0.419292 0.053836 0.119597
3 0.262108 0.485266 0.046485 0.084091
2 0.263335 0.541252 0.049580 0.076842
1 0.264299 0.599195 0.050800 0.079375
