11 0.602894 0.660871 0.053558 0.114573
7 0.621381 0.558608 0.040420 0.067024
6 0.580364 0.604922 0.037500 0.057748
6 0.545050 0.648117 0.039570 0.059011
7 0.696247 0.398456 0.036746 0.059193
6 0.664907 0.433811 0.033552 0.051756
9 0.597503 0.491002 0.040820 0.074134
10 0.485974 0.597576 0.050036 0.097011
6 0.441601 0.656422 0.038882 0.059702
6 0.578585 0.441677 0.032685 0.052341
0 0.544382 0.471106 0.034623 0.054871
0 0.530475 0.417351 0.033819 0.053261
6 0.458259 0.482455 0.034990 0.055360
0 0.484173 0.392851 0.033247 0.053261
0 0.321409 0.526958 0.037388 0.057996
1 0.468300 0.342204 0.036217 0.057847
4 0.361863 0.421326 0.044097 0.088287
0 0.315513 0.465964 0.036349 0.056134
0 0.272100 0.503355 0.035754 0.056749
2 0.228041 0.534251 0.044335 0.073654
1 0.345126 0.378385 0.036415 0.059580
5 0.219115 0.455346 0.049236 0.106174
