7 0.794428 0.607259 0.056481 0.085813
8 0.711905 0.600782 0.053558 0.098423
7 0.364529 0.601285 0.054163 0.086564
11 0.275957 0.570842 0.066095 0.153224
6 0.777072 0.567627 0.047212 0.071723
6 0.613661 0.565648 0.042407 0.071078
6 0.372799 0.561486 0.043370 0.071088
6 0.295094 0.563039 0.044633 0.072817
6 0.678014 0.529363 0.040916 0.067417
9 0.606510 0.517636 0.045784 0.091336
9 0.532429 0.514702 0.046703 0.093062
6 0.459112 0.526306 0.040420 0.066574
10 0.301949 0.504580 0.057867 0.111349
6 0.236774 0.522376 0.041181 0.066948
0 0.593439 0.464448 0.037685 0.061581
0 0.530217 0.462998 0.037133 0.060585
3 0.396863 0.449697 0.042675 0.082940
0 0.594335 0.440291 0.034233 0.057136
2 0.401761 0.430346 0.037768 0.072470
0 0.703801 0.419661 0.035063 0.054249
4 0.524618 0.401212 0.042907 0.090069
3 0.463935 0.406047 0.036905 0.075347
0 0.406296 0.414635 0.033743 0.054064
0 0.344550 0.414395 0.033360 0.054544
0 0.284352 0.412994 0.034319 0.055023
1 0.693800 0.396144 0.037388 0.056462
1 0.411318 0.392240 0.037768 0.056941
5 0.350828 0.367646 0.042331 0.104795
