7 0.548494 0.272657 0.028237 0.046875
7 0.701391 0.416614 0.034110 0.053122
11 0.741240 0.436328 0.048697 0.083780
6 0.509135 0.290880 0.024964 0.041495
6 0.565519 0.345779 0.026230 0.043138
6 0.660132 0.439580 0.028280 0.043856
6 0.696354 0.471974 0.030109 0.044735
6 0.498436 0.336032 0.026237 0.044325
9 0.553464 0.389119 0.031313 0.057675
6 0.585868 0.424435 0.028528 0.043856
10 0.657659 0.485686 0.046204 0.074196
6 0.687214 0.530450 0.032113 0.044735
0 0.443168 0.400622 0.028122 0.044253
0 0.470129 0.432495 0.029319 0.044415
8 0.500650 0.465478 0.033839 0.057517
0 0.394878 0.418277 0.029795 0.045694
2 0.484674 0.523132 0.035149 0.059114
3 0.517131 0.561994 0.038191 0.062692
0 0.299006 0.377192 0.027960 0.044134
4 0.377784 0.466437 0.040165 0.076782
0 0.436078 0.553009 0.032209 0.048201
0 0.471417 0.595111 0.033476 0.047047
0 0.505754 0.638479 0.034742 0.048889
1 0.249664 0.394606 0.035149 0.052123
1 0.386905 0.574074 0.037546 0.057037
5 0.417884 0.610018 0.046779 0.089917
