7 0.195220 0.531019 0.041796 0.059048
8 0.212950 0.484588 0.041640 0.060737
9 0.232035 0.436273 0.038581 0.064464
10 0.250714 0.388158 0.045437 0.080331
11 0.265853 0.343282 0.042335 0.089382
9 0.281382 0.315559 0.035774 0.064074
7 0.306729 0.253573 0.030754 0.052391
6 0.258862 0.544803 0.035661 0.050903
6 0.275446 0.497593 0.033552 0.050040
6 0.292222 0.450909 0.033360 0.048889
6 0.335936 0.330891 0.029914 0.046399
6 0.345615 0.297196 0.028757 0.046495
6 0.357693 0.263070 0.027801 0.044573
6 0.375236 0.377049 0.029911 0.047259
0 0.386040 0.339835 0.030771 0.047930
0 0.466318 0.472641 0.032993 0.048866
0 0.524778 0.488171 0.033406 0.049279
0 0.572882 0.591010 0.037173 0.052675
0 0.589886 0.449767 0.033072 0.048409
0 0.601217 0.368947 0.030582 0.047834
0 0.604046 0.331303 0.030003 0.045919
0 0.607880 0.296314 0.028472 0.044957
1 0.639435 0.597758 0.043538 0.060390
3 0.646559 0.497016 0.039401 0.064706
4 0.651419 0.445028 0.046356 0.080063
5 0.657442 0.401086 0.046214 0.088952
3 0.656815 0.369906 0.036905 0.064130
2 0.661425 0.335701 0.037467 0.054802
1 0.664380 0.302222 0.034084 0.052123
