7 0.719894 0.341400 0.038413 0.060519
7 0.771501 0.549815 0.045780 0.073056
11 0.785486 0.584028 0.060794 0.122579
6 0.658160 0.345045 0.032880 0.054249
6 0.672490 0.420060 0.035470 0.057612
6 0.695728 0.555569 0.040933 0.061640
6 0.709147 0.607189 0.041700 0.064226
6 0.602368 0.384679 0.034028 0.055311
9 0.610564 0.454168 0.043905 0.079276
6 0.618798 0.505673 0.038343 0.061161
10 0.630116 0.595157 0.054987 0.106174
6 0.636235 0.663497 0.043714 0.066948
0 0.480592 0.423305 0.035198 0.058528
0 0.479626 0.463474 0.037685 0.059633
0 0.414625 0.422044 0.035777 0.057976
4 0.406658 0.499034 0.050248 0.101045
2 0.405653 0.556300 0.046935 0.075231
0 0.401799 0.613704 0.042791 0.065701
0 0.357006 0.352898 0.033469 0.055360
0 0.331858 0.562867 0.040952 0.063843
0 0.328352 0.618313 0.044058 0.064762
1 0.294200 0.350957 0.040741 0.063905
1 0.260618 0.560101 0.048552 0.074679
5 0.246161 0.597469 0.059769 0.124924
