11 0.176313 0.478950 0.053975 0.120784
6 0.244977 0.491058 0.038426 0.063426
9 0.397727 0.592386 0.048085 0.089726
10 0.315190 0.460360 0.051095 0.101422
6 0.501657 0.631748 0.040357 0.066624
6 0.346677 0.420504 0.035470 0.059276
0 0.566192 0.612975 0.041412 0.064878
6 0.497824 0.524664 0.037626 0.061908
6 0.466653 0.483525 0.037308 0.061911
0 0.636305 0.601817 0.041756 0.066028
2 0.566353 0.505098 0.047163 0.077550
0 0.501119 0.432209 0.037133 0.061012
0 0.591396 0.456849 0.037963 0.061151
0 0.554884 0.418474 0.036720 0.058945
4 0.720422 0.506515 0.054388 0.099940
5 0.615465 0.380355 0.050023 0.111696
