7 0.748201 0.399949 0.046779 0.065281
11 0.803548 0.429628 0.067639 0.107259
6 0.693118 0.434783 0.039015 0.057133
6 0.742535 0.478545 0.042563 0.057804
7 0.441447 0.255661 0.037140 0.062619
6 0.478261 0.296852 0.033155 0.055919
9 0.551685 0.369244 0.041412 0.073965
6 0.594663 0.416391 0.036594 0.057596
6 0.734003 0.563285 0.043330 0.058568
6 0.462197 0.361662 0.035069 0.058317
10 0.588461 0.484104 0.057517 0.096396
0 0.408065 0.388092 0.037546 0.057288
0 0.442230 0.431437 0.040446 0.057285
0 0.344223 0.413767 0.038234 0.058115
4 0.421318 0.503024 0.053284 0.097179
2 0.462067 0.559471 0.045919 0.075443
0 0.504349 0.623254 0.044034 0.060324
0 0.396472 0.603791 0.043896 0.062808
0 0.444024 0.664253 0.045139 0.060046
1 0.187217 0.430384 0.051306 0.067983
1 0.220519 0.478352 0.049352 0.070976
5 0.371043 0.693558 0.062808 0.110847
