11 0.163780 0.339668 0.070813 0.090413
7 0.307183 0.525096 0.046892 0.056237
6 0.239598 0.333757 0.039124 0.052533
7 0.460648 0.706635 0.048122 0.051379
6 0.431341 0.632748 0.039613 0.044577
0 0.378140 0.496523 0.040308 0.047900
10 0.307664 0.301022 0.055122 0.083399
6 0.473196 0.534163 0.038535 0.044478
9 0.421019 0.408624 0.043618 0.060007
6 0.397961 0.350271 0.037384 0.049689
6 0.347692 0.228753 0.035787 0.051925
0 0.537781 0.509221 0.039616 0.046518
6 0.484248 0.383614 0.036524 0.048889
0 0.608112 0.492105 0.038929 0.047622
2 0.553767 0.358289 0.044478 0.062788
0 0.501533 0.244228 0.037411 0.054249
1 0.708072 0.525114 0.053029 0.056597
4 0.611928 0.330754 0.053948 0.080522
0 0.588052 0.280479 0.037765 0.052011
0 0.558100 0.221893 0.036167 0.052728
1 0.773054 0.493894 0.053952 0.055446
5 0.623352 0.182201 0.052457 0.095248
