7 0.608565 0.242383 0.034325 0.056558
8 0.627090 0.272809 0.036329 0.064613
11 0.691301 0.377837 0.050499 0.101230
7 0.771349 0.538476 0.048122 0.065952
6 0.555089 0.253953 0.030483 0.050804
6 0.571625 0.287743 0.030962 0.050903
6 0.590415 0.326567 0.031346 0.052242
6 0.650913 0.455071 0.035430 0.054640
6 0.676969 0.502002 0.036465 0.054871
6 0.703368 0.556298 0.037728 0.056710
9 0.535513 0.328373 0.040489 0.070284
9 0.549258 0.370476 0.038535 0.071667
6 0.570504 0.417799 0.033819 0.053952
10 0.591544 0.453229 0.050615 0.092603
0 0.420440 0.355551 0.033472 0.053284
0 0.432303 0.396012 0.034831 0.054001
0 0.357932 0.362541 0.034507 0.053681
2 0.396432 0.498800 0.042467 0.068062
0 0.279362 0.298275 0.032354 0.052391
3 0.317844 0.461817 0.043135 0.073813
0 0.329329 0.517492 0.038347 0.057325
0 0.344666 0.572566 0.039497 0.056845
0 0.358566 0.630513 0.041604 0.059623
1 0.217492 0.305337 0.040942 0.060377
3 0.232517 0.379079 0.042216 0.072470
4 0.240336 0.416928 0.050936 0.090966
5 0.251486 0.458717 0.052913 0.106753
1 0.276518 0.642553 0.048505 0.071607
