7 0.163738 0.320461 0.047067 0.064514
8 0.226096 0.298289 0.041888 0.071227
7 0.463211 0.231276 0.036349 0.060549
11 0.517789 0.196035 0.043614 0.101706
6 0.185751 0.372103 0.038505 0.055840
6 0.315466 0.330230 0.035278 0.055215
6 0.491746 0.274279 0.033128 0.053836
6 0.542474 0.255574 0.034372 0.053423
6 0.280197 0.397569 0.038581 0.055040
9 0.340370 0.370187 0.042216 0.071551
9 0.403064 0.351012 0.040724 0.071435
6 0.459997 0.334671 0.035060 0.054527
10 0.578672 0.281786 0.048773 0.089266
6 0.624954 0.280559 0.033406 0.053419
3 0.607442 0.329937 0.041644 0.076151
0 0.397092 0.474021 0.038925 0.054114
0 0.458312 0.452763 0.039064 0.054666
0 0.419800 0.534345 0.041551 0.054940
2 0.616009 0.450392 0.046687 0.072854
0 0.313373 0.653938 0.043710 0.057169
4 0.525537 0.549433 0.053833 0.092900
3 0.590843 0.529721 0.047070 0.072609
0 0.650286 0.509668 0.041412 0.056319
0 0.711576 0.481675 0.042404 0.055658
0 0.768972 0.457158 0.043896 0.054997
1 0.344788 0.720227 0.053419 0.070261
1 0.689082 0.560150 0.052530 0.066908
5 0.761252 0.521632 0.070539 0.099388
