7 0.352680 0.316070 0.039686 0.063938
11 0.443037 0.240522 0.045208 0.105139
6 0.446396 0.318806 0.034669 0.055999
6 0.485777 0.290845 0.033869 0.055360
7 0.245154 0.516189 0.045916 0.070552
6 0.301445 0.479651 0.038585 0.061511
9 0.402305 0.404064 0.043022 0.078108
6 0.446235 0.378277 0.036108 0.057196
6 0.574380 0.291751 0.033019 0.054851
6 0.405127 0.475584 0.038661 0.060711
0 0.452320 0.443313 0.037616 0.060046
10 0.545618 0.357492 0.047646 0.096531
0 0.455081 0.511184 0.039454 0.060046
0 0.504947 0.554780 0.040952 0.062120
4 0.609294 0.459856 0.053489 0.099157
2 0.648583 0.434909 0.046875 0.074964
0 0.689415 0.408666 0.038538 0.057748
1 0.516534 0.632381 0.048697 0.074292
0 0.703218 0.474752 0.040146 0.060622
0 0.743135 0.437310 0.037156 0.058436
1 0.680527 0.584491 0.047940 0.072566
5 0.808750 0.448525 0.060278 0.113882
