7 0.696844 0.627135 0.057007 0.088760
8 0.617030 0.598614 0.053697 0.098558
9 0.535987 0.573161 0.052457 0.100218
10 0.462467 0.542240 0.058115 0.120096
11 0.391048 0.511938 0.058803 0.136495
9 0.320990 0.509802 0.049831 0.095522
7 0.195914 0.483528 0.047510 0.074081
6 0.725542 0.582657 0.048175 0.074818
6 0.647343 0.561675 0.044448 0.072331
6 0.568454 0.540349 0.043482 0.069983
6 0.363742 0.482923 0.037411 0.064464
6 0.302176 0.468294 0.037407 0.064464
6 0.242411 0.451384 0.038525 0.061842
6 0.465754 0.466154 0.037685 0.061290
8 0.399936 0.442452 0.042517 0.080063
6 0.556445 0.448760 0.038512 0.061839
0 0.495217 0.432708 0.038079 0.062116
0 0.646782 0.429410 0.037943 0.062391
2 0.671019 0.395182 0.041779 0.077328
0 0.821023 0.402166 0.038191 0.060046
0 0.758151 0.390607 0.036938 0.059243
0 0.632963 0.364587 0.034272 0.057196
0 0.520584 0.340933 0.032993 0.055040
0 0.464944 0.330268 0.031951 0.053042
0 0.414218 0.319165 0.031796 0.053363
1 0.837748 0.371220 0.041898 0.064993
3 0.713203 0.340947 0.038879 0.076267
4 0.653707 0.323571 0.044034 0.091243
5 0.602186 0.303297 0.043942 0.107784
3 0.544899 0.308363 0.037384 0.072950
2 0.494008 0.300944 0.035681 0.066703
1 0.444487 0.294572 0.034550 0.056584
