7 0.665096 0.500599 0.041794 0.065951
10 0.605693 0.504533 0.048542 0.096514
11 0.407142 0.551380 0.051211 0.110983
6 0.750589 0.431473 0.033952 0.053187
6 0.449928 0.508525 0.036120 0.056595
6 0.389709 0.523364 0.036006 0.057288
7 0.549637 0.436507 0.037972 0.061732
6 0.366587 0.480918 0.035316 0.055677
0 0.690410 0.359972 0.032513 0.050804
4 0.636979 0.360490 0.044479 0.085798
9 0.615186 0.331821 0.034831 0.069977
6 0.559500 0.352489 0.030954 0.051527
0 0.507463 0.362866 0.031755 0.053122
2 0.319067 0.361296 0.037673 0.068542
0 0.568387 0.283722 0.028558 0.048929
0 0.360156 0.325361 0.030091 0.049460
0 0.307308 0.338395 0.030306 0.050260
0 0.246330 0.347655 0.031820 0.051592
1 0.598470 0.245291 0.031823 0.052523
1 0.500179 0.262199 0.031354 0.054255
5 0.293127 0.284533 0.044170 0.097087
