7 0.178991 0.438299 0.052572 0.075576
11 0.160908 0.365454 0.066536 0.115954
6 0.373911 0.742282 0.048122 0.068444
10 0.320013 0.585614 0.064876 0.110153
9 0.277733 0.468802 0.049561 0.081576
6 0.259175 0.417067 0.040264 0.062500
6 0.242188 0.369904 0.040299 0.061735
6 0.222993 0.317085 0.039196 0.058857
4 0.454215 0.697775 0.061439 0.111813
8 0.426162 0.635578 0.053145 0.082132
6 0.401164 0.572428 0.043714 0.064609
9 0.311908 0.343368 0.046016 0.081481
7 0.453540 0.483252 0.048890 0.074772
6 0.522440 0.465791 0.041169 0.063958
0 0.625169 0.499325 0.044095 0.064704
2 0.538042 0.335838 0.044287 0.078799
2 0.513944 0.286086 0.043252 0.076611
0 0.774281 0.603286 0.047448 0.066911
0 0.734019 0.537046 0.045342 0.065570
0 0.604618 0.320382 0.037959 0.059912
0 0.573511 0.277485 0.036904 0.061351
0 0.551558 0.229889 0.036331 0.058952
1 0.850402 0.575946 0.057633 0.076839
3 0.772090 0.449175 0.050521 0.081442
1 0.672990 0.298942 0.043936 0.070938
5 0.642030 0.235726 0.050934 0.115814
