7 0.845236 0.489881 0.043519 0.067197
8 0.789440 0.506619 0.044102 0.078317
9 0.732552 0.523864 0.044479 0.084453
10 0.676030 0.541938 0.052041 0.102562
7 0.553813 0.602922 0.046930 0.074886
11 0.486224 0.607243 0.055768 0.123268
6 0.801064 0.457347 0.035313 0.057630
6 0.748034 0.477363 0.037155 0.057630
6 0.691899 0.497954 0.036696 0.057399
9 0.576060 0.530988 0.043232 0.082249
6 0.511494 0.561877 0.038190 0.062347
6 0.451774 0.583172 0.039486 0.063747
6 0.379354 0.609727 0.040166 0.064323
8 0.565065 0.435347 0.039590 0.072855
2 0.475540 0.417760 0.039941 0.074290
0 0.493929 0.377124 0.033073 0.056077
2 0.388241 0.404191 0.039111 0.073525
0 0.619028 0.304071 0.031475 0.052165
0 0.568460 0.318488 0.031634 0.053044
0 0.516696 0.332909 0.031634 0.053760
0 0.355845 0.378989 0.033551 0.055120
0 0.302454 0.397131 0.034486 0.055986
0 0.235658 0.411961 0.035625 0.057438
1 0.589823 0.275830 0.035387 0.057038
3 0.490581 0.295649 0.036715 0.071130
4 0.443035 0.304115 0.040837 0.087233
5 0.384359 0.310762 0.045091 0.105599
3 0.330742 0.339801 0.038105 0.073411
1 0.211309 0.375820 0.040742 0.064785
