7 0.241351 0.491156 0.051074 0.060736
7 0.238071 0.340176 0.048890 0.064993
11 0.235477 0.256929 0.060186 0.096077
6 0.339622 0.734541 0.045091 0.045553
10 0.329123 0.564645 0.058252 0.073574
9 0.321309 0.411362 0.050085 0.060550
6 0.319372 0.335241 0.040085 0.053672
6 0.315968 0.271092 0.040999 0.053558
6 0.312586 0.197378 0.038929 0.055492
6 0.409378 0.560968 0.041986 0.045895
9 0.388921 0.265299 0.046683 0.067487
6 0.488981 0.552686 0.039688 0.045208
8 0.482458 0.481180 0.049687 0.053285
0 0.556960 0.469953 0.043704 0.048219
0 0.641895 0.542259 0.047598 0.044935
2 0.617653 0.323849 0.055039 0.062627
2 0.611789 0.252274 0.054242 0.062295
0 0.742225 0.697707 0.053148 0.044977
0 0.730345 0.615249 0.050729 0.043135
0 0.688247 0.319089 0.043617 0.050326
0 0.672601 0.254535 0.041986 0.053490
0 0.669150 0.185706 0.041797 0.054258
1 0.821909 0.691450 0.064072 0.050615
3 0.797866 0.533763 0.059014 0.053145
4 0.789455 0.454959 0.077301 0.075785
1 0.764448 0.315254 0.056956 0.062708
5 0.756131 0.237267 0.072816 0.095479
