7 0.585861 0.646024 0.048200 0.075693
11 0.518704 0.658022 0.057630 0.120785
6 0.819194 0.473532 0.036279 0.056986
10 0.720081 0.505833 0.056595 0.097891
9 0.601182 0.564043 0.044896 0.082201
6 0.537534 0.599307 0.039111 0.061829
6 0.478753 0.625871 0.041699 0.063460
6 0.405610 0.659144 0.041221 0.064609
4 0.780957 0.423345 0.055215 0.092256
8 0.729049 0.452573 0.046732 0.072054
9 0.441463 0.569403 0.045374 0.083317
6 0.629237 0.444321 0.035309 0.056396
7 0.576410 0.459580 0.040898 0.065345
0 0.539126 0.422684 0.034893 0.057900
3 0.449411 0.402764 0.041413 0.077168
2 0.395729 0.424430 0.040820 0.074772
2 0.332062 0.444561 0.042100 0.076530
0 0.619839 0.306309 0.031442 0.052533
0 0.570376 0.323708 0.032015 0.053203
0 0.359334 0.395386 0.034749 0.055758
0 0.305332 0.417274 0.035228 0.056878
0 0.237630 0.436006 0.037227 0.058874
1 0.588293 0.275241 0.036546 0.057780
1 0.329914 0.356203 0.038343 0.063239
5 0.274251 0.356475 0.047624 0.107324
