7 0.152673 0.538781 0.049368 0.079469
7 0.330599 0.340496 0.042018 0.069339
11 0.362585 0.283211 0.048314 0.118988
6 0.224395 0.558716 0.043535 0.072054
6 0.262012 0.512036 0.042467 0.068252
10 0.331457 0.410967 0.052686 0.109512
9 0.365715 0.381971 0.044671 0.087041
6 0.398880 0.353887 0.036680 0.062109
6 0.425355 0.322632 0.036882 0.061644
6 0.454613 0.287217 0.034414 0.059648
8 0.361536 0.479126 0.048789 0.082822
9 0.486405 0.323841 0.043219 0.084759
6 0.441406 0.494409 0.041217 0.068063
8 0.467910 0.448576 0.048600 0.084072
0 0.541982 0.465352 0.041986 0.067773
0 0.587656 0.525732 0.044863 0.070260
2 0.661875 0.397962 0.046204 0.079180
2 0.688428 0.359137 0.045247 0.076882
0 0.608652 0.643958 0.046875 0.076595
0 0.638371 0.590659 0.045726 0.073525
3 0.715778 0.445584 0.049753 0.094613
0 0.736904 0.414163 0.040736 0.066029
0 0.751820 0.376310 0.039382 0.065186
0 0.780042 0.338739 0.039206 0.063558
1 0.691507 0.659632 0.054525 0.088574
3 0.745815 0.548960 0.054066 0.098812
4 0.763167 0.494814 0.057064 0.117448
1 0.813525 0.424707 0.047643 0.077552
5 0.829530 0.360376 0.055492 0.130446
