7 0.365326 0.386227 0.039635 0.061543
8 0.426582 0.388044 0.041055 0.072214
9 0.487760 0.393164 0.038346 0.076849
10 0.550898 0.390734 0.045150 0.095667
11 0.614504 0.386758 0.046702 0.114928
7 0.813210 0.428369 0.042656 0.066432
6 0.345426 0.417002 0.034909 0.057116
6 0.410252 0.422952 0.035309 0.058633
6 0.474318 0.429902 0.035309 0.058158
9 0.602653 0.433065 0.042083 0.082536
6 0.674411 0.450433 0.034349 0.060072
6 0.735723 0.457342 0.038424 0.062230
6 0.812331 0.464173 0.038424 0.062786
8 0.660973 0.472848 0.043040 0.080234
0 0.502882 0.498509 0.038545 0.065306
2 0.560454 0.537160 0.047354 0.087041
2 0.622702 0.589198 0.048997 0.091683
0 0.216382 0.596006 0.044333 0.070378
0 0.294827 0.605750 0.044336 0.071338
0 0.372907 0.616128 0.045215 0.072536
0 0.452038 0.626097 0.044414 0.073333
4 0.525622 0.613547 0.057285 0.120908
0 0.614025 0.646681 0.043610 0.073714
0 0.694784 0.653631 0.046396 0.075537
0 0.786807 0.669761 0.047370 0.075492
1 0.181016 0.636855 0.054987 0.084089
3 0.340636 0.651279 0.054111 0.105599
5 0.512284 0.653631 0.064105 0.151566
3 0.596880 0.684341 0.056156 0.108167
1 0.780283 0.720998 0.057975 0.091768
