7 0.251574 0.517985 0.047835 0.076986
7 0.204714 0.442783 0.045781 0.073392
11 0.182677 0.383193 0.054665 0.124095
6 0.420260 0.628773 0.044173 0.072852
6 0.385470 0.583519 0.042178 0.070540
10 0.326844 0.483320 0.054066 0.112272
9 0.301501 0.453931 0.045781 0.088232
6 0.276255 0.425326 0.036266 0.063509
6 0.254782 0.394834 0.036107 0.062630
6 0.229979 0.359497 0.036546 0.059912
8 0.426230 0.517308 0.047741 0.085605
9 0.319849 0.369209 0.043597 0.084206
6 0.498203 0.498475 0.039863 0.066865
8 0.467928 0.456463 0.046253 0.081403
0 0.532137 0.440208 0.039495 0.064993
0 0.631219 0.460651 0.040661 0.066543
2 0.535389 0.354707 0.042256 0.078366
2 0.507788 0.322394 0.041540 0.075251
0 0.777124 0.520682 0.042979 0.068857
0 0.734746 0.480062 0.041777 0.067181
3 0.631064 0.366156 0.044193 0.086081
0 0.596629 0.343900 0.036507 0.059674
0 0.562277 0.316501 0.036507 0.059993
0 0.537633 0.284946 0.034512 0.058395
1 0.843477 0.499058 0.048327 0.077646
3 0.764167 0.416050 0.046491 0.087809
4 0.725171 0.376307 0.049463 0.105257
1 0.658634 0.325444 0.044098 0.067581
5 0.626123 0.274515 0.048887 0.118138
