7 0.709528 0.500946 0.043809 0.067581
7 0.615680 0.571738 0.045534 0.070169
11 0.562648 0.593340 0.054873 0.113997
6 0.777843 0.375677 0.034430 0.054798
10 0.700560 0.420215 0.050612 0.094212
9 0.608039 0.492720 0.042178 0.078701
6 0.556022 0.536493 0.036986 0.059033
6 0.510236 0.570050 0.039098 0.060680
6 0.452199 0.613571 0.039782 0.061061
8 0.693558 0.370620 0.043874 0.069020
6 0.646912 0.404632 0.034814 0.055586
9 0.462687 0.524132 0.043617 0.080426
6 0.597586 0.374328 0.034033 0.054079
4 0.638519 0.278132 0.040983 0.087233
0 0.508851 0.371532 0.034271 0.056156
0 0.509411 0.317809 0.032513 0.054642
2 0.375262 0.392287 0.039880 0.072568
2 0.319998 0.420996 0.041507 0.074388
0 0.550910 0.244756 0.030355 0.051367
0 0.509411 0.268044 0.031074 0.051764
0 0.328442 0.369150 0.034587 0.055918
0 0.283268 0.398669 0.035788 0.057116
0 0.222671 0.427078 0.036012 0.057516
1 0.512261 0.218929 0.034749 0.056849
3 0.428498 0.256815 0.037015 0.070498
1 0.288947 0.334425 0.038265 0.063031
5 0.239684 0.343799 0.048659 0.105944
