7 0.587472 0.661616 0.045062 0.073239
10 0.451756 0.624811 0.049580 0.102956
11 0.247909 0.580340 0.052340 0.115954
6 0.677655 0.635290 0.038877 0.060977
6 0.337269 0.573957 0.036348 0.058955
6 0.278945 0.563174 0.036986 0.057676
6 0.299006 0.524110 0.035231 0.056878
0 0.702549 0.551579 0.036237 0.057708
4 0.708750 0.497734 0.045553 0.093867
6 0.584097 0.493270 0.033219 0.056051
7 0.522871 0.477961 0.038346 0.062386
2 0.366300 0.416395 0.037386 0.069339
0 0.306689 0.414341 0.032832 0.053604
0 0.672622 0.439681 0.032952 0.053724
9 0.553874 0.412679 0.036908 0.071257
0 0.440895 0.402720 0.031556 0.051286
0 0.385656 0.395887 0.031794 0.052484
1 0.746720 0.416121 0.038076 0.059847
1 0.683844 0.405404 0.035215 0.059447
5 0.404785 0.343053 0.044479 0.101035
