7 0.292743 0.309678 0.037223 0.060072
8 0.353335 0.306603 0.038903 0.068779
9 0.413047 0.307282 0.037148 0.071016
10 0.474233 0.299333 0.042334 0.090286
11 0.534894 0.291815 0.043493 0.106058
9 0.597446 0.308083 0.038154 0.073145
8 0.657122 0.309399 0.037865 0.069339
7 0.717943 0.313096 0.040605 0.061771
6 0.281929 0.348958 0.033285 0.054479
6 0.346611 0.348747 0.033418 0.055189
6 0.410151 0.349546 0.033350 0.055986
6 0.472529 0.351201 0.033392 0.056237
6 0.600135 0.353094 0.033870 0.055680
6 0.658146 0.354181 0.034430 0.055439
6 0.727126 0.354300 0.033711 0.055677
6 0.533320 0.429528 0.037064 0.059512
0 0.532329 0.481274 0.038343 0.058857
2 0.605623 0.527450 0.046494 0.083109
0 0.214624 0.589447 0.045055 0.063906
0 0.296187 0.590804 0.043936 0.063906
0 0.376668 0.592961 0.043857 0.064867
0 0.455394 0.594518 0.045052 0.065586
0 0.614289 0.596938 0.042946 0.065570
0 0.689645 0.593032 0.043776 0.064867
0 0.776198 0.599984 0.045293 0.064225
1 0.192466 0.648104 0.060186 0.079098
2 0.285459 0.644447 0.052819 0.090970
3 0.363146 0.648973 0.052627 0.091260
4 0.449548 0.643918 0.058783 0.112041
5 0.534663 0.636232 0.061149 0.128512
3 0.617012 0.651706 0.052917 0.091797
1 0.792806 0.662808 0.059128 0.080869
