7 0.652902 0.343350 0.041794 0.066530
11 0.722508 0.317560 0.049580 0.121012
6 0.309883 0.377026 0.038711 0.060967
10 0.443390 0.359790 0.048408 0.102477
6 0.654583 0.377803 0.038027 0.062148
6 0.718532 0.377970 0.038424 0.064242
6 0.797336 0.377204 0.037386 0.063346
4 0.294385 0.389098 0.053158 0.104102
8 0.505532 0.401178 0.043812 0.081328
9 0.717952 0.399084 0.045208 0.088460
0 0.278843 0.443467 0.039945 0.065905
7 0.496515 0.441318 0.044769 0.072376
2 0.570688 0.434250 0.046012 0.086390
9 0.334953 0.471074 0.048695 0.091452
6 0.415244 0.481387 0.041302 0.067422
0 0.488298 0.482586 0.041217 0.068701
3 0.561188 0.513656 0.052454 0.099043
2 0.726706 0.519665 0.052435 0.094902
0 0.303285 0.570044 0.046361 0.074424
0 0.640745 0.574806 0.047487 0.076611
0 0.724536 0.572741 0.048590 0.076602
0 0.820612 0.578809 0.047760 0.078268
1 0.189723 0.613561 0.060391 0.088112
1 0.365609 0.619754 0.055312 0.089723
5 0.725382 0.593674 0.068577 0.159814
