7 0.705381 0.563468 0.042259 0.069977
10 0.573460 0.569331 0.049694 0.102262
11 0.358774 0.590693 0.052594 0.120508
6 0.754351 0.518726 0.035680 0.058447
6 0.416123 0.562876 0.037148 0.059834
6 0.352695 0.571344 0.038105 0.059036
6 0.337516 0.531442 0.034590 0.059753
0 0.711558 0.444787 0.034482 0.055654
7 0.507469 0.429784 0.038024 0.061911
6 0.557477 0.396034 0.032396 0.053590
2 0.315199 0.417189 0.038743 0.072048
0 0.251136 0.431883 0.034948 0.056123
0 0.601066 0.361169 0.031885 0.052721
4 0.543449 0.351805 0.041794 0.087041
9 0.484543 0.365596 0.036585 0.071895
0 0.367699 0.386882 0.032552 0.053314
0 0.310117 0.395335 0.033750 0.054792
1 0.645428 0.324377 0.035628 0.057119
1 0.586035 0.330088 0.035391 0.058158
5 0.303079 0.340161 0.044095 0.104020
