7 0.765436 0.360457 0.038789 0.056182
8 0.757581 0.401589 0.040742 0.060404
9 0.745890 0.440607 0.038903 0.064945
10 0.741719 0.482044 0.050156 0.082708
7 0.723683 0.591211 0.042562 0.060736
11 0.713288 0.634162 0.054805 0.094007
6 0.706950 0.351968 0.032194 0.048695
6 0.698618 0.393906 0.032594 0.049557
9 0.667645 0.522917 0.040934 0.068158
6 0.653765 0.581668 0.034795 0.051090
6 0.642694 0.630798 0.037959 0.053105
6 0.628410 0.692770 0.037191 0.053392
6 0.570070 0.413223 0.032783 0.049082
8 0.559889 0.450057 0.040247 0.059593
2 0.484447 0.482674 0.038984 0.062471
0 0.437570 0.433579 0.032620 0.050387
2 0.407160 0.519341 0.040661 0.063109
0 0.432412 0.299206 0.030957 0.048796
0 0.415438 0.338481 0.031488 0.049593
0 0.397928 0.379189 0.031755 0.050326
0 0.342371 0.512563 0.034124 0.050902
0 0.326909 0.560807 0.035706 0.052005
0 0.297365 0.616120 0.037100 0.053490
1 0.379355 0.285277 0.034128 0.056270
3 0.342113 0.358285 0.037578 0.066048
4 0.325451 0.392882 0.044515 0.081097
5 0.302122 0.436182 0.046934 0.092715
3 0.281750 0.492786 0.039684 0.066530
1 0.230781 0.598156 0.042272 0.063844
