7 0.323905 0.581058 0.044736 0.073652
11 0.236611 0.394792 0.047969 0.108822
6 0.453268 0.664074 0.042259 0.066143
10 0.394899 0.550570 0.051543 0.102148
6 0.322012 0.436605 0.034909 0.057279
6 0.302964 0.403773 0.035160 0.056478
6 0.280073 0.365269 0.033630 0.054561
4 0.519408 0.624845 0.052227 0.106520
8 0.432549 0.495902 0.041699 0.074102
9 0.361681 0.380495 0.039704 0.074609
0 0.593698 0.615420 0.040260 0.063555
7 0.497666 0.478752 0.041699 0.067197
2 0.467231 0.436405 0.041540 0.072295
9 0.620186 0.540285 0.045150 0.081865
6 0.585420 0.502581 0.036185 0.058796
0 0.557389 0.463101 0.036745 0.058512
3 0.583647 0.402614 0.040342 0.075410
2 0.531084 0.336191 0.037546 0.067025
0 0.740690 0.510186 0.038743 0.060553
0 0.611092 0.360244 0.033018 0.053854
0 0.580763 0.330568 0.032992 0.053923
0 0.557796 0.296896 0.030833 0.052087
1 0.841903 0.534232 0.047373 0.069180
1 0.766611 0.448820 0.042337 0.065186
5 0.637845 0.293011 0.043483 0.103874
