10 0.543403 0.250588 0.041872 0.084893
11 0.721585 0.280934 0.046491 0.097298
6 0.357015 0.269702 0.031484 0.049925
6 0.648118 0.331128 0.033262 0.052438
6 0.703862 0.343397 0.034508 0.052243
6 0.694611 0.389172 0.035374 0.053109
9 0.313721 0.345353 0.039941 0.071416
7 0.472080 0.445000 0.039590 0.061927
2 0.647716 0.536470 0.044189 0.072855
0 0.719741 0.559019 0.039443 0.055309
4 0.295539 0.504709 0.056735 0.087653
0 0.561774 0.583073 0.038743 0.054720
0 0.630314 0.596493 0.038903 0.055680
1 0.199357 0.548097 0.050902 0.064899
5 0.609743 0.647199 0.055905 0.101885
