7 0.560319 0.191852 0.035085 0.060488
10 0.611950 0.188296 0.043138 0.095381
11 0.789663 0.217752 0.053975 0.122992
6 0.425213 0.189613 0.030837 0.053919
6 0.702344 0.255581 0.035775 0.060967
6 0.759227 0.270016 0.037959 0.062233
4 0.392549 0.189827 0.042793 0.095710
8 0.551693 0.240026 0.039382 0.077487
6 0.737946 0.295382 0.037962 0.064417
0 0.351520 0.227917 0.035807 0.059447
7 0.515793 0.267699 0.041540 0.068223
9 0.364590 0.253167 0.041536 0.084837
6 0.422777 0.280033 0.036745 0.063665
0 0.479199 0.295778 0.039382 0.066621
3 0.607666 0.320342 0.047741 0.097298
2 0.641457 0.377803 0.050843 0.095938
0 0.276478 0.317581 0.040260 0.065664
0 0.530461 0.400018 0.045055 0.074762
0 0.603841 0.420049 0.046107 0.077454
0 0.684132 0.449079 0.049971 0.079785
1 0.165456 0.325342 0.051283 0.075729
1 0.279152 0.365830 0.050231 0.080618
5 0.557340 0.425999 0.068079 0.164486
