7 0.250164 0.408382 0.046891 0.071738
11 0.208405 0.351483 0.057975 0.112848
6 0.553341 0.587352 0.042751 0.065186
10 0.448237 0.482871 0.053285 0.106289
6 0.309629 0.376196 0.037546 0.059352
6 0.273162 0.344123 0.036507 0.060231
6 0.231185 0.307777 0.035469 0.056237
4 0.605807 0.531969 0.053952 0.104336
8 0.552349 0.496413 0.046090 0.080762
9 0.326784 0.306875 0.041029 0.078320
0 0.663877 0.503545 0.041986 0.062578
7 0.508652 0.382909 0.042018 0.068460
9 0.658424 0.419878 0.046107 0.082360
6 0.603449 0.388244 0.036826 0.059671
0 0.558187 0.353517 0.036908 0.059834
3 0.557269 0.284971 0.040996 0.077168
2 0.515324 0.256530 0.038825 0.073717
2 0.474056 0.225280 0.038151 0.071224
0 0.749079 0.363068 0.037767 0.059242
0 0.559782 0.236245 0.033359 0.055218
0 0.516501 0.210514 0.032493 0.054753
0 0.477726 0.180742 0.032594 0.054258
1 0.851025 0.366787 0.048568 0.067663
1 0.606891 0.208242 0.037747 0.062448
5 0.563879 0.162463 0.043135 0.104105
