7 0.239811 0.504051 0.045534 0.069977
7 0.261553 0.451117 0.043809 0.063652
11 0.269705 0.404237 0.048200 0.108818
6 0.289333 0.608127 0.045632 0.076592
10 0.303462 0.513792 0.058252 0.112917
9 0.319102 0.463117 0.044583 0.082536
6 0.328003 0.446772 0.033838 0.056077
6 0.332863 0.426058 0.034893 0.053490
6 0.337127 0.404346 0.033838 0.050326
6 0.380942 0.525698 0.039222 0.066383
9 0.392257 0.412264 0.036520 0.075153
6 0.455521 0.517342 0.039062 0.066064
8 0.451572 0.482689 0.046934 0.076615
4 0.537297 0.562632 0.059137 0.128031
0 0.522612 0.479642 0.038512 0.063359
0 0.600742 0.505869 0.040443 0.067500
2 0.574987 0.422329 0.040072 0.071032
2 0.569639 0.399764 0.034414 0.066527
0 0.709173 0.573369 0.045553 0.076888
0 0.691159 0.534097 0.044863 0.072334
0 0.638719 0.422153 0.033551 0.056396
0 0.625155 0.401951 0.033551 0.054958
0 0.620352 0.381600 0.030423 0.051657
1 0.791948 0.564006 0.052236 0.085238
3 0.751164 0.483966 0.046820 0.091566
1 0.703636 0.415151 0.039076 0.061976
5 0.688021 0.370832 0.044518 0.111123
