7 0.245573 0.237098 0.042467 0.070075
9 0.385404 0.229727 0.042943 0.084069
10 0.455651 0.218501 0.049753 0.104489
7 0.594686 0.229193 0.043252 0.070169
11 0.665869 0.204014 0.050521 0.123001
6 0.236657 0.279977 0.039863 0.063105
6 0.311268 0.277300 0.038265 0.064307
9 0.527373 0.263911 0.044290 0.088480
6 0.602979 0.272739 0.038984 0.064307
6 0.669082 0.271466 0.039701 0.064938
6 0.748047 0.269144 0.038184 0.063828
8 0.376507 0.307077 0.045918 0.084069
6 0.379263 0.361387 0.042445 0.068561
8 0.451183 0.350884 0.046683 0.088480
2 0.532025 0.399429 0.049004 0.089958
0 0.457788 0.467096 0.045342 0.071510
2 0.618506 0.451423 0.051530 0.094902
0 0.186501 0.529500 0.050247 0.074404
0 0.279194 0.527775 0.048454 0.074541
0 0.368644 0.526050 0.049554 0.074678
3 0.539040 0.512949 0.054388 0.100768
0 0.631069 0.519614 0.048083 0.073734
0 0.713892 0.513345 0.048773 0.075459
0 0.809427 0.516336 0.049577 0.075231
1 0.169041 0.588208 0.063727 0.090303
3 0.358691 0.578753 0.059082 0.105046
4 0.446639 0.564512 0.063773 0.126556
1 0.634880 0.580768 0.058665 0.090690
5 0.726995 0.550251 0.069076 0.150078
