7 0.361789 0.694912 0.051650 0.080293
8 0.328281 0.634325 0.051074 0.079945
9 0.300529 0.576981 0.048890 0.086755
10 0.269811 0.520016 0.057057 0.104564
7 0.214191 0.440737 0.044749 0.070745
11 0.188696 0.378403 0.054385 0.112223
6 0.436719 0.669074 0.044766 0.067581
6 0.399458 0.612428 0.041540 0.064785
6 0.367218 0.559982 0.040342 0.063115
9 0.309328 0.457625 0.044958 0.079658
6 0.282485 0.418903 0.037705 0.059512
6 0.259063 0.381950 0.035228 0.058555
6 0.232622 0.339971 0.035231 0.055918
8 0.342782 0.394666 0.042816 0.073975
0 0.470628 0.464066 0.037305 0.059922
2 0.498970 0.392383 0.041605 0.074674
0 0.591413 0.416898 0.037865 0.059193
2 0.525474 0.335872 0.040166 0.073047
0 0.769653 0.532560 0.040876 0.063109
0 0.725957 0.484076 0.040605 0.061842
0 0.686432 0.438706 0.038743 0.059834
4 0.615046 0.345892 0.046471 0.096510
0 0.581745 0.321102 0.034590 0.055518
0 0.547754 0.288348 0.033392 0.056318
0 0.521113 0.251442 0.033151 0.054720
1 0.832297 0.506950 0.049808 0.071667
3 0.748101 0.411027 0.044385 0.077933
5 0.670462 0.315363 0.048646 0.111006
3 0.637585 0.294468 0.038424 0.075732
1 0.574652 0.231224 0.037064 0.061908
