10 0.644285 0.587759 0.049235 0.098584
11 0.452046 0.669224 0.053421 0.112367
6 0.768210 0.487642 0.034349 0.054242
6 0.479894 0.610589 0.037770 0.058952
6 0.421466 0.635417 0.039209 0.059720
9 0.671021 0.465998 0.039684 0.073389
6 0.384896 0.590171 0.037194 0.058955
4 0.570793 0.358270 0.040492 0.084202
2 0.304909 0.460138 0.039544 0.071019
0 0.243874 0.490021 0.034681 0.055719
1 0.592738 0.324648 0.034831 0.056400
0 0.337279 0.412856 0.032513 0.052165
0 0.283914 0.433665 0.032354 0.052565
5 0.216895 0.431235 0.053027 0.103760
7 0.469292 0.326867 0.033949 0.056051
