7 0.179688 0.456878 0.038437 0.061829
8 0.237607 0.435750 0.037624 0.069261
9 0.291481 0.418052 0.037227 0.073024
10 0.341452 0.394788 0.042656 0.087422
7 0.437419 0.378350 0.034798 0.056270
11 0.483786 0.343206 0.040358 0.099505
6 0.207786 0.483304 0.034883 0.057982
6 0.266087 0.464100 0.033086 0.055120
6 0.321810 0.446572 0.033229 0.055033
9 0.423089 0.406097 0.036426 0.072057
6 0.473587 0.398286 0.031178 0.052367
6 0.515332 0.385493 0.030755 0.051260
6 0.563460 0.369250 0.028893 0.050062
8 0.438503 0.465050 0.038542 0.071761
2 0.527612 0.470902 0.038727 0.072376
0 0.521297 0.522998 0.035706 0.059993
2 0.618537 0.477373 0.039014 0.071895
0 0.381512 0.623799 0.040264 0.066719
0 0.446410 0.596815 0.039303 0.065088
0 0.506802 0.573136 0.038154 0.063174
4 0.609041 0.512035 0.047393 0.099733
0 0.666270 0.508317 0.035202 0.057747
0 0.709578 0.487095 0.035316 0.058324
0 0.763682 0.468877 0.034909 0.056719
1 0.421831 0.654398 0.049176 0.079375
3 0.548213 0.593966 0.047357 0.090876
5 0.662059 0.527554 0.052041 0.125062
3 0.712316 0.523031 0.044059 0.086042
1 0.813576 0.490527 0.040661 0.065983
