10 0.466781 0.250312 0.046589 0.095592
11 0.666799 0.242604 0.047165 0.111465
6 0.261867 0.308255 0.037386 0.059115
6 0.605394 0.308745 0.036328 0.059528
6 0.667943 0.309175 0.037383 0.060010
9 0.332594 0.344797 0.043236 0.081865
6 0.677576 0.352313 0.038245 0.060583
4 0.314006 0.488486 0.055674 0.104564
2 0.693519 0.495462 0.047930 0.085794
0 0.773257 0.501300 0.044372 0.064801
1 0.546037 0.557637 0.049658 0.077454
0 0.621512 0.560527 0.043057 0.065983
0 0.697458 0.555594 0.043040 0.065570
5 0.785801 0.538175 0.065430 0.125062
7 0.375386 0.620654 0.050999 0.080618
