7 0.853748 0.480044 0.048083 0.071090
8 0.800858 0.506813 0.048968 0.081322
9 0.745065 0.535407 0.047279 0.084779
10 0.691593 0.564188 0.058219 0.107210
11 0.631346 0.593247 0.057008 0.118988
9 0.565465 0.644010 0.049349 0.087422
7 0.437715 0.730443 0.053392 0.081387
6 0.801284 0.443289 0.039111 0.059587
6 0.749691 0.474061 0.039225 0.060394
6 0.695570 0.504425 0.041413 0.060615
6 0.516281 0.602461 0.042946 0.064707
6 0.457425 0.635628 0.042754 0.066432
6 0.384378 0.677567 0.043138 0.066338
8 0.475252 0.549805 0.045342 0.080234
0 0.549593 0.448135 0.037962 0.059720
6 0.447386 0.434341 0.037194 0.060296
2 0.353309 0.420461 0.043617 0.078988
0 0.580195 0.271838 0.033470 0.055680
0 0.529191 0.294284 0.034189 0.055996
0 0.476867 0.317210 0.034671 0.057598
0 0.423304 0.340617 0.035710 0.057594
4 0.374839 0.348825 0.047067 0.096243
0 0.311125 0.390511 0.036266 0.058555
0 0.256004 0.418511 0.038187 0.060231
0 0.185308 0.444194 0.039144 0.061110
1 0.543641 0.239076 0.038102 0.061829
2 0.490728 0.257783 0.038024 0.071816
3 0.441885 0.274800 0.039590 0.074964
5 0.332261 0.307563 0.048545 0.110433
3 0.276183 0.345788 0.041527 0.077533
1 0.149175 0.401383 0.044860 0.070169
