7 0.339611 0.440599 0.039919 0.062923
10 0.397118 0.415830 0.044574 0.092220
11 0.565353 0.371772 0.042848 0.106019
6 0.232334 0.503849 0.036712 0.060010
6 0.541128 0.434245 0.033174 0.055365
6 0.590701 0.423265 0.034189 0.055358
6 0.649775 0.409564 0.033151 0.053841
4 0.253257 0.517752 0.051488 0.103805
8 0.448844 0.483065 0.040501 0.075010
2 0.619194 0.443403 0.039463 0.072614
0 0.278758 0.574128 0.040837 0.065221
7 0.477881 0.520086 0.042676 0.068213
9 0.372233 0.584976 0.046107 0.087041
6 0.444035 0.574738 0.039007 0.062243
0 0.508109 0.558796 0.038906 0.062949
3 0.634583 0.515994 0.043997 0.083206
2 0.731128 0.538639 0.043936 0.080124
0 0.434972 0.680763 0.043597 0.070518
0 0.709938 0.600726 0.040260 0.065664
0 0.766737 0.580451 0.041123 0.064801
0 0.836188 0.565018 0.035788 0.063610
1 0.385314 0.750669 0.053376 0.086735
1 0.543195 0.704312 0.050498 0.085355
5 0.815120 0.594478 0.060130 0.132848
