7 0.519232 0.241536 0.035879 0.058379
8 0.560522 0.268693 0.037419 0.066976
9 0.600908 0.299237 0.037865 0.070615
10 0.648195 0.323861 0.046494 0.089342
11 0.695557 0.350091 0.050039 0.103646
9 0.742728 0.400465 0.041940 0.075410
7 0.850202 0.477450 0.047741 0.066240
6 0.473958 0.268079 0.033359 0.052435
6 0.517049 0.298947 0.033070 0.053584
6 0.559466 0.332018 0.034128 0.054928
6 0.697983 0.438882 0.036188 0.056240
6 0.743677 0.474271 0.038265 0.057676
6 0.802871 0.517448 0.039701 0.058236
8 0.653698 0.459637 0.044290 0.073141
0 0.505555 0.419539 0.035947 0.057035
6 0.499362 0.493783 0.037194 0.055983
2 0.360558 0.440236 0.043617 0.073812
2 0.496284 0.562287 0.046012 0.076976
0 0.223963 0.403820 0.036585 0.056637
0 0.264520 0.442316 0.037705 0.057438
0 0.306258 0.482738 0.038584 0.058392
0 0.349188 0.524093 0.038584 0.058232
4 0.392861 0.546992 0.050384 0.096283
0 0.441431 0.610872 0.040661 0.060312
0 0.493395 0.653929 0.041699 0.060312
0 0.544240 0.711284 0.043695 0.062549
1 0.165812 0.429746 0.044873 0.067786
3 0.244359 0.505910 0.046113 0.080752
5 0.335190 0.584772 0.055641 0.111673
3 0.381943 0.642746 0.048542 0.081904
1 0.483547 0.754316 0.050518 0.076966
