10 0.696097 0.333009 0.043366 0.088460
11 0.800465 0.446878 0.053490 0.106061
6 0.560047 0.264530 0.030290 0.049463
6 0.705381 0.447454 0.035892 0.055098
6 0.736611 0.487601 0.037383 0.056940
6 0.679842 0.512044 0.037731 0.057057
0 0.455519 0.295335 0.031286 0.052090
7 0.469990 0.424572 0.039688 0.063174
2 0.491291 0.576434 0.044385 0.072373
0 0.524984 0.635503 0.039277 0.059580
4 0.308426 0.372257 0.049118 0.087197
9 0.353535 0.457773 0.041380 0.073893
0 0.399963 0.556071 0.037464 0.056237
0 0.429530 0.603490 0.039079 0.058516
1 0.234880 0.359678 0.041009 0.060977
5 0.354175 0.612261 0.056019 0.110088
