7 0.227669 0.346841 0.040898 0.067581
10 0.342842 0.294538 0.045632 0.096914
11 0.511217 0.231561 0.044746 0.110316
6 0.188957 0.407892 0.038057 0.060778
6 0.494137 0.304500 0.034831 0.057197
6 0.543984 0.287765 0.034193 0.057275
7 0.412666 0.373861 0.041413 0.068444
6 0.583647 0.317083 0.034111 0.057754
0 0.254901 0.485309 0.040420 0.065026
4 0.292759 0.507629 0.053258 0.107555
9 0.354422 0.492900 0.045342 0.083398
6 0.422243 0.474421 0.039492 0.061543
0 0.483244 0.452030 0.039274 0.061774
2 0.701733 0.413797 0.044385 0.079372
0 0.433408 0.589440 0.043021 0.067064
0 0.688229 0.482918 0.039915 0.063382
0 0.740798 0.456634 0.039915 0.063958
0 0.805275 0.434489 0.037959 0.061543
1 0.398984 0.665745 0.052181 0.082135
1 0.542980 0.605939 0.048792 0.080140
5 0.792160 0.473553 0.059632 0.124508
