7 0.152028 0.658044 0.045671 0.073275
8 0.180081 0.611807 0.043809 0.077070
9 0.207362 0.570635 0.042464 0.081003
10 0.227362 0.525760 0.050661 0.094971
7 0.269834 0.473854 0.037292 0.060391
11 0.290112 0.423586 0.043942 0.101917
6 0.220975 0.670846 0.039880 0.064609
6 0.245083 0.625889 0.038057 0.061829
9 0.310837 0.505513 0.039622 0.075732
6 0.331263 0.480238 0.033711 0.053841
6 0.347718 0.453317 0.033073 0.052246
6 0.364814 0.422441 0.030996 0.050566
6 0.401268 0.596546 0.036715 0.059531
8 0.414548 0.555125 0.042897 0.070973
2 0.493211 0.526693 0.040342 0.068691
0 0.548651 0.572744 0.036188 0.059434
2 0.565625 0.500615 0.038984 0.067663
0 0.582158 0.714569 0.041413 0.068063
0 0.593695 0.665249 0.039622 0.064867
0 0.605068 0.620721 0.037865 0.062308
3 0.623638 0.537122 0.040492 0.079141
0 0.630259 0.509666 0.032848 0.054723
0 0.632264 0.478913 0.032354 0.054720
0 0.646123 0.447477 0.031634 0.052402
1 0.657839 0.721270 0.048216 0.077266
3 0.675238 0.621403 0.045150 0.084453
4 0.678130 0.574600 0.046820 0.099271
5 0.687699 0.525273 0.048314 0.114570
1 0.705578 0.449507 0.035947 0.059912
