7 0.652020 0.511250 0.039684 0.063939
11 0.413153 0.566214 0.050153 0.113190
6 0.726367 0.445033 0.033151 0.053522
10 0.621600 0.463049 0.045277 0.091937
6 0.444578 0.529242 0.035277 0.056556
6 0.388643 0.546833 0.036523 0.057806
6 0.319183 0.567116 0.036016 0.057917
4 0.695368 0.400560 0.044766 0.086563
8 0.534710 0.453916 0.037227 0.069421
9 0.364142 0.499465 0.039945 0.076130
0 0.659448 0.380627 0.032419 0.051657
7 0.505977 0.422147 0.035755 0.059626
2 0.452669 0.433818 0.037865 0.069180
9 0.582992 0.356969 0.035645 0.070059
6 0.530285 0.379154 0.030837 0.051126
0 0.479718 0.391686 0.031872 0.053444
3 0.368524 0.412541 0.038545 0.073161
2 0.290243 0.398285 0.037627 0.068301
0 0.528288 0.313001 0.029798 0.049447
0 0.324041 0.361771 0.031475 0.050807
0 0.273869 0.376868 0.033382 0.051764
0 0.210854 0.388034 0.032731 0.052370
1 0.553354 0.273757 0.033285 0.053724
1 0.456400 0.294225 0.032826 0.055254
5 0.252178 0.323468 0.043424 0.099027
