7 0.611099 0.291730 0.036546 0.057451
9 0.657594 0.340425 0.037786 0.074131
10 0.686986 0.362860 0.045898 0.092484
7 0.747699 0.441424 0.042083 0.067484
11 0.780000 0.456450 0.052181 0.119541
6 0.557653 0.304134 0.030833 0.052324
6 0.582018 0.331733 0.031953 0.053682
9 0.656364 0.414087 0.042819 0.079723
6 0.685596 0.460946 0.036667 0.059671
6 0.713075 0.494697 0.038903 0.062148
6 0.749780 0.538752 0.040739 0.063988
8 0.550225 0.363647 0.036986 0.068701
6 0.491157 0.382604 0.035179 0.055885
8 0.510999 0.406146 0.039062 0.070938
2 0.472023 0.454883 0.042751 0.073906
0 0.386878 0.443094 0.036120 0.059704
2 0.428647 0.508325 0.044001 0.077262
0 0.276908 0.357453 0.032207 0.055218
0 0.291056 0.388683 0.032210 0.056481
0 0.307046 0.421411 0.036123 0.058896
3 0.337406 0.482586 0.043698 0.083558
0 0.358293 0.532762 0.039919 0.063727
0 0.383140 0.572448 0.040374 0.066029
0 0.399533 0.623696 0.043252 0.068675
1 0.216968 0.364852 0.038825 0.062979
3 0.240257 0.422297 0.041986 0.081559
4 0.256626 0.448786 0.050798 0.099108
5 0.270994 0.482513 0.053558 0.121061
1 0.320516 0.639386 0.049463 0.080524
