7 0.715396 0.494136 0.051494 0.076475
11 0.684561 0.518872 0.061152 0.131689
6 0.770303 0.290119 0.034316 0.056748
10 0.727295 0.338962 0.052454 0.101562
9 0.671615 0.422129 0.046491 0.087520
6 0.639079 0.475023 0.039876 0.065378
6 0.608887 0.516247 0.041992 0.066725
6 0.572295 0.569248 0.043379 0.069173
8 0.690029 0.300778 0.043327 0.070456
6 0.661333 0.338060 0.035628 0.060072
9 0.541649 0.481504 0.047497 0.089954
4 0.658988 0.244227 0.046706 0.093063
6 0.598869 0.320407 0.034821 0.057995
7 0.570002 0.349629 0.041605 0.068158
0 0.510617 0.334570 0.036715 0.061159
0 0.484048 0.286520 0.034671 0.059512
2 0.385500 0.379097 0.043330 0.078988
2 0.341548 0.417489 0.046299 0.081963
0 0.489798 0.214624 0.031315 0.054880
0 0.459403 0.242064 0.033311 0.056400
0 0.321821 0.367298 0.037386 0.061829
0 0.287510 0.404562 0.039382 0.064307
0 0.235386 0.444264 0.040420 0.066224
1 0.439360 0.197993 0.035947 0.060244
3 0.374806 0.243525 0.039222 0.077246
1 0.263346 0.342430 0.041699 0.069977
5 0.223452 0.355889 0.055446 0.121361
