7 0.524152 0.631584 0.044098 0.070361
10 0.388960 0.516187 0.047510 0.093753
7 0.308966 0.468200 0.041221 0.063587
11 0.271006 0.420610 0.049922 0.101240
6 0.576405 0.600275 0.037770 0.059144
6 0.526510 0.565238 0.035566 0.056556
9 0.399346 0.462806 0.039707 0.072454
6 0.360308 0.440088 0.032354 0.052480
6 0.326995 0.415124 0.032832 0.053522
6 0.288333 0.386527 0.031556 0.050326
8 0.530117 0.497604 0.038984 0.071895
6 0.576281 0.469012 0.033740 0.053395
8 0.535916 0.435693 0.037705 0.067422
9 0.453988 0.379803 0.037064 0.069652
2 0.538224 0.380700 0.035947 0.067370
0 0.663538 0.412832 0.033392 0.053600
0 0.620960 0.385190 0.032272 0.052484
2 0.541221 0.333569 0.034883 0.066038
0 0.802297 0.442069 0.034671 0.055518
0 0.752008 0.413151 0.034271 0.053600
3 0.624020 0.329497 0.035853 0.069977
0 0.580978 0.313856 0.030114 0.049131
0 0.541675 0.294723 0.029157 0.049687
0 0.506727 0.269800 0.029554 0.048089
1 0.842941 0.412329 0.038903 0.061351
3 0.749310 0.353805 0.037546 0.069499
4 0.705070 0.325088 0.040420 0.085156
1 0.623838 0.288527 0.034030 0.056462
5 0.584526 0.250288 0.039782 0.096533
