7 0.691600 0.749368 0.053695 0.071641
8 0.608156 0.713674 0.051924 0.079567
9 0.531322 0.684948 0.051380 0.074486
10 0.452324 0.652728 0.059909 0.096491
11 0.376388 0.623558 0.064606 0.096589
9 0.305715 0.603481 0.052165 0.071494
8 0.233206 0.576922 0.060163 0.075576
7 0.168075 0.558955 0.060277 0.068789
6 0.717139 0.677520 0.043424 0.056556
6 0.634652 0.650822 0.042754 0.057419
6 0.557244 0.622160 0.041891 0.056273
6 0.342134 0.543621 0.041221 0.055192
6 0.280544 0.521976 0.043776 0.056478
6 0.208929 0.497052 0.045293 0.053604
6 0.544033 0.473167 0.038105 0.054401
6 0.472816 0.452557 0.037227 0.053923
0 0.502118 0.393914 0.037067 0.057594
2 0.466740 0.320728 0.040166 0.074482
0 0.815060 0.370685 0.040661 0.057197
0 0.743405 0.350994 0.038105 0.056637
0 0.676304 0.331261 0.037308 0.056637
0 0.611838 0.313410 0.036025 0.055439
0 0.490127 0.279593 0.034668 0.054479
0 0.431812 0.266813 0.034352 0.055280
0 0.373298 0.246003 0.033789 0.054082
1 0.834712 0.319727 0.049847 0.065423
2 0.759603 0.296291 0.042754 0.073525
3 0.700376 0.278104 0.041755 0.072699
4 0.635521 0.251519 0.044635 0.090876
5 0.573289 0.230537 0.048083 0.105716
3 0.515008 0.228452 0.039782 0.072087
1 0.399486 0.200047 0.039206 0.062308
