7 0.761320 0.392220 0.041989 0.065762
10 0.742109 0.447352 0.051536 0.101227
11 0.702905 0.564935 0.055355 0.128099
6 0.709871 0.354709 0.033551 0.054880
6 0.641755 0.539030 0.038535 0.063841
6 0.626130 0.579243 0.041029 0.066240
6 0.552508 0.572533 0.039495 0.065280
0 0.585469 0.343258 0.033548 0.054980
4 0.526520 0.324627 0.044095 0.090876
9 0.513444 0.358888 0.038346 0.075921
6 0.494829 0.401912 0.033838 0.057516
7 0.470355 0.434552 0.041315 0.064801
2 0.342909 0.538983 0.048408 0.078317
0 0.395299 0.359604 0.033353 0.055322
0 0.304430 0.496927 0.037767 0.060488
0 0.283101 0.536326 0.039398 0.063747
0 0.247041 0.580874 0.041536 0.065745
1 0.359850 0.320415 0.037344 0.060381
1 0.312952 0.380560 0.039811 0.062441
5 0.210299 0.501589 0.057422 0.121615
