7 0.386768 0.732721 0.048314 0.072331
8 0.355083 0.670474 0.047451 0.071800
9 0.329451 0.611722 0.044671 0.075059
10 0.298781 0.553713 0.054111 0.094417
11 0.275080 0.499793 0.058551 0.102607
9 0.254285 0.465706 0.042660 0.070553
8 0.229691 0.428512 0.044896 0.063105
7 0.209751 0.392928 0.041527 0.060967
6 0.457367 0.705184 0.040742 0.058473
6 0.422186 0.646183 0.038630 0.057230
6 0.391678 0.592155 0.037464 0.055521
6 0.365477 0.541268 0.035869 0.055361
6 0.338156 0.497132 0.036025 0.054961
6 0.314710 0.451320 0.034193 0.052803
6 0.294020 0.415093 0.034349 0.052406
6 0.271055 0.374272 0.031712 0.050485
0 0.511084 0.430926 0.033418 0.052790
0 0.763916 0.564577 0.039941 0.055658
0 0.721144 0.515680 0.037477 0.054128
0 0.683135 0.471076 0.035482 0.053324
0 0.648021 0.430072 0.033958 0.051999
0 0.584971 0.357340 0.031289 0.049538
0 0.556761 0.324777 0.030345 0.050426
0 0.529495 0.291203 0.029512 0.048096
1 0.819930 0.538755 0.048545 0.062692
2 0.774845 0.486738 0.048792 0.066621
3 0.738221 0.445449 0.040980 0.068301
4 0.703978 0.395977 0.047930 0.085892
5 0.666034 0.354178 0.045277 0.097731
3 0.633797 0.332837 0.035869 0.067021
2 0.605360 0.300459 0.034189 0.061751
1 0.576777 0.273050 0.032513 0.054401
