7 0.320918 0.676138 0.051764 0.079372
8 0.303923 0.615881 0.049271 0.078415
9 0.290158 0.557511 0.048122 0.085798
10 0.271216 0.500430 0.054111 0.104355
11 0.256598 0.446139 0.052318 0.114160
7 0.217887 0.341587 0.041413 0.065186
6 0.400186 0.661895 0.044577 0.067773
6 0.377995 0.603755 0.041029 0.064229
6 0.359492 0.550409 0.039688 0.062594
9 0.327542 0.447896 0.043711 0.079658
6 0.312259 0.409253 0.034883 0.058447
6 0.299585 0.372546 0.034951 0.057383
6 0.285207 0.330728 0.034215 0.055719
8 0.374736 0.393748 0.041699 0.071416
0 0.482194 0.471950 0.037227 0.060143
6 0.528175 0.411825 0.035628 0.059352
2 0.637912 0.483745 0.046572 0.077327
2 0.565321 0.357194 0.039704 0.073333
0 0.765054 0.574139 0.041742 0.064840
0 0.732435 0.521283 0.040938 0.062311
0 0.703278 0.472819 0.038809 0.060710
0 0.676151 0.428385 0.038213 0.059180
4 0.649909 0.374868 0.046927 0.097041
0 0.625977 0.348914 0.034681 0.056318
0 0.599893 0.314331 0.034284 0.057028
0 0.583223 0.276247 0.033118 0.054421
1 0.834941 0.556092 0.049349 0.073851
3 0.770656 0.452630 0.045055 0.079180
5 0.711178 0.351270 0.048887 0.111478
3 0.685272 0.328177 0.040492 0.076842
1 0.640210 0.262326 0.037679 0.062243
