7 0.395194 0.296696 0.030628 0.049928
8 0.441646 0.306541 0.030622 0.057848
9 0.486619 0.319543 0.031475 0.060472
10 0.535685 0.326382 0.037041 0.076266
11 0.584907 0.334137 0.037673 0.088672
9 0.636930 0.360907 0.032832 0.062471
8 0.688734 0.375485 0.034193 0.060072
7 0.742487 0.392757 0.038184 0.054642
6 0.370615 0.328311 0.027962 0.044668
6 0.419105 0.341724 0.027695 0.045934
6 0.467367 0.356235 0.027826 0.045934
6 0.515597 0.370781 0.028428 0.046934
6 0.565059 0.384927 0.028561 0.047132
6 0.618979 0.401504 0.029626 0.046732
6 0.667708 0.416315 0.030423 0.047728
6 0.727754 0.432891 0.031087 0.048529
0 0.225767 0.506543 0.034508 0.048887
0 0.280438 0.526001 0.033838 0.050231
0 0.335365 0.546374 0.033646 0.050710
0 0.391203 0.566790 0.033551 0.050710
0 0.448145 0.586442 0.033932 0.051283
0 0.507482 0.608201 0.034704 0.051286
0 0.566628 0.629482 0.035658 0.052819
0 0.634305 0.655461 0.037002 0.052243
1 0.187279 0.545319 0.045918 0.060104
2 0.246195 0.563818 0.045931 0.069818
3 0.298239 0.585091 0.041315 0.070169
4 0.356808 0.603089 0.048083 0.086725
5 0.418835 0.619888 0.049277 0.097178
3 0.479146 0.652443 0.042679 0.071781
2 0.544373 0.679359 0.044066 0.075000
1 0.610628 0.709027 0.044746 0.066257
