7 0.689137 0.552077 0.046777 0.075729
7 0.567873 0.606113 0.048122 0.076784
11 0.500926 0.611385 0.058115 0.133486
6 0.804639 0.445508 0.037578 0.061445
6 0.751388 0.470096 0.038825 0.062119
10 0.698530 0.476024 0.051488 0.105160
9 0.580729 0.534821 0.045436 0.088672
6 0.517088 0.571938 0.038018 0.065570
6 0.457653 0.596488 0.040742 0.067676
6 0.386234 0.628794 0.041517 0.069020
8 0.656201 0.456187 0.043809 0.078317
9 0.416904 0.549681 0.046589 0.090013
3 0.666265 0.399198 0.041507 0.081768
6 0.604673 0.430981 0.036748 0.059274
8 0.554033 0.445319 0.042337 0.077806
0 0.508597 0.421619 0.036986 0.061670
0 0.523813 0.374447 0.035309 0.059193
2 0.359206 0.429854 0.041986 0.078607
2 0.294422 0.451750 0.043232 0.080140
0 0.590158 0.310340 0.033630 0.056396
0 0.537754 0.329393 0.034271 0.057119
0 0.318159 0.408307 0.035882 0.060645
0 0.263665 0.430861 0.037467 0.062230
0 0.194165 0.451351 0.038903 0.063268
1 0.554076 0.283815 0.037611 0.062376
3 0.450648 0.311842 0.040820 0.076771
4 0.401807 0.323880 0.044863 0.095000
1 0.284663 0.374753 0.041221 0.067773
5 0.227041 0.373099 0.050039 0.116413
