7 0.678037 0.418188 0.032591 0.053298
10 0.668774 0.432308 0.040446 0.082246
11 0.635820 0.516761 0.044746 0.106634
6 0.642617 0.364901 0.027559 0.045452
6 0.586436 0.499704 0.031393 0.052324
6 0.574132 0.528758 0.033792 0.053760
6 0.559173 0.566032 0.033353 0.055586
4 0.595646 0.346929 0.034749 0.075251
8 0.559414 0.429497 0.033952 0.058115
9 0.517248 0.511554 0.037223 0.072542
0 0.541922 0.353441 0.028245 0.045397
7 0.504772 0.423512 0.032266 0.053522
2 0.492285 0.447031 0.036348 0.062376
9 0.483044 0.361849 0.033750 0.063574
6 0.468151 0.394180 0.029798 0.047611
0 0.452643 0.417879 0.029889 0.048864
3 0.418503 0.465475 0.036348 0.070775
2 0.344020 0.492357 0.038346 0.064785
0 0.386172 0.360464 0.027559 0.045732
0 0.310125 0.461074 0.032191 0.051204
0 0.293828 0.489671 0.032194 0.052962
0 0.263844 0.522144 0.033340 0.054476
1 0.357327 0.329919 0.029954 0.049134
1 0.318517 0.373752 0.031689 0.051058
5 0.234736 0.458923 0.043711 0.100540
