7 0.643239 0.321724 0.039017 0.063649
10 0.694233 0.378309 0.048890 0.097894
11 0.786673 0.500692 0.058438 0.122855
6 0.561634 0.298727 0.033262 0.055312
6 0.684679 0.494733 0.039014 0.062982
6 0.711662 0.538779 0.041227 0.064609
7 0.569443 0.418927 0.042500 0.068701
6 0.643939 0.556802 0.040931 0.064801
0 0.441766 0.318719 0.033551 0.056637
4 0.463122 0.339865 0.045436 0.096051
9 0.400059 0.355163 0.039382 0.078366
6 0.419150 0.404276 0.035866 0.059990
0 0.435990 0.442923 0.037865 0.061432
2 0.423833 0.598895 0.050049 0.082477
0 0.270983 0.389928 0.037227 0.059193
0 0.329372 0.569272 0.041699 0.065472
0 0.351852 0.618976 0.043138 0.068252
0 0.365369 0.682676 0.045628 0.069883
1 0.193099 0.358035 0.040645 0.066338
1 0.210382 0.438442 0.045055 0.069821
5 0.265391 0.613208 0.060872 0.129756
