10 0.662736 0.506406 0.055628 0.115540
11 0.454697 0.570913 0.061152 0.146598
6 0.785296 0.432627 0.036667 0.061510
6 0.482113 0.537293 0.041113 0.068636
6 0.417736 0.558911 0.042562 0.071800
9 0.679915 0.415116 0.042578 0.084118
6 0.376423 0.523682 0.041413 0.068444
7 0.492585 0.400856 0.039303 0.065664
2 0.286292 0.421733 0.042754 0.078701
0 0.220879 0.448459 0.038424 0.063109
1 0.585415 0.318285 0.036279 0.057917
4 0.534614 0.316305 0.041064 0.089609
0 0.320693 0.388346 0.034831 0.057598
0 0.264097 0.405081 0.035387 0.059434
5 0.192547 0.393449 0.055628 0.122165
