7 0.409850 0.578229 0.049922 0.080625
7 0.280726 0.523537 0.047969 0.077764
11 0.216108 0.475179 0.059632 0.125228
6 0.666764 0.615483 0.044746 0.071090
6 0.591494 0.587334 0.042656 0.068828
10 0.454897 0.517222 0.054639 0.110778
9 0.390734 0.500493 0.048024 0.090205
6 0.325309 0.481043 0.040072 0.064801
6 0.269710 0.459092 0.041029 0.065182
6 0.202129 0.432922 0.036237 0.061351
8 0.564012 0.510521 0.047451 0.086751
9 0.313480 0.410549 0.045052 0.085700
3 0.671901 0.490575 0.048451 0.087380
6 0.599295 0.470452 0.039144 0.062389
8 0.538569 0.440332 0.045055 0.083014
0 0.570400 0.404961 0.040260 0.064766
0 0.669847 0.391273 0.039688 0.063613
2 0.489320 0.322726 0.042259 0.079476
2 0.430605 0.300558 0.042096 0.078454
0 0.837852 0.397887 0.040488 0.063958
0 0.768717 0.375801 0.038880 0.062806
0 0.523309 0.294451 0.035661 0.058857
0 0.465889 0.278442 0.036042 0.059626
0 0.410288 0.255868 0.036618 0.058955
1 0.869181 0.358678 0.045055 0.071608
3 0.739512 0.310076 0.043138 0.081768
4 0.679106 0.285316 0.047048 0.099850
1 0.561279 0.257603 0.041797 0.067581
5 0.504150 0.219313 0.048190 0.115814
