7 0.590278 0.642803 0.049463 0.078685
10 0.445571 0.586704 0.055492 0.106566
11 0.232067 0.515254 0.064186 0.112500
6 0.697210 0.611624 0.043424 0.062982
6 0.337406 0.502500 0.039753 0.060046
6 0.278252 0.484430 0.039382 0.059115
6 0.308016 0.434839 0.037386 0.057516
0 0.737380 0.497684 0.041387 0.060954
7 0.551335 0.389106 0.040820 0.066624
2 0.397790 0.302048 0.038503 0.072773
0 0.339201 0.296131 0.034085 0.055186
1 0.720607 0.341375 0.040420 0.065902
4 0.658350 0.314902 0.046139 0.092370
9 0.595247 0.307609 0.038743 0.074294
0 0.478991 0.287568 0.033151 0.055052
0 0.423138 0.276200 0.033483 0.055186
1 0.804764 0.320845 0.044495 0.063988
5 0.450020 0.217414 0.043945 0.104450
