7 0.264590 0.426307 0.042754 0.069593
11 0.275469 0.369451 0.047161 0.116644
6 0.292751 0.650654 0.047214 0.075970
10 0.310614 0.530937 0.056182 0.115677
9 0.326655 0.455986 0.048037 0.085892
6 0.336156 0.427523 0.037220 0.060234
6 0.343102 0.397367 0.035469 0.058555
6 0.349246 0.363695 0.034040 0.056875
4 0.375090 0.628543 0.060186 0.127549
8 0.381714 0.591361 0.050270 0.086504
9 0.406800 0.387493 0.040547 0.081003
7 0.471346 0.499967 0.045785 0.073620
6 0.544692 0.542920 0.041182 0.067982
0 0.544292 0.501577 0.040355 0.065856
3 0.610140 0.453206 0.044479 0.086178
2 0.605153 0.422933 0.042083 0.075156
2 0.603716 0.388612 0.040739 0.070544
0 0.723646 0.649451 0.047624 0.077074
0 0.711637 0.593338 0.045091 0.071436
0 0.675189 0.426567 0.036810 0.060967
0 0.663159 0.394692 0.035179 0.060296
0 0.661816 0.362101 0.035182 0.056846
1 0.809577 0.645023 0.054525 0.086621
1 0.746758 0.424245 0.042754 0.069499
5 0.734679 0.367552 0.049808 0.118138
