7 0.783315 0.510010 0.051878 0.078223
11 0.800306 0.546576 0.066810 0.131829
6 0.646825 0.290013 0.035277 0.057995
10 0.667039 0.351989 0.049925 0.103066
9 0.687894 0.454276 0.047279 0.089268
6 0.699701 0.519435 0.043138 0.067679
6 0.711589 0.572350 0.045820 0.069596
6 0.728285 0.641299 0.048887 0.072852
4 0.586436 0.275436 0.046243 0.095592
8 0.591667 0.325296 0.041699 0.073014
9 0.630838 0.564248 0.052340 0.093867
6 0.529023 0.376180 0.037962 0.061540
7 0.529609 0.416107 0.044863 0.071549
0 0.457300 0.420457 0.040837 0.064762
2 0.384297 0.520957 0.051491 0.082409
2 0.378914 0.582796 0.054248 0.085169
0 0.320960 0.300492 0.035618 0.059434
0 0.317970 0.341113 0.037946 0.062389
0 0.300970 0.533029 0.044479 0.068252
0 0.301976 0.589443 0.045918 0.070456
0 0.288158 0.659045 0.048197 0.073389
1 0.255340 0.298719 0.041221 0.067666
3 0.240597 0.372931 0.045628 0.086755
1 0.214004 0.529800 0.054766 0.080303
5 0.207993 0.567241 0.067087 0.132380
