7 0.657964 0.360404 0.041507 0.063366
7 0.737000 0.421323 0.041605 0.067295
11 0.779427 0.432983 0.050846 0.118252
6 0.498472 0.297010 0.032594 0.053682
6 0.533643 0.324097 0.033952 0.054854
10 0.566802 0.335666 0.044632 0.093519
9 0.640988 0.403089 0.041221 0.080618
6 0.681753 0.446790 0.035947 0.059753
6 0.719736 0.477946 0.037624 0.061510
6 0.768065 0.516050 0.038584 0.062790
3 0.515418 0.360202 0.039782 0.078893
9 0.663693 0.488617 0.044424 0.083158
6 0.459580 0.387365 0.033470 0.057757
8 0.492835 0.409341 0.040898 0.073812
0 0.437632 0.438623 0.037412 0.060378
0 0.344899 0.426574 0.036615 0.059847
2 0.447332 0.522152 0.044495 0.080521
2 0.484142 0.562868 0.045374 0.080762
0 0.222365 0.382900 0.035706 0.058874
0 0.252474 0.414731 0.036549 0.060179
0 0.383877 0.555033 0.039915 0.064531
0 0.424079 0.591038 0.041641 0.065911
0 0.459683 0.637568 0.042445 0.068099
1 0.161230 0.396807 0.041061 0.067663
3 0.217207 0.456167 0.043997 0.084932
4 0.250312 0.481885 0.050384 0.103184
1 0.314036 0.575015 0.048027 0.075732
5 0.351112 0.591507 0.058115 0.129206
