7 0.570008 0.294165 0.033063 0.053089
7 0.697321 0.406992 0.037148 0.060553
11 0.725531 0.411159 0.045690 0.110983
6 0.519930 0.305710 0.028890 0.048132
6 0.543595 0.327046 0.028825 0.049795
10 0.592088 0.356714 0.043714 0.086755
9 0.614422 0.387293 0.037555 0.073734
6 0.640994 0.423026 0.032673 0.054242
6 0.665799 0.447430 0.034671 0.056396
6 0.697992 0.477785 0.034668 0.057197
8 0.515363 0.351514 0.035387 0.064466
9 0.609448 0.449756 0.039880 0.076497
6 0.460075 0.369136 0.031315 0.051605
8 0.480812 0.385384 0.037067 0.065905
0 0.350387 0.391678 0.033392 0.053682
0 0.367402 0.418200 0.033392 0.054323
2 0.410588 0.463750 0.039144 0.070697
2 0.431157 0.494544 0.040980 0.072376
0 0.257721 0.355571 0.031471 0.051924
0 0.274775 0.379416 0.032513 0.053285
3 0.325391 0.446151 0.041380 0.078128
0 0.348869 0.484383 0.035309 0.057119
0 0.373713 0.511943 0.036266 0.059674
0 0.391606 0.546493 0.037386 0.061351
1 0.201779 0.362384 0.035947 0.058395
3 0.231204 0.404248 0.040605 0.076152
4 0.250485 0.422424 0.044746 0.092028
1 0.283415 0.494282 0.043138 0.065954
5 0.304481 0.500703 0.050960 0.118138
