7 0.466992 0.299268 0.038105 0.064466
10 0.572590 0.317332 0.045628 0.094710
11 0.750553 0.363926 0.048776 0.115938
6 0.376746 0.311821 0.033486 0.055719
6 0.659565 0.404318 0.036618 0.059912
6 0.715929 0.423105 0.038343 0.060872
6 0.688755 0.459390 0.039398 0.061735
0 0.300220 0.371836 0.036344 0.059115
4 0.262539 0.389385 0.052454 0.098008
9 0.315151 0.414574 0.042744 0.080332
6 0.375425 0.445298 0.037100 0.060296
7 0.432288 0.468677 0.044766 0.070745
2 0.582503 0.570758 0.047546 0.086849
0 0.654168 0.603587 0.042907 0.067754
0 0.231317 0.498825 0.040550 0.063171
0 0.477536 0.597227 0.041986 0.067637
0 0.544829 0.619520 0.043024 0.067412
1 0.122410 0.509495 0.048695 0.073236
1 0.238258 0.560589 0.048411 0.075729
5 0.498828 0.643052 0.061426 0.135277
