7 0.598218 0.551486 0.038506 0.049606
10 0.557358 0.562554 0.047738 0.072660
11 0.408079 0.624427 0.047611 0.078125
6 0.650068 0.479670 0.030690 0.041143
6 0.425565 0.569940 0.031396 0.044176
6 0.379512 0.588870 0.032591 0.045612
4 0.626818 0.436191 0.047165 0.066432
3 0.497184 0.488543 0.035684 0.053786
6 0.348757 0.546014 0.031152 0.044574
0 0.592026 0.408050 0.029736 0.039831
7 0.468726 0.451213 0.034606 0.048408
9 0.527565 0.382609 0.032565 0.056475
6 0.483317 0.403097 0.028014 0.042217
0 0.441484 0.415496 0.027760 0.043070
2 0.275607 0.419997 0.033630 0.058633
0 0.474515 0.325454 0.026361 0.040550
0 0.300409 0.375835 0.027354 0.042327
0 0.256102 0.391779 0.028558 0.043604
0 0.201414 0.403994 0.029424 0.044069
1 0.493848 0.281486 0.032819 0.045732
1 0.411170 0.301457 0.030954 0.047998
5 0.233369 0.338709 0.039303 0.080042
