7 0.225096 0.524382 0.043044 0.068444
10 0.279162 0.446055 0.046781 0.095286
11 0.354767 0.352887 0.042848 0.104583
6 0.256587 0.577816 0.038825 0.063555
6 0.390633 0.411576 0.032686 0.054121
6 0.411313 0.386942 0.032275 0.053604
6 0.469006 0.392756 0.032673 0.053363
0 0.394491 0.601029 0.039704 0.064147
4 0.462547 0.592267 0.051305 0.108590
6 0.505936 0.535005 0.036748 0.060231
7 0.533451 0.498011 0.042943 0.066816
2 0.642772 0.414552 0.039411 0.066969
0 0.655653 0.390853 0.032354 0.053854
0 0.622310 0.599089 0.039463 0.064147
9 0.658410 0.514564 0.043057 0.081400
0 0.689069 0.458294 0.035404 0.056719
0 0.698368 0.428617 0.032275 0.055996
1 0.675496 0.653592 0.047262 0.077646
1 0.712882 0.569896 0.044189 0.071608
5 0.764759 0.412658 0.047969 0.113766
