7 0.545521 0.206453 0.034948 0.057184
10 0.650583 0.275251 0.043711 0.090397
7 0.730959 0.348102 0.041533 0.065267
11 0.774974 0.361514 0.051764 0.112389
6 0.497549 0.225776 0.030833 0.051286
6 0.532054 0.252617 0.030840 0.052884
9 0.638859 0.332306 0.041123 0.077933
6 0.679839 0.375837 0.034606 0.056940
6 0.717790 0.407282 0.037077 0.059245
6 0.767583 0.446624 0.038545 0.059915
8 0.516032 0.290301 0.038535 0.069404
6 0.464118 0.318721 0.033151 0.055677
8 0.496478 0.341730 0.039303 0.071800
9 0.572360 0.408075 0.042852 0.080140
2 0.477729 0.398172 0.040902 0.074274
0 0.385918 0.397674 0.035846 0.058571
2 0.457158 0.460594 0.043216 0.077249
0 0.237049 0.318734 0.033936 0.056367
0 0.266048 0.351230 0.034798 0.056940
0 0.295957 0.384972 0.036908 0.058285
3 0.357288 0.447590 0.043906 0.081481
0 0.395838 0.496597 0.038421 0.061657
0 0.436273 0.534730 0.039915 0.062695
0 0.473050 0.584458 0.041986 0.065107
1 0.178000 0.334992 0.041123 0.064515
3 0.232666 0.396253 0.043483 0.081445
4 0.263709 0.423216 0.050999 0.098841
1 0.327811 0.519533 0.046878 0.073141
5 0.365760 0.541621 0.056872 0.122025
