7 0.526914 0.235651 0.038919 0.066048
10 0.630483 0.259411 0.046475 0.097663
11 0.805827 0.317697 0.050957 0.119632
6 0.434264 0.244229 0.034349 0.057754
6 0.709271 0.355042 0.037546 0.061510
6 0.764671 0.377690 0.038906 0.063031
6 0.730881 0.414596 0.039704 0.062708
0 0.349219 0.302775 0.035788 0.060791
4 0.307148 0.318620 0.052318 0.098698
7 0.467057 0.410059 0.044017 0.072852
6 0.364126 0.421172 0.038981 0.063665
2 0.603955 0.524736 0.048984 0.088385
0 0.673763 0.562869 0.043138 0.068063
0 0.263026 0.429105 0.040420 0.063906
9 0.375444 0.476230 0.046299 0.088574
0 0.493141 0.544907 0.038822 0.067581
0 0.559567 0.572155 0.043405 0.068431
1 0.154442 0.433921 0.048799 0.073096
1 0.210133 0.464816 0.048040 0.073988
5 0.505858 0.594445 0.062282 0.136162
