7 0.696748 0.323631 0.043522 0.066527
7 0.762126 0.403340 0.045436 0.071608
11 0.800765 0.427290 0.061081 0.123890
6 0.552437 0.237119 0.032913 0.054798
10 0.604657 0.287467 0.047393 0.098125
9 0.662373 0.372223 0.044290 0.084355
6 0.695838 0.427017 0.038825 0.063265
6 0.726992 0.468955 0.041315 0.064896
6 0.769105 0.523032 0.043776 0.066702
8 0.520806 0.276257 0.038825 0.073047
6 0.544767 0.319520 0.034508 0.059033
9 0.660648 0.477189 0.049271 0.087425
4 0.442747 0.245063 0.043711 0.094710
6 0.482578 0.333618 0.034271 0.058955
0 0.442656 0.389289 0.038210 0.061976
0 0.354388 0.365203 0.037943 0.061351
2 0.420158 0.489429 0.046702 0.082477
2 0.443970 0.544818 0.049463 0.084206
0 0.251898 0.303815 0.035710 0.058874
0 0.267954 0.341559 0.037783 0.060553
0 0.344710 0.519053 0.043138 0.066432
0 0.372655 0.568809 0.044189 0.068145
0 0.392018 0.632935 0.046491 0.070264
1 0.186138 0.313480 0.043538 0.067422
3 0.212961 0.385280 0.045439 0.086159
1 0.261528 0.534476 0.047510 0.078451
5 0.284798 0.566081 0.064049 0.135000
