7 0.721245 0.391497 0.036546 0.058184
11 0.779727 0.381414 0.044863 0.106982
6 0.437119 0.364458 0.029557 0.049528
10 0.535492 0.369894 0.039876 0.085986
9 0.643577 0.398451 0.037148 0.073418
6 0.702531 0.420275 0.033018 0.053923
6 0.756400 0.431639 0.033815 0.055518
6 0.822204 0.444753 0.034414 0.056452
4 0.410241 0.370106 0.039688 0.085316
8 0.459476 0.390090 0.034668 0.066624
6 0.511576 0.408368 0.031237 0.052484
9 0.734539 0.447980 0.040739 0.078044
6 0.484377 0.432611 0.031794 0.054642
7 0.536440 0.443398 0.038343 0.060775
0 0.511504 0.473966 0.034987 0.057679
0 0.422633 0.490104 0.035866 0.059753
2 0.597840 0.527153 0.041794 0.079372
2 0.666673 0.546517 0.044089 0.081289
0 0.273366 0.491825 0.035553 0.059313
0 0.329119 0.507370 0.034157 0.059779
0 0.571696 0.572446 0.039225 0.066064
0 0.638519 0.587306 0.041699 0.066383
0 0.711732 0.610994 0.043216 0.068070
1 0.231592 0.518996 0.043216 0.067900
3 0.345926 0.544829 0.044404 0.087425
1 0.535166 0.607580 0.046243 0.075921
5 0.605492 0.600978 0.057702 0.134450
