10 0.727769 0.386947 0.047549 0.088574
11 0.829281 0.515531 0.059473 0.105482
6 0.593197 0.304919 0.029570 0.049766
6 0.729850 0.507733 0.036348 0.056318
6 0.759531 0.553307 0.038353 0.058158
9 0.563571 0.349948 0.037865 0.072135
6 0.699342 0.575155 0.038105 0.057757
2 0.499881 0.629915 0.047067 0.073620
0 0.530239 0.694727 0.041891 0.061829
1 0.316960 0.370872 0.037383 0.062214
4 0.329489 0.400848 0.047507 0.088792
0 0.407375 0.600107 0.039476 0.058646
0 0.434427 0.653267 0.040072 0.060967
5 0.454010 0.702943 0.060130 0.113301
7 0.300765 0.512655 0.042448 0.066260
