11 0.211408 0.484829 0.056943 0.118369
6 0.633394 0.638561 0.043903 0.067292
6 0.316662 0.493084 0.038154 0.061351
6 0.266240 0.469502 0.037962 0.060775
9 0.598309 0.550449 0.045667 0.085111
6 0.307461 0.430822 0.037194 0.058955
4 0.705872 0.422215 0.049193 0.100941
2 0.428872 0.325186 0.039007 0.073333
0 0.375661 0.313013 0.033952 0.056585
1 0.566312 0.337686 0.038906 0.065664
0 0.515597 0.322272 0.033486 0.054987
0 0.463537 0.305731 0.033760 0.055719
5 0.414245 0.260298 0.045208 0.108590
7 0.715441 0.348245 0.040068 0.064967
10 0.655990 0.314419 0.045534 0.093558
