7 0.172990 0.392326 0.040661 0.062868
8 0.236960 0.373608 0.038262 0.069658
9 0.295020 0.358610 0.038411 0.072168
10 0.350627 0.337300 0.041507 0.087712
11 0.404251 0.315991 0.040645 0.102477
9 0.458892 0.318849 0.034430 0.069658
8 0.506463 0.308096 0.032835 0.064863
7 0.551836 0.300099 0.033711 0.055120
6 0.189992 0.426606 0.034814 0.057314
6 0.254432 0.409199 0.033883 0.055918
6 0.315708 0.393589 0.033285 0.054788
6 0.484320 0.351855 0.030996 0.052324
6 0.531090 0.340194 0.030436 0.051683
6 0.584093 0.325854 0.029079 0.050967
0 0.421886 0.438496 0.034749 0.058314
6 0.481883 0.419557 0.033473 0.057357
2 0.603929 0.467313 0.042018 0.076768
0 0.301439 0.632090 0.044095 0.069212
0 0.380812 0.604098 0.042373 0.067103
0 0.455199 0.579080 0.041029 0.066338
0 0.523021 0.555545 0.040358 0.065856
0 0.647826 0.511727 0.035710 0.061351
0 0.699868 0.489679 0.037386 0.060550
0 0.762858 0.472744 0.036986 0.059271
1 0.328774 0.682500 0.054756 0.085124
2 0.415798 0.644543 0.051628 0.094417
3 0.486831 0.618853 0.050960 0.095706
4 0.561720 0.584523 0.054801 0.112913
5 0.627909 0.548965 0.058115 0.130859
3 0.689155 0.542490 0.048727 0.089727
1 0.812586 0.507490 0.048988 0.071608
