7 0.788875 0.425086 0.037464 0.054320
8 0.759430 0.454572 0.041061 0.061989
9 0.726416 0.485285 0.037467 0.066064
10 0.697103 0.516434 0.048600 0.084261
11 0.662114 0.550965 0.049834 0.093590
9 0.620065 0.602547 0.041113 0.068636
8 0.583201 0.646076 0.040452 0.068636
7 0.544736 0.696292 0.046243 0.064876
6 0.737684 0.402223 0.030296 0.046667
6 0.708823 0.433743 0.031423 0.047533
6 0.676370 0.466929 0.031888 0.047731
6 0.642046 0.499401 0.032087 0.048730
6 0.567513 0.574673 0.033952 0.050426
6 0.530557 0.611942 0.036029 0.052562
6 0.484323 0.660247 0.035280 0.051790
6 0.513986 0.476107 0.031885 0.048796
0 0.468145 0.445265 0.031029 0.049261
0 0.523366 0.290599 0.027428 0.045534
0 0.489881 0.315495 0.027425 0.045801
0 0.454666 0.341157 0.027959 0.046930
0 0.418885 0.368219 0.029626 0.046732
0 0.341823 0.425861 0.031087 0.048265
0 0.301283 0.456816 0.031621 0.049193
0 0.252653 0.491340 0.034219 0.050661
1 0.485954 0.268337 0.030423 0.050527
2 0.450618 0.290285 0.031289 0.058050
3 0.417456 0.310635 0.032913 0.061510
4 0.378809 0.331012 0.036810 0.075632
5 0.341787 0.353636 0.040645 0.089629
3 0.302248 0.393781 0.035413 0.063773
2 0.255597 0.423825 0.038278 0.062174
1 0.209409 0.459440 0.040609 0.059180
