7 0.369831 0.595291 0.061152 0.094281
11 0.269860 0.571634 0.069902 0.150241
6 0.837415 0.520327 0.050384 0.078799
10 0.653032 0.505951 0.065570 0.131413
6 0.366766 0.529556 0.049417 0.078265
6 0.281803 0.531281 0.050384 0.077301
6 0.178970 0.533958 0.050615 0.076725
4 0.823958 0.441659 0.065690 0.124528
8 0.733000 0.454072 0.054294 0.100072
9 0.288721 0.458752 0.056022 0.103070
7 0.548343 0.401359 0.052591 0.083649
0 0.791689 0.343538 0.045208 0.074668
9 0.712695 0.335793 0.051764 0.100537
6 0.624476 0.348405 0.044896 0.073893
0 0.544541 0.349206 0.045091 0.074772
3 0.458600 0.293184 0.050729 0.096973
2 0.381333 0.295923 0.049808 0.093291
2 0.295923 0.294886 0.050615 0.093750
0 0.691439 0.251917 0.042103 0.069720
0 0.377705 0.256309 0.041699 0.068255
0 0.302591 0.260037 0.043424 0.070843
0 0.217993 0.257018 0.043135 0.069785
1 0.764852 0.202938 0.049919 0.078447
1 0.382840 0.205645 0.046012 0.078451
5 0.306501 0.182944 0.057975 0.132848
