7 0.816929 0.586250 0.048219 0.070651
7 0.457534 0.641903 0.048408 0.076442
11 0.376981 0.633333 0.057979 0.122995
6 0.786623 0.540438 0.038024 0.060075
6 0.718843 0.551222 0.039222 0.060869
10 0.583569 0.554118 0.053304 0.102572
9 0.511250 0.571287 0.045247 0.083206
6 0.434810 0.588503 0.039782 0.062598
6 0.367371 0.598952 0.041221 0.064323
6 0.283460 0.610697 0.040898 0.064147
8 0.633525 0.507246 0.042578 0.077409
6 0.604456 0.467432 0.035306 0.056159
8 0.544775 0.467464 0.040983 0.075488
9 0.408486 0.482617 0.042754 0.079564
0 0.566144 0.387223 0.034854 0.056940
0 0.503395 0.392399 0.034740 0.057630
2 0.382959 0.400205 0.039492 0.074388
2 0.313939 0.404998 0.041029 0.074964
0 0.667201 0.338333 0.033359 0.054180
0 0.607729 0.344948 0.033818 0.054525
3 0.431071 0.352677 0.039206 0.075635
0 0.366449 0.367897 0.035085 0.055332
0 0.305942 0.376353 0.034626 0.057288
0 0.235828 0.379689 0.035661 0.057288
1 0.650653 0.302671 0.040739 0.059834
3 0.534670 0.306914 0.038662 0.072057
4 0.479779 0.306779 0.041797 0.088864
1 0.356890 0.327228 0.039463 0.063910
5 0.296025 0.314189 0.046934 0.107096
