7 0.421483 0.377235 0.035706 0.059274
11 0.469954 0.339600 0.041413 0.104219
6 0.177669 0.501239 0.037305 0.061351
10 0.295785 0.440967 0.048314 0.097546
9 0.407495 0.409476 0.038584 0.076367
6 0.460438 0.399487 0.032021 0.054521
6 0.504207 0.384043 0.032620 0.053587
6 0.553035 0.365535 0.030824 0.052393
4 0.206416 0.509238 0.054180 0.105944
8 0.271333 0.496948 0.043538 0.078447
6 0.334551 0.481255 0.036426 0.059723
9 0.540143 0.394378 0.037227 0.075091
7 0.429528 0.482116 0.040501 0.067422
0 0.470003 0.511465 0.038984 0.063587
2 0.619359 0.486934 0.042448 0.077188
2 0.673768 0.464329 0.042217 0.076152
0 0.368236 0.665353 0.045632 0.073812
0 0.438981 0.630988 0.044095 0.072184
0 0.672749 0.520418 0.039066 0.064704
0 0.717243 0.495335 0.038424 0.062630
0 0.773442 0.473885 0.037705 0.060472
1 0.414507 0.701512 0.054352 0.088480
3 0.552028 0.626294 0.052181 0.099801
1 0.725708 0.548521 0.045244 0.076019
5 0.774906 0.496413 0.054661 0.129616
