10 0.330697 0.538311 0.049082 0.093750
11 0.221004 0.418734 0.051572 0.099694
6 0.516224 0.647490 0.039303 0.057995
6 0.312041 0.444175 0.033483 0.053389
6 0.281432 0.412954 0.033483 0.052126
9 0.520210 0.557412 0.041859 0.072214
6 0.329827 0.384829 0.031751 0.050993
7 0.538984 0.424318 0.038105 0.060791
2 0.470710 0.309071 0.034349 0.063708
0 0.434217 0.287736 0.030010 0.049704
4 0.714980 0.430243 0.049082 0.087340
0 0.548675 0.321077 0.031022 0.049798
0 0.511131 0.296014 0.029691 0.049587
5 0.478053 0.246732 0.039303 0.095475
1 0.806130 0.453403 0.043216 0.060791
