10 0.238084 0.413934 0.054639 0.099847
11 0.260977 0.271330 0.050384 0.106865
6 0.296659 0.599886 0.044287 0.064746
6 0.324014 0.332555 0.034414 0.057324
6 0.327946 0.295122 0.034798 0.055693
9 0.380994 0.522772 0.048024 0.080999
6 0.391693 0.290376 0.033262 0.055791
4 0.608063 0.508698 0.054525 0.103184
2 0.579245 0.284395 0.040020 0.068379
0 0.571535 0.249935 0.032210 0.054258
1 0.690978 0.584458 0.050615 0.074769
0 0.647074 0.329211 0.034512 0.055407
0 0.636434 0.289427 0.034320 0.055983
5 0.634277 0.226730 0.045208 0.107327
7 0.732562 0.417873 0.044382 0.068252
