10 0.710879 0.504281 0.048086 0.094329
11 0.604865 0.642446 0.053376 0.109053
6 0.738898 0.381891 0.031221 0.051191
6 0.577498 0.582108 0.036429 0.057516
6 0.542030 0.625869 0.038343 0.058379
6 0.480535 0.598550 0.037100 0.057419
0 0.631408 0.341131 0.031175 0.051090
7 0.480988 0.420356 0.037145 0.060954
2 0.316673 0.509264 0.046204 0.071224
0 0.275607 0.559826 0.037308 0.057035
7 0.463104 0.315887 0.033747 0.057184
4 0.422928 0.335459 0.040837 0.083516
9 0.388739 0.375438 0.036025 0.070537
0 0.311795 0.452622 0.033473 0.053044
0 0.274209 0.491486 0.034987 0.054561
1 0.448755 0.269393 0.033551 0.054320
5 0.218965 0.445407 0.056595 0.099850
