7 0.217017 0.402227 0.041507 0.068730
10 0.326670 0.341077 0.046204 0.096530
11 0.484689 0.266641 0.044632 0.109290
6 0.188398 0.465068 0.038184 0.061829
6 0.476468 0.338628 0.034590 0.057438
6 0.522599 0.318577 0.033870 0.057116
6 0.567214 0.343421 0.034271 0.057435
0 0.269749 0.534476 0.040645 0.064707
7 0.499611 0.479548 0.044287 0.071322
2 0.701499 0.425902 0.043857 0.077487
0 0.749989 0.405059 0.036904 0.060150
6 0.467959 0.618268 0.042083 0.067292
4 0.530539 0.569648 0.054333 0.110651
9 0.589471 0.545011 0.045915 0.086943
0 0.699261 0.493381 0.038535 0.062692
0 0.745675 0.463613 0.038662 0.062708
1 0.448467 0.697707 0.051647 0.081904
1 0.519557 0.658597 0.049349 0.081211
5 0.802210 0.473306 0.056042 0.125752
