7 0.451048 0.353328 0.037194 0.059814
11 0.501175 0.316938 0.041296 0.103187
6 0.204448 0.483690 0.036234 0.059587
10 0.324302 0.424380 0.046702 0.096396
9 0.436213 0.392876 0.038024 0.074691
6 0.489806 0.382349 0.032113 0.053923
6 0.534227 0.366810 0.032581 0.053522
6 0.585467 0.347900 0.030563 0.052643
4 0.235151 0.498529 0.049847 0.103724
8 0.298229 0.485669 0.042578 0.077327
9 0.569325 0.383818 0.038265 0.074290
7 0.454906 0.478285 0.041204 0.067500
0 0.311035 0.593478 0.042083 0.066240
6 0.437135 0.538859 0.037962 0.060277
0 0.494300 0.515708 0.038633 0.061351
3 0.591877 0.517547 0.044671 0.083493
2 0.643955 0.497207 0.044186 0.076113
2 0.700420 0.474535 0.044766 0.076211
0 0.458219 0.650535 0.043522 0.068636
0 0.694860 0.539193 0.038535 0.061641
0 0.740921 0.513407 0.037292 0.061064
0 0.798630 0.491693 0.038249 0.059049
1 0.431322 0.729850 0.053587 0.085794
1 0.746134 0.575648 0.047640 0.074674
5 0.798332 0.525788 0.058805 0.122995
