7 0.576090 0.167332 0.039010 0.064040
7 0.763859 0.358849 0.048122 0.072471
11 0.810576 0.385029 0.065293 0.122995
6 0.519561 0.186004 0.034030 0.057132
6 0.553869 0.221328 0.034990 0.059147
10 0.623787 0.280986 0.050960 0.102598
9 0.659295 0.330773 0.045726 0.085602
6 0.700055 0.387033 0.039206 0.063649
6 0.738831 0.430506 0.042370 0.066045
6 0.789159 0.484946 0.044287 0.066240
8 0.528958 0.266836 0.041380 0.078047
6 0.466305 0.295573 0.037396 0.062311
8 0.497772 0.327420 0.044417 0.080205
9 0.571268 0.417881 0.048219 0.088001
2 0.466828 0.395498 0.046012 0.081289
0 0.336994 0.336592 0.039880 0.063366
0 0.365272 0.383467 0.041221 0.064896
2 0.432798 0.470125 0.048890 0.084645
0 0.214484 0.272367 0.037959 0.061829
0 0.239935 0.314543 0.039206 0.063747
3 0.322625 0.443494 0.050999 0.089535
0 0.358706 0.506379 0.044385 0.067581
0 0.397770 0.557905 0.046204 0.069404
0 0.430218 0.624575 0.047259 0.070648
1 0.146520 0.286927 0.044766 0.072949
3 0.192318 0.367576 0.048438 0.090068
4 0.221478 0.405156 0.057734 0.109395
1 0.276665 0.528208 0.051878 0.081904
5 0.312100 0.564678 0.063607 0.131029
