11 0.792436 0.322910 0.058945 0.113056
6 0.499699 0.239879 0.032341 0.055142
7 0.591086 0.291915 0.038595 0.064147
9 0.750971 0.373829 0.043528 0.080284
6 0.812591 0.415385 0.039064 0.060552
8 0.455286 0.261624 0.038343 0.072136
10 0.602310 0.339020 0.047067 0.096339
6 0.713416 0.419180 0.038022 0.059835
6 0.552092 0.380405 0.036108 0.059752
6 0.608089 0.418231 0.037546 0.058876
3 0.667857 0.445810 0.046290 0.083492
0 0.318575 0.295936 0.034272 0.056237
6 0.458786 0.387356 0.036905 0.058476
0 0.516799 0.494208 0.039544 0.061366
0 0.634476 0.576167 0.042272 0.064372
0 0.517485 0.577583 0.041538 0.064226
1 0.201081 0.422222 0.047692 0.071098
4 0.352105 0.522363 0.053972 0.106981
5 0.525427 0.650795 0.060463 0.120784
