7 0.315060 0.367869 0.037784 0.060870
7 0.400574 0.324089 0.035625 0.056868
11 0.440719 0.283978 0.040453 0.098929
6 0.195499 0.473469 0.035470 0.057996
6 0.255172 0.445670 0.034828 0.056399
10 0.298317 0.406852 0.045245 0.091548
6 0.400316 0.371784 0.031485 0.052655
6 0.442788 0.349117 0.030291 0.051925
9 0.483738 0.320370 0.034150 0.069233
6 0.524555 0.306154 0.029395 0.049927
8 0.292804 0.471058 0.039974 0.073909
6 0.346559 0.449185 0.035149 0.056240
6 0.527831 0.349130 0.030278 0.050569
9 0.527493 0.390686 0.038022 0.073568
0 0.437250 0.508251 0.035790 0.056878
0 0.482384 0.477335 0.035628 0.056078
8 0.576190 0.418309 0.042097 0.068859
0 0.383737 0.612116 0.039940 0.062950
2 0.487249 0.536529 0.042560 0.074772
2 0.619221 0.447637 0.039408 0.071161
0 0.703054 0.400617 0.033151 0.053442
0 0.485987 0.609439 0.040103 0.063350
0 0.672722 0.483196 0.036138 0.056941
0 0.712521 0.456614 0.034990 0.055198
1 0.485099 0.686321 0.047407 0.076267
3 0.589716 0.603232 0.045820 0.085413
4 0.635233 0.560094 0.048773 0.100308
1 0.679711 0.541305 0.044177 0.068059
3 0.725823 0.505823 0.043022 0.079603
5 0.764945 0.461729 0.054871 0.111812
