6 0.269732 0.561298 0.042381 0.059911
7 0.318246 0.441529 0.045294 0.066782
11 0.390479 0.229940 0.048082 0.105714
10 0.361434 0.498264 0.056366 0.098353
8 0.384496 0.449595 0.045632 0.070936
4 0.401915 0.386768 0.051382 0.095956
6 0.458052 0.258882 0.033360 0.055218
1 0.458146 0.461184 0.043138 0.068538
9 0.472679 0.404636 0.043042 0.074960
6 0.502961 0.311815 0.034990 0.055119
0 0.477765 0.673051 0.043803 0.061710
6 0.599024 0.491726 0.039478 0.058803
0 0.617240 0.377988 0.036412 0.057583
0 0.638962 0.281483 0.033684 0.055651
0 0.697743 0.339798 0.036214 0.056316
5 0.706976 0.269172 0.053423 0.109329
