7 0.618054 0.167265 0.048978 0.067579
8 0.648762 0.218725 0.052569 0.070744
9 0.673814 0.272128 0.049448 0.073813
10 0.711237 0.318917 0.069405 0.096723
11 0.747145 0.374205 0.076062 0.105460
9 0.774102 0.444726 0.057708 0.075344
7 0.850088 0.583747 0.063985 0.069259
6 0.552589 0.181139 0.037288 0.057900
6 0.579096 0.237984 0.039110 0.057900
6 0.608619 0.292098 0.040645 0.058185
6 0.668771 0.409623 0.043231 0.058571
6 0.702755 0.471500 0.047163 0.055599
6 0.736066 0.537068 0.048026 0.057133
6 0.776308 0.606396 0.050995 0.057229
8 0.505481 0.373515 0.054110 0.074544
2 0.536720 0.438990 0.060311 0.072695
0 0.434861 0.398689 0.041058 0.059593
0 0.212417 0.250688 0.040675 0.061111
0 0.237040 0.315880 0.042004 0.061310
0 0.259229 0.375084 0.041138 0.060949
0 0.335043 0.578001 0.045245 0.060486
0 0.362316 0.650137 0.045916 0.060777
0 0.393806 0.730756 0.048122 0.062312
1 0.136200 0.264577 0.047626 0.075575
2 0.160162 0.327419 0.049120 0.076267
3 0.180432 0.386314 0.051683 0.081498
4 0.206734 0.442201 0.056319 0.103528
5 0.228720 0.508824 0.061541 0.105830
3 0.251677 0.596429 0.053009 0.076614
1 0.302794 0.753864 0.055886 0.074196
