7 0.652292 0.574337 0.048122 0.074964
11 0.448942 0.633191 0.059967 0.133347
6 0.723729 0.484261 0.039382 0.061829
9 0.405116 0.598408 0.048122 0.092027
6 0.328823 0.638892 0.044385 0.069881
8 0.680430 0.438439 0.042579 0.076766
6 0.363955 0.563403 0.041025 0.065185
6 0.698206 0.392075 0.035149 0.057675
10 0.586042 0.413246 0.048889 0.099408
6 0.472703 0.470410 0.037067 0.061111
6 0.400967 0.492817 0.037867 0.061349
0 0.547282 0.393846 0.035813 0.058915
6 0.490476 0.412854 0.035390 0.059431
0 0.566215 0.346968 0.034084 0.056184
1 0.460527 0.376857 0.040261 0.065744
0 0.337517 0.420937 0.036938 0.059580
0 0.201524 0.460924 0.039054 0.062576
0 0.245522 0.403196 0.036508 0.059911
3 0.449896 0.295552 0.037622 0.074372
1 0.390908 0.315425 0.039382 0.062708
4 0.338256 0.319137 0.045784 0.094901
5 0.149337 0.363780 0.055903 0.116528
