7 0.361510 0.340933 0.037946 0.061442
11 0.534833 0.297292 0.044633 0.106177
6 0.254843 0.389216 0.034110 0.057354
10 0.310579 0.365309 0.045668 0.094673
6 0.500278 0.357001 0.032434 0.054001
9 0.557609 0.340086 0.036667 0.074848
6 0.617348 0.340025 0.032196 0.053442
8 0.269573 0.415190 0.040661 0.075817
6 0.458618 0.393785 0.034590 0.056478
6 0.584157 0.375891 0.032910 0.055202
6 0.212809 0.461711 0.036425 0.061432
6 0.351624 0.443776 0.036905 0.059755
0 0.368995 0.478669 0.037011 0.060579
8 0.439228 0.464990 0.041227 0.078704
0 0.318867 0.526964 0.039276 0.064107
1 0.452049 0.503343 0.044289 0.071415
4 0.524630 0.476260 0.048889 0.103300
2 0.590761 0.476367 0.042500 0.079005
0 0.722454 0.460382 0.035661 0.059435
0 0.618292 0.519783 0.038945 0.063773
0 0.682717 0.509238 0.038343 0.062774
3 0.430865 0.586121 0.047834 0.092983
1 0.508272 0.581854 0.047642 0.076015
5 0.710466 0.518760 0.054663 0.127407
