6 0.691920 0.474532 0.035387 0.057358
7 0.570225 0.494216 0.041409 0.066104
11 0.299053 0.528105 0.054296 0.123776
10 0.606768 0.435610 0.045724 0.094897
8 0.545164 0.455007 0.038972 0.074054
6 0.279289 0.506855 0.036726 0.061462
1 0.519325 0.423259 0.038413 0.062642
4 0.459580 0.421963 0.044517 0.093522
6 0.335119 0.458120 0.034319 0.057133
0 0.661792 0.366992 0.030899 0.052034
6 0.480403 0.366553 0.030675 0.051683
0 0.364415 0.386116 0.032897 0.053978
0 0.238702 0.403358 0.034507 0.055420
0 0.291042 0.363942 0.031898 0.052923
5 0.228069 0.349223 0.048036 0.108499
