7 0.741014 0.474762 0.045294 0.071177
11 0.681146 0.579074 0.058476 0.129537
6 0.704187 0.387685 0.035893 0.058208
10 0.691877 0.402569 0.050268 0.100655
6 0.624699 0.542774 0.039894 0.064325
9 0.602209 0.577103 0.047394 0.091574
6 0.577472 0.637502 0.043535 0.069772
6 0.578386 0.482146 0.038651 0.063360
6 0.526948 0.571159 0.041078 0.066260
6 0.600427 0.324188 0.034279 0.057748
6 0.553608 0.390217 0.036581 0.058899
8 0.537054 0.302245 0.038664 0.070060
0 0.491391 0.374527 0.036081 0.059848
8 0.459344 0.404223 0.042080 0.073525
0 0.452854 0.329565 0.034550 0.058383
1 0.404392 0.390724 0.041541 0.069259
4 0.376055 0.416144 0.050959 0.103069
2 0.345683 0.464673 0.044382 0.079563
0 0.281333 0.558562 0.041508 0.068347
0 0.278391 0.455281 0.040069 0.063366
0 0.246134 0.494297 0.039782 0.065281
3 0.304742 0.322869 0.041217 0.079084
1 0.271088 0.362108 0.042070 0.068165
5 0.182455 0.451906 0.056319 0.124097
