11 0.565656 0.635360 0.054831 0.120258
6 0.718819 0.465441 0.033935 0.054831
7 0.638340 0.520150 0.039861 0.064706
9 0.506291 0.616364 0.043535 0.083879
6 0.454439 0.665604 0.039798 0.063383
8 0.666396 0.435093 0.037705 0.067103
6 0.450817 0.595493 0.038075 0.059815
6 0.503904 0.496622 0.034970 0.056253
6 0.451506 0.528659 0.035314 0.056597
3 0.400220 0.554669 0.041987 0.078512
0 0.611787 0.369521 0.030691 0.050992
6 0.494651 0.444785 0.033647 0.054160
10 0.529522 0.360703 0.039686 0.085030
0 0.362318 0.478292 0.033882 0.055394
0 0.258530 0.538075 0.036081 0.057917
0 0.269673 0.479129 0.033750 0.055453
1 0.448464 0.331673 0.034428 0.054881
4 0.321896 0.387555 0.042384 0.086657
5 0.172551 0.460441 0.053376 0.108132
