7 0.663494 0.329198 0.041141 0.063747
7 0.727307 0.386857 0.043535 0.067741
11 0.765587 0.394317 0.057146 0.126445
6 0.556356 0.285886 0.032401 0.054927
10 0.580233 0.291518 0.043138 0.095007
6 0.636161 0.369716 0.035562 0.060198
6 0.667075 0.401399 0.037768 0.060489
9 0.699747 0.424850 0.045347 0.088271
6 0.738299 0.473485 0.040453 0.066812
8 0.497705 0.285713 0.035628 0.069573
6 0.521367 0.319678 0.034315 0.056749
6 0.637981 0.449615 0.037867 0.064322
6 0.423687 0.273424 0.032401 0.054547
9 0.537097 0.410205 0.043902 0.086753
0 0.361513 0.280271 0.033151 0.055840
0 0.403795 0.336758 0.035466 0.058396
0 0.427297 0.365585 0.036267 0.061111
8 0.474539 0.427470 0.042563 0.080906
4 0.324463 0.299304 0.041181 0.097318
2 0.338289 0.342313 0.042021 0.073892
2 0.404916 0.440737 0.045440 0.079835
0 0.458588 0.529436 0.042579 0.070618
0 0.259182 0.328175 0.036346 0.059180
0 0.330933 0.460615 0.039702 0.067183
0 0.353461 0.499200 0.041941 0.069901
1 0.176381 0.303707 0.040023 0.065423
3 0.205835 0.355453 0.044018 0.084907
1 0.239613 0.429492 0.044193 0.074772
3 0.255342 0.461789 0.046359 0.093750
5 0.279511 0.483132 0.060046 0.138730
