7 0.414658 0.547545 0.047450 0.072616
11 0.227455 0.438861 0.063495 0.114342
6 0.591566 0.556453 0.041696 0.063363
10 0.529944 0.515106 0.054755 0.105139
6 0.394198 0.465015 0.039077 0.061042
6 0.333753 0.437654 0.038677 0.059580
9 0.275646 0.402278 0.045248 0.079947
6 0.214866 0.383122 0.038409 0.059312
8 0.635448 0.497842 0.045916 0.083495
6 0.565253 0.474444 0.039494 0.061349
6 0.313383 0.364162 0.036415 0.059044
6 0.735987 0.485871 0.041405 0.061247
9 0.421040 0.338952 0.042338 0.080205
0 0.773747 0.431329 0.041065 0.063499
0 0.635018 0.377437 0.038767 0.061772
8 0.571146 0.343401 0.042080 0.080043
3 0.607680 0.303171 0.042847 0.079947
4 0.545265 0.273887 0.047354 0.099031
0 0.374438 0.221197 0.034987 0.057996
0 0.761840 0.318714 0.039110 0.060046
2 0.645274 0.265246 0.041508 0.077649
0 0.522503 0.227407 0.035681 0.058247
0 0.468282 0.207037 0.034150 0.058115
1 0.863244 0.297588 0.048492 0.069421
3 0.731733 0.245961 0.041792 0.078509
1 0.612617 0.209964 0.039944 0.067500
5 0.501232 0.150084 0.046128 0.112616
