7 0.809676 0.537450 0.052050 0.069980
8 0.744289 0.555817 0.050040 0.081098
9 0.676412 0.576495 0.048492 0.081561
10 0.614183 0.593259 0.060390 0.104104
11 0.542416 0.614307 0.059633 0.114626
9 0.472275 0.652128 0.048505 0.083879
7 0.313621 0.710362 0.051204 0.076928
6 0.768608 0.490637 0.040099 0.059514
6 0.701346 0.510288 0.039623 0.058876
6 0.505780 0.575453 0.040357 0.063075
6 0.436953 0.598986 0.040360 0.062212
6 0.363719 0.622060 0.041220 0.063029
6 0.287333 0.650205 0.043535 0.064372
6 0.603528 0.480572 0.038426 0.058075
8 0.510666 0.444998 0.042371 0.075526
2 0.443900 0.464349 0.043522 0.076978
0 0.478528 0.407431 0.037851 0.059835
0 0.595281 0.280167 0.033399 0.055202
0 0.534049 0.296582 0.034904 0.055440
0 0.478690 0.310522 0.034438 0.055999
0 0.295704 0.357159 0.037143 0.057758
0 0.232227 0.372984 0.037675 0.059587
0 0.162062 0.391222 0.039276 0.059315
1 0.563198 0.241660 0.039874 0.061991
2 0.505359 0.252502 0.036187 0.070539
3 0.451318 0.264269 0.037946 0.073492
4 0.395002 0.272445 0.044382 0.092120
5 0.336369 0.278001 0.047394 0.109626
3 0.272060 0.306610 0.040364 0.076151
1 0.142998 0.341903 0.043039 0.067900
