6 0.238158 0.370026 0.037811 0.062374
10 0.298624 0.337371 0.049749 0.103915
7 0.488611 0.305008 0.040933 0.067483
11 0.604153 0.252626 0.047163 0.114458
1 0.397753 0.373142 0.044256 0.070615
6 0.641951 0.312353 0.035853 0.060103
4 0.494803 0.373962 0.050268 0.105714
6 0.617075 0.359182 0.036333 0.060969
0 0.254972 0.508497 0.041941 0.067741
0 0.629476 0.450762 0.040473 0.064104
0 0.755762 0.414970 0.038826 0.063829
6 0.536521 0.536283 0.042017 0.068221
0 0.734721 0.474724 0.040341 0.065903
5 0.800949 0.428256 0.062004 0.126882
