7 0.801343 0.424805 0.045000 0.065172
7 0.546123 0.569120 0.045136 0.071653
11 0.491124 0.583209 0.054802 0.118991
6 0.752927 0.393267 0.034987 0.056157
6 0.701162 0.418790 0.035466 0.056720
10 0.662244 0.427889 0.051306 0.097431
6 0.549845 0.501215 0.038075 0.060513
6 0.496356 0.530240 0.036812 0.057583
9 0.439281 0.554034 0.045149 0.084742
6 0.376769 0.596890 0.040820 0.063105
8 0.659491 0.377622 0.041700 0.071224
6 0.607555 0.409043 0.035228 0.056796
6 0.390766 0.522550 0.038185 0.060390
9 0.409487 0.441477 0.041508 0.078892
0 0.522191 0.342867 0.032688 0.055886
0 0.475268 0.366688 0.035470 0.058092
8 0.366293 0.411040 0.039974 0.073621
0 0.572039 0.270179 0.031954 0.053452
2 0.330987 0.376521 0.038985 0.074292
0 0.211166 0.435670 0.037080 0.059514
0 0.490091 0.267183 0.032285 0.052989
0 0.290837 0.351248 0.035615 0.056452
0 0.236893 0.374347 0.035949 0.057384
1 0.499382 0.217898 0.035284 0.057913
2 0.452659 0.233472 0.034907 0.067341
3 0.407573 0.249851 0.036825 0.071574
4 0.361058 0.263606 0.041700 0.089150
1 0.311536 0.295536 0.038343 0.061442
3 0.255595 0.310643 0.038902 0.074692
5 0.203138 0.320701 0.048313 0.109742
