7 0.597006 0.269491 0.037345 0.062176
7 0.709942 0.304173 0.039673 0.063770
11 0.771536 0.303090 0.050612 0.108132
6 0.403902 0.248262 0.031640 0.052722
6 0.459139 0.269352 0.032510 0.054160
10 0.508089 0.269881 0.043810 0.091151
6 0.627045 0.327075 0.033310 0.054719
6 0.686161 0.346847 0.034590 0.054481
9 0.746503 0.359332 0.041987 0.075635
6 0.813654 0.388385 0.036984 0.056558
8 0.423373 0.297356 0.037467 0.070936
6 0.480866 0.324990 0.033631 0.055357
6 0.726141 0.409793 0.036429 0.057517
9 0.627531 0.420400 0.043535 0.076528
0 0.300073 0.360734 0.035278 0.055026
0 0.417303 0.404866 0.036187 0.055360
0 0.477343 0.425220 0.036346 0.056240
8 0.603206 0.467548 0.042497 0.075248
2 0.381617 0.443032 0.042579 0.077249
2 0.568548 0.513745 0.044577 0.077933
0 0.709891 0.576472 0.040741 0.061111
0 0.287037 0.471166 0.038347 0.058476
0 0.535795 0.574350 0.040645 0.060777
0 0.602178 0.601334 0.042847 0.062021
1 0.179497 0.489033 0.049656 0.069401
3 0.303580 0.536066 0.046829 0.080294
4 0.368380 0.552206 0.053836 0.101872
1 0.432082 0.592388 0.046207 0.072183
3 0.499061 0.620572 0.047738 0.082249
5 0.568985 0.634797 0.057811 0.114296
