7 0.384795 0.299926 0.036680 0.060380
7 0.489157 0.275228 0.034352 0.058796
11 0.539585 0.242316 0.041068 0.104104
6 0.288638 0.358105 0.034220 0.055906
10 0.340751 0.329377 0.044755 0.093178
6 0.463461 0.318199 0.031313 0.053442
6 0.517460 0.305179 0.030516 0.052963
9 0.569899 0.284897 0.035757 0.072374
6 0.623386 0.279416 0.031475 0.052245
8 0.305509 0.386128 0.040172 0.073981
6 0.369881 0.377776 0.035476 0.057424
8 0.490384 0.341857 0.037963 0.071511
6 0.602138 0.320236 0.031796 0.053363
6 0.264473 0.441083 0.036147 0.059911
9 0.572151 0.356553 0.039494 0.077073
0 0.286772 0.483563 0.038902 0.062060
0 0.422520 0.447179 0.038022 0.059193
0 0.483231 0.429046 0.037388 0.059196
4 0.378666 0.485842 0.050387 0.104448
2 0.635651 0.427412 0.041316 0.077166
0 0.756397 0.400881 0.036141 0.058092
0 0.414572 0.548929 0.041458 0.065185
2 0.605188 0.483917 0.043776 0.078846
0 0.674678 0.473016 0.039302 0.062216
0 0.733871 0.456048 0.037292 0.060489
1 0.368866 0.616976 0.049471 0.078892
3 0.514582 0.564074 0.048026 0.090780
1 0.645494 0.528652 0.047259 0.073621
3 0.712698 0.504512 0.045899 0.086736
5 0.773290 0.468886 0.059907 0.122440
