7 0.258085 0.387194 0.043856 0.069739
11 0.286027 0.252771 0.046796 0.112917
6 0.318219 0.481518 0.041604 0.065952
9 0.351916 0.268719 0.039302 0.076769
6 0.356372 0.242538 0.031442 0.055023
8 0.396422 0.479139 0.046012 0.079084
6 0.414368 0.276233 0.032784 0.055694
6 0.464810 0.537855 0.042464 0.067774
10 0.471895 0.420642 0.050602 0.105026
6 0.472411 0.356133 0.036713 0.060585
6 0.477348 0.313762 0.034319 0.057900
0 0.544979 0.438214 0.036948 0.062308
6 0.543492 0.393758 0.037388 0.061637
0 0.621134 0.487708 0.040007 0.065172
1 0.614062 0.397255 0.043138 0.071131
0 0.602776 0.316529 0.034269 0.058634
0 0.598943 0.245873 0.031875 0.055198
0 0.666366 0.283059 0.032672 0.056396
3 0.764969 0.433618 0.047067 0.086177
1 0.759732 0.394062 0.045536 0.069977
4 0.748760 0.340068 0.053009 0.100632
5 0.728454 0.259868 0.049970 0.114570
