7 0.623844 0.264287 0.037874 0.062556
11 0.790903 0.306746 0.053836 0.114709
6 0.486058 0.256592 0.032672 0.055519
10 0.531286 0.258067 0.044001 0.093383
6 0.700003 0.343442 0.035390 0.057196
9 0.758428 0.357646 0.041412 0.079947
6 0.823623 0.391533 0.038026 0.060235
6 0.497082 0.306640 0.034110 0.056720
6 0.607340 0.351232 0.036187 0.059196
6 0.729162 0.403275 0.038264 0.060870
6 0.359084 0.290025 0.034028 0.056240
8 0.311199 0.314873 0.044071 0.072854
0 0.419301 0.370929 0.035949 0.057976
8 0.470719 0.392989 0.042093 0.077361
1 0.427374 0.428300 0.043538 0.070377
4 0.489993 0.443371 0.050615 0.104335
0 0.683532 0.552561 0.042513 0.066121
0 0.278765 0.417224 0.038919 0.060969
2 0.378447 0.463072 0.045056 0.082632
0 0.506290 0.533310 0.042242 0.066548
0 0.568684 0.564301 0.042791 0.066412
3 0.280407 0.473350 0.047163 0.086045
1 0.337530 0.512411 0.046250 0.075093
5 0.524228 0.585270 0.059468 0.127219
