11 0.345865 0.203628 0.045724 0.100271
6 0.264864 0.487874 0.038730 0.053968
10 0.293335 0.423826 0.049692 0.089610
7 0.383823 0.284160 0.038902 0.062308
1 0.392393 0.405398 0.041300 0.063026
6 0.496369 0.223333 0.032487 0.052123
6 0.528189 0.288604 0.033284 0.052189
0 0.434645 0.634349 0.040274 0.052791
4 0.545916 0.395193 0.057421 0.087424
6 0.580321 0.489244 0.037480 0.051571
0 0.623315 0.380860 0.037543 0.051766
0 0.666412 0.286997 0.036508 0.050966
0 0.707991 0.359292 0.038985 0.051124
5 0.732581 0.293163 0.063773 0.097179
