7 0.215780 0.518758 0.048697 0.076974
11 0.200800 0.354631 0.052731 0.119401
6 0.319679 0.624997 0.045668 0.070284
10 0.307265 0.555792 0.057288 0.113423
6 0.281085 0.413454 0.038419 0.062232
9 0.273423 0.361959 0.043856 0.081961
6 0.264349 0.327465 0.035774 0.059587
8 0.404560 0.614034 0.050807 0.084259
6 0.390941 0.558223 0.042563 0.068099
6 0.362470 0.453771 0.039458 0.063727
6 0.341305 0.360999 0.035546 0.059702
6 0.498611 0.668710 0.046012 0.070747
0 0.587526 0.657574 0.044656 0.071663
0 0.543032 0.536658 0.040741 0.065744
8 0.535668 0.479053 0.052817 0.076782
1 0.598271 0.478532 0.046892 0.073651
4 0.576440 0.413613 0.051994 0.102609
0 0.524292 0.303198 0.034431 0.058155
0 0.715117 0.574563 0.042979 0.067183
2 0.675000 0.468095 0.049464 0.079372
0 0.625504 0.378729 0.037146 0.060790
0 0.606892 0.338547 0.035549 0.057755
3 0.765441 0.502512 0.049236 0.086617
1 0.742804 0.456171 0.047546 0.071607
5 0.669678 0.308844 0.051763 0.115678
