7 0.311281 0.312002 0.040076 0.062510
10 0.498920 0.311739 0.043945 0.094788
7 0.622583 0.334315 0.038677 0.063373
11 0.685797 0.313904 0.046693 0.114342
6 0.293853 0.344960 0.033631 0.057434
6 0.361152 0.351071 0.035308 0.057837
6 0.556070 0.364924 0.035374 0.058188
6 0.621225 0.368816 0.034315 0.058380
9 0.687004 0.363585 0.041124 0.082222
6 0.757821 0.376533 0.036243 0.059818
8 0.342530 0.376109 0.040357 0.077087
6 0.411880 0.388697 0.036108 0.059755
6 0.691108 0.407016 0.037004 0.061161
8 0.468277 0.418767 0.041316 0.080906
9 0.610276 0.427470 0.043138 0.085893
0 0.460890 0.465270 0.039206 0.064514
2 0.602335 0.513104 0.046243 0.087312
0 0.767535 0.533408 0.043251 0.069249
0 0.195972 0.538322 0.043022 0.069593
0 0.281903 0.544821 0.045552 0.069940
0 0.358629 0.550746 0.041412 0.068674
0 0.599841 0.570185 0.043942 0.070516
0 0.680855 0.574130 0.045433 0.076151
1 0.173163 0.584787 0.053872 0.082437
2 0.261574 0.585364 0.050615 0.095000
3 0.340671 0.589400 0.051382 0.099600
4 0.424334 0.584666 0.057629 0.122626
1 0.506237 0.608776 0.051303 0.084087
3 0.593226 0.611377 0.051994 0.101690
5 0.676982 0.597629 0.063806 0.145106
