7 0.517548 0.350519 0.039382 0.063267
11 0.706371 0.351829 0.047278 0.115608
6 0.375995 0.371554 0.034028 0.057758
10 0.432206 0.361844 0.046878 0.097490
6 0.633198 0.404772 0.034603 0.058188
9 0.698628 0.403962 0.040820 0.081720
6 0.770094 0.420860 0.036114 0.059358
6 0.552521 0.430539 0.036716 0.060198
6 0.693494 0.449778 0.036716 0.060582
6 0.268032 0.429907 0.036984 0.060073
6 0.400241 0.450200 0.037784 0.061511
8 0.240446 0.462479 0.042943 0.079375
0 0.381324 0.489830 0.037675 0.061928
8 0.448732 0.496194 0.046128 0.081442
1 0.426589 0.538649 0.045440 0.074481
4 0.505225 0.534248 0.053492 0.109395
2 0.578823 0.555676 0.045668 0.085929
0 0.735863 0.584309 0.041316 0.067771
0 0.265957 0.566278 0.042179 0.067007
0 0.564018 0.610974 0.042897 0.068059
0 0.639517 0.621791 0.043056 0.068542
3 0.311615 0.613737 0.049580 0.094325
1 0.390594 0.634625 0.048026 0.080718
5 0.624263 0.642517 0.060132 0.137817
