7 0.181597 0.374730 0.035417 0.057450
8 0.236610 0.354233 0.033618 0.063241
9 0.290174 0.338390 0.033350 0.064306
10 0.339621 0.316271 0.038105 0.079964
11 0.389251 0.293365 0.038535 0.092021
9 0.434707 0.291078 0.030837 0.063188
7 0.529724 0.267106 0.031756 0.051925
6 0.200446 0.410871 0.031620 0.050764
6 0.260222 0.393867 0.030787 0.049587
6 0.312530 0.376271 0.029821 0.049593
6 0.363356 0.359195 0.029491 0.048595
6 0.414815 0.344084 0.028955 0.047665
6 0.462045 0.327809 0.028092 0.047464
6 0.509344 0.313295 0.027761 0.046134
6 0.555344 0.296354 0.028294 0.046333
8 0.414373 0.417202 0.035215 0.065172
0 0.467870 0.403795 0.032513 0.051524
0 0.327154 0.606739 0.036108 0.055602
0 0.393981 0.579939 0.036356 0.055360
0 0.450296 0.557530 0.035387 0.053042
0 0.507571 0.535724 0.033952 0.053042
0 0.613897 0.491627 0.036028 0.052884
0 0.664223 0.472136 0.032831 0.050966
0 0.715430 0.450728 0.033472 0.050966
1 0.360904 0.649272 0.044573 0.067103
2 0.426177 0.616460 0.041779 0.073092
3 0.483686 0.591969 0.041220 0.074692
4 0.538826 0.559525 0.046243 0.090083
5 0.593550 0.533039 0.047953 0.102149
3 0.650309 0.523289 0.039785 0.072173
2 0.705107 0.504876 0.039302 0.069739
1 0.753133 0.486824 0.040103 0.059831
