7 0.166672 0.724005 0.072470 0.059431
9 0.198294 0.555056 0.066720 0.060046
10 0.200205 0.470025 0.088690 0.081445
7 0.231850 0.329122 0.063727 0.064878
11 0.233204 0.247779 0.086634 0.096075
6 0.250737 0.735198 0.057837 0.047348
6 0.267917 0.642644 0.056032 0.049144
6 0.301951 0.402002 0.050522 0.052510
6 0.311144 0.328039 0.050688 0.054993
9 0.319018 0.253062 0.059358 0.069160
6 0.329033 0.183264 0.048039 0.057976
8 0.343950 0.653180 0.070400 0.053952
6 0.361101 0.564516 0.052454 0.051075
6 0.395706 0.249522 0.047543 0.056650
8 0.443297 0.483932 0.066237 0.060390
0 0.530418 0.483229 0.045440 0.053958
2 0.622626 0.323185 0.059471 0.065913
0 0.637895 0.167728 0.042655 0.061257
0 0.694974 0.763014 0.049464 0.051882
0 0.698907 0.658575 0.049692 0.053604
0 0.702371 0.572135 0.046687 0.054256
0 0.714453 0.320681 0.045969 0.058942
0 0.717695 0.244692 0.044173 0.060185
1 0.793720 0.762412 0.058942 0.061981
2 0.791394 0.662943 0.061445 0.057421
3 0.795951 0.571844 0.058390 0.065982
4 0.793264 0.476569 0.063360 0.088634
1 0.795716 0.399464 0.055103 0.070628
3 0.802479 0.315316 0.054163 0.074851
5 0.799666 0.225699 0.062943 0.111147
