7 0.291511 0.691447 0.055119 0.074977
8 0.270749 0.622240 0.054256 0.072470
9 0.258975 0.554850 0.048545 0.080751
10 0.236814 0.492588 0.062503 0.097106
11 0.220068 0.433985 0.063938 0.105516
9 0.210752 0.400719 0.046128 0.075347
8 0.196293 0.357374 0.050040 0.068056
7 0.185423 0.315514 0.044478 0.060969
6 0.374663 0.672923 0.044001 0.061640
6 0.354436 0.601267 0.040929 0.059623
6 0.332867 0.542793 0.040549 0.058859
6 0.313504 0.488153 0.037867 0.057900
6 0.298262 0.436483 0.037292 0.055790
6 0.282110 0.390759 0.035278 0.055407
6 0.268355 0.347189 0.033839 0.054927
6 0.251675 0.306736 0.033456 0.053968
0 0.491670 0.387627 0.034550 0.055651
0 0.737685 0.556587 0.043856 0.059993
0 0.696682 0.495812 0.039302 0.057675
0 0.665165 0.447044 0.036825 0.056157
0 0.636968 0.400031 0.035231 0.055440
0 0.582126 0.315756 0.032434 0.054163
0 0.558720 0.279529 0.031634 0.052483
0 0.534807 0.242799 0.030486 0.051458
1 0.805276 0.530041 0.056174 0.069593
2 0.764253 0.470471 0.054319 0.070698
3 0.728378 0.421002 0.044018 0.074054
4 0.696023 0.369358 0.052722 0.090397
5 0.667730 0.320549 0.052040 0.107255
3 0.638700 0.293403 0.037097 0.072374
2 0.617067 0.259003 0.037546 0.064706
1 0.590537 0.229263 0.034190 0.058876
