7 0.239955 0.350299 0.045076 0.067966
11 0.322793 0.213872 0.045982 0.108776
6 0.249000 0.462068 0.039878 0.062120
9 0.384782 0.240271 0.038505 0.075648
6 0.406854 0.210847 0.031729 0.055410
8 0.319444 0.474537 0.047209 0.077328
6 0.445197 0.257531 0.033647 0.055982
10 0.414314 0.429659 0.051187 0.102837
6 0.458618 0.356746 0.036713 0.058664
6 0.485554 0.310828 0.034415 0.057900
0 0.432399 0.571683 0.042272 0.065185
0 0.484438 0.461599 0.038664 0.060314
6 0.507067 0.412607 0.038142 0.060321
1 0.574775 0.430633 0.042897 0.070539
0 0.609497 0.337786 0.035681 0.058449
0 0.645511 0.256605 0.033284 0.056253
0 0.694208 0.311591 0.034818 0.057983
3 0.703857 0.506030 0.048026 0.085122
1 0.724024 0.457216 0.046012 0.072566
4 0.737187 0.395714 0.056478 0.101918
5 0.775896 0.258826 0.053836 0.112731
