11 0.798079 0.302285 0.056951 0.106521
6 0.494815 0.241982 0.030913 0.053125
10 0.541872 0.248307 0.042017 0.088671
7 0.705362 0.334006 0.041538 0.062629
1 0.731584 0.395805 0.044802 0.065440
6 0.792100 0.433089 0.037745 0.058380
4 0.581768 0.368358 0.048429 0.093753
6 0.697303 0.440711 0.036147 0.057917
0 0.333074 0.314688 0.033284 0.054190
6 0.446324 0.434342 0.035870 0.056316
0 0.567632 0.494525 0.037877 0.057979
0 0.695516 0.563479 0.040165 0.060966
0 0.586764 0.576420 0.040069 0.060585
5 0.657308 0.595468 0.060185 0.110704
