7 0.444430 0.558089 0.045294 0.072374
7 0.305312 0.530848 0.045374 0.070460
11 0.235904 0.497487 0.056597 0.115952
6 0.609059 0.542159 0.038727 0.062216
10 0.544646 0.515220 0.052222 0.102953
6 0.396078 0.497283 0.037626 0.060870
6 0.329016 0.484023 0.037384 0.059593
9 0.263509 0.461566 0.043697 0.079884
6 0.193135 0.456143 0.037705 0.059752
8 0.630589 0.486156 0.043426 0.080235
6 0.558158 0.478604 0.036045 0.058955
8 0.418699 0.442545 0.041458 0.077569
6 0.284320 0.424148 0.036028 0.057755
6 0.711680 0.462404 0.037672 0.059914
9 0.379405 0.384859 0.041124 0.077550
0 0.726192 0.412700 0.038442 0.061544
0 0.587968 0.388266 0.036187 0.059196
0 0.523340 0.378039 0.035708 0.059034
4 0.670286 0.350678 0.048780 0.094669
2 0.602912 0.342287 0.039540 0.074765
2 0.418163 0.310529 0.038185 0.072454
0 0.294535 0.293312 0.034150 0.055718
0 0.677735 0.324365 0.034319 0.056078
0 0.435035 0.280663 0.034421 0.054640
0 0.378535 0.270099 0.032685 0.054854
1 0.756587 0.295542 0.041944 0.063505
3 0.630473 0.269023 0.038426 0.073092
1 0.512546 0.255002 0.036905 0.061432
3 0.453801 0.237877 0.037226 0.072295
5 0.397763 0.215716 0.043138 0.105638
