4 0.768396 0.411014 0.052454 0.112040
11 0.751759 0.467429 0.061455 0.149249
6 0.716419 0.344248 0.033631 0.056485
10 0.709580 0.349724 0.048545 0.101690
7 0.675407 0.458322 0.046733 0.075413
1 0.625853 0.389590 0.041620 0.069180
6 0.557884 0.528740 0.044656 0.074530
6 0.504120 0.480251 0.041938 0.069259
0 0.545021 0.309272 0.031842 0.053757
6 0.433191 0.377002 0.034511 0.059514
0 0.390693 0.436043 0.038105 0.064864
0 0.331341 0.506701 0.042259 0.071015
0 0.290880 0.461887 0.039623 0.067345
5 0.255681 0.467859 0.064934 0.141300
