11 0.481131 0.601901 0.052870 0.123406
6 0.731134 0.493633 0.035880 0.058714
7 0.618289 0.526187 0.041220 0.067295
9 0.440518 0.580096 0.043614 0.085589
10 0.522341 0.498909 0.048201 0.099504
6 0.335926 0.571209 0.038347 0.062629
1 0.654881 0.427100 0.039742 0.063975
6 0.497052 0.481298 0.035949 0.059031
6 0.431746 0.499312 0.035390 0.058155
6 0.369878 0.517245 0.036746 0.059835
0 0.673199 0.386146 0.033072 0.055023
8 0.565845 0.412827 0.038343 0.070060
6 0.512439 0.433267 0.035499 0.056839
0 0.368856 0.439864 0.035549 0.057183
0 0.245131 0.472770 0.037021 0.058714
3 0.340451 0.400584 0.040069 0.076114
0 0.281017 0.424840 0.034884 0.056584
4 0.519841 0.310405 0.041316 0.087232
5 0.192394 0.388368 0.047897 0.110433
