6 0.743285 0.306587 0.036987 0.057751
7 0.641192 0.500222 0.045612 0.070060
11 0.579580 0.605213 0.059081 0.112226
10 0.658644 0.315398 0.049464 0.096511
1 0.627004 0.372902 0.042500 0.068542
6 0.499396 0.592151 0.042179 0.060585
4 0.535121 0.387788 0.049349 0.096739
6 0.469729 0.504899 0.040165 0.059243
0 0.587538 0.210188 0.032728 0.056085
6 0.446549 0.312993 0.034911 0.057037
0 0.382090 0.408084 0.037745 0.058383
0 0.301635 0.513219 0.041028 0.060294
0 0.280643 0.432409 0.039494 0.058568
5 0.231858 0.467479 0.069987 0.110843
