6 0.278168 0.301366 0.035681 0.055853
10 0.337351 0.271802 0.046396 0.093366
7 0.521682 0.239228 0.038079 0.062444
11 0.636811 0.193264 0.052867 0.103393
1 0.428294 0.316425 0.040820 0.064306
6 0.665159 0.259765 0.035946 0.054081
4 0.517819 0.333623 0.049368 0.094904
6 0.634082 0.317285 0.035149 0.054874
0 0.271746 0.478638 0.039623 0.055919
6 0.502827 0.476394 0.038505 0.054719
0 0.633973 0.432054 0.039494 0.054160
0 0.759552 0.396108 0.042179 0.055119
0 0.730890 0.470351 0.042751 0.055026
5 0.802596 0.431477 0.076475 0.100354
