7 0.415099 0.406417 0.037745 0.060843
11 0.594352 0.381887 0.045093 0.108244
6 0.293355 0.442016 0.034606 0.057900
10 0.350888 0.423732 0.044864 0.095188
6 0.486321 0.438467 0.033647 0.056558
6 0.547574 0.437221 0.032497 0.055215
9 0.609198 0.426784 0.039382 0.076610
6 0.671858 0.433770 0.033743 0.054835
8 0.289239 0.467636 0.040549 0.076402
6 0.359977 0.473649 0.035754 0.059243
6 0.626230 0.466124 0.034127 0.057229
6 0.221496 0.508626 0.037345 0.061577
9 0.565063 0.492113 0.040979 0.081799
0 0.216819 0.550575 0.039974 0.063459
0 0.369525 0.545389 0.038423 0.062550
8 0.443810 0.536663 0.042791 0.081442
1 0.217209 0.590913 0.049048 0.076687
3 0.448542 0.575050 0.046396 0.089630
4 0.523722 0.563051 0.051882 0.108707
0 0.744608 0.573130 0.040493 0.064302
0 0.301425 0.636455 0.043935 0.070218
2 0.451827 0.623421 0.048085 0.089726
0 0.613011 0.623690 0.042259 0.068062
0 0.689897 0.621453 0.047930 0.069818
3 0.384420 0.670666 0.051306 0.100195
1 0.545954 0.669393 0.050420 0.081577
5 0.706986 0.637034 0.063773 0.137983
