7 0.193499 0.488624 0.047738 0.077302
9 0.269828 0.406247 0.045053 0.088095
10 0.300891 0.365046 0.049005 0.104451
7 0.360508 0.320633 0.039871 0.065506
11 0.385428 0.268750 0.047900 0.115112
6 0.259524 0.510861 0.042083 0.069501
6 0.301895 0.468826 0.039782 0.066911
6 0.396068 0.363553 0.036620 0.060585
6 0.422910 0.333011 0.034702 0.059335
9 0.447523 0.295498 0.041528 0.079719
6 0.472662 0.275729 0.033552 0.057146
8 0.369380 0.481526 0.046491 0.083396
6 0.402865 0.447421 0.039494 0.066144
6 0.509902 0.313370 0.034798 0.057612
8 0.497553 0.417869 0.043942 0.079487
3 0.542169 0.465136 0.046204 0.091164
0 0.565089 0.436483 0.038419 0.065341
2 0.678606 0.375734 0.042946 0.077454
0 0.717728 0.316591 0.034702 0.059339
0 0.642085 0.603644 0.045532 0.075152
0 0.669021 0.551544 0.043426 0.072183
0 0.691068 0.509221 0.041316 0.068634
0 0.750751 0.393998 0.038439 0.063459
0 0.768057 0.362125 0.035651 0.061445
1 0.730053 0.618376 0.053201 0.086369
2 0.750565 0.562948 0.052454 0.087887
3 0.772148 0.513588 0.047510 0.096627
4 0.786015 0.462956 0.054332 0.113135
1 0.804006 0.440863 0.044302 0.074484
5 0.834620 0.345908 0.054802 0.125890
