7 0.303021 0.410146 0.042536 0.062242
11 0.392078 0.283046 0.041987 0.097394
6 0.295281 0.516895 0.035787 0.054239
10 0.322282 0.463523 0.048697 0.090301
6 0.392044 0.390574 0.032910 0.051763
6 0.419964 0.352629 0.031713 0.050966
9 0.446964 0.310339 0.036720 0.067774
6 0.473127 0.280494 0.029878 0.050010
8 0.351177 0.537346 0.042937 0.068965
6 0.386587 0.494008 0.035470 0.054802
6 0.501362 0.329783 0.031561 0.050486
6 0.376706 0.609863 0.037705 0.056637
0 0.443261 0.637120 0.037388 0.057037
0 0.505569 0.533829 0.035853 0.054451
8 0.534507 0.484028 0.044411 0.067983
1 0.508793 0.658406 0.044894 0.068618
9 0.595418 0.502505 0.041538 0.071815
4 0.619825 0.449835 0.046012 0.090106
0 0.690896 0.340703 0.032513 0.052087
0 0.605456 0.629115 0.039114 0.058284
2 0.658614 0.531232 0.042421 0.066703
0 0.706673 0.440038 0.034828 0.053919
0 0.728242 0.399696 0.034190 0.053122
3 0.700483 0.594845 0.044974 0.076448
1 0.744559 0.501124 0.042470 0.065238
5 0.788203 0.397232 0.050499 0.103644
