7 0.510190 0.604150 0.048568 0.077566
11 0.442234 0.612766 0.059798 0.130863
6 0.714446 0.460200 0.038905 0.061432
10 0.665374 0.464969 0.053836 0.106280
6 0.530379 0.532870 0.041028 0.065377
6 0.466248 0.559904 0.039302 0.065185
9 0.397753 0.578393 0.047642 0.092791
6 0.322649 0.617659 0.043519 0.068538
8 0.675174 0.413578 0.042219 0.078684
6 0.614431 0.442273 0.037784 0.060539
8 0.489972 0.481890 0.043905 0.081194
6 0.355623 0.541882 0.041028 0.064993
6 0.688725 0.365658 0.036028 0.058313
0 0.649008 0.328155 0.034815 0.058247
0 0.537202 0.367996 0.035417 0.059649
2 0.476607 0.380451 0.041620 0.077887
9 0.416212 0.399264 0.041987 0.083846
4 0.562269 0.304031 0.044193 0.095959
0 0.190734 0.438472 0.039940 0.063175
0 0.521493 0.289112 0.034084 0.056452
2 0.416614 0.313189 0.039544 0.073892
0 0.293363 0.359767 0.036825 0.058562
0 0.231862 0.378887 0.036984 0.060870
1 0.542040 0.239873 0.037388 0.061829
3 0.436948 0.265708 0.037705 0.075172
1 0.327455 0.305298 0.040261 0.065265
3 0.265243 0.315997 0.040942 0.079084
5 0.204575 0.320999 0.051882 0.115952
