7 0.339654 0.274643 0.036882 0.060847
11 0.474717 0.198411 0.040605 0.100539
6 0.276987 0.351918 0.033869 0.055761
10 0.321782 0.316311 0.044173 0.092841
9 0.514750 0.238834 0.034190 0.069818
6 0.557813 0.226116 0.030023 0.050261
8 0.314805 0.379444 0.039107 0.072950
6 0.555615 0.271584 0.030688 0.051058
6 0.294115 0.444942 0.036174 0.058714
6 0.497636 0.346141 0.033618 0.054921
6 0.549859 0.322541 0.032087 0.053390
0 0.446996 0.428755 0.034216 0.054653
6 0.496668 0.402725 0.034216 0.055853
0 0.437308 0.494492 0.035747 0.057517
1 0.537267 0.437521 0.040546 0.065671
0 0.724942 0.336766 0.033072 0.052963
0 0.683629 0.420534 0.037834 0.056452
0 0.726541 0.395685 0.034828 0.055589
3 0.583980 0.536829 0.044256 0.081250
1 0.640751 0.511766 0.044478 0.068452
4 0.688672 0.468725 0.056035 0.096399
5 0.777760 0.405951 0.059587 0.108819
