11 0.212244 0.432665 0.052318 0.110847
6 0.500240 0.586177 0.039144 0.061587
7 0.401452 0.512209 0.041673 0.067169
9 0.265235 0.415972 0.039782 0.075000
6 0.221083 0.394757 0.034415 0.055188
8 0.550642 0.542809 0.042560 0.077741
6 0.311518 0.394324 0.033419 0.054322
6 0.451713 0.427943 0.033684 0.054987
6 0.405116 0.395590 0.033287 0.054322
3 0.359747 0.358585 0.038905 0.073247
0 0.695418 0.516096 0.038185 0.059593
6 0.538955 0.423649 0.033618 0.056518
10 0.682353 0.438196 0.051095 0.094805
0 0.488160 0.346478 0.032034 0.052963
0 0.404721 0.296151 0.030995 0.051045
0 0.489438 0.299028 0.030595 0.051204
1 0.660607 0.341286 0.036749 0.060245
4 0.614034 0.306734 0.041508 0.086948
5 0.485888 0.232586 0.039342 0.099385
