6 0.700147 0.427712 0.034990 0.057229
10 0.691690 0.444173 0.047262 0.096349
7 0.652363 0.573151 0.045896 0.071667
11 0.626066 0.639203 0.055989 0.129537
1 0.607849 0.483158 0.041062 0.067341
6 0.543614 0.651610 0.040873 0.066369
4 0.529129 0.497713 0.047854 0.100308
6 0.493280 0.594069 0.038022 0.063905
0 0.528737 0.370433 0.032553 0.054722
0 0.380117 0.535076 0.036908 0.061429
0 0.332068 0.618514 0.039064 0.065506
6 0.355379 0.451518 0.034269 0.058393
0 0.286453 0.563436 0.037946 0.063188
5 0.189691 0.571862 0.053145 0.123313
