6 0.707720 0.475539 0.040579 0.065344
10 0.645628 0.473003 0.053479 0.110086
7 0.426574 0.536138 0.048320 0.077070
11 0.272065 0.547702 0.058972 0.134008
1 0.328143 0.507457 0.048542 0.078452
6 0.245599 0.523218 0.041528 0.068446
4 0.442535 0.420020 0.052728 0.106151
6 0.300642 0.464954 0.040721 0.065337
0 0.674357 0.345956 0.036147 0.061045
6 0.459403 0.349681 0.037192 0.061062
0 0.324919 0.377050 0.037543 0.062374
0 0.180956 0.402432 0.039874 0.063442
0 0.234876 0.351772 0.037477 0.061845
5 0.163404 0.339038 0.052801 0.124464
