11 0.232470 0.369129 0.046071 0.103528
6 0.382614 0.582125 0.038079 0.059778
7 0.346460 0.489130 0.040281 0.064438
9 0.293490 0.369385 0.037305 0.070847
6 0.276668 0.342221 0.030890 0.051524
8 0.452130 0.561147 0.042765 0.072282
10 0.387439 0.422302 0.044765 0.090767
6 0.349962 0.363522 0.030757 0.051925
1 0.520519 0.547583 0.041217 0.067421
6 0.447267 0.429347 0.033350 0.053654
6 0.428428 0.387941 0.032021 0.052457
3 0.408077 0.342867 0.038145 0.071230
0 0.608289 0.581855 0.038105 0.059352
6 0.528016 0.450217 0.033882 0.055188
0 0.536771 0.366052 0.032087 0.052857
0 0.495597 0.299649 0.030420 0.049861
0 0.571353 0.322915 0.030423 0.050063
4 0.674858 0.361949 0.044478 0.086849
5 0.599656 0.259917 0.040165 0.097586
