7 0.256591 0.455088 0.047050 0.074931
7 0.269157 0.371632 0.042659 0.068634
11 0.274182 0.311002 0.051419 0.116528
6 0.316549 0.559010 0.043251 0.069011
10 0.319320 0.494871 0.055903 0.110893
6 0.335645 0.412396 0.038882 0.062232
6 0.340304 0.370984 0.036005 0.061313
9 0.344704 0.324861 0.043330 0.079947
6 0.347953 0.295463 0.035198 0.057976
8 0.398482 0.557793 0.049173 0.082245
6 0.402536 0.506549 0.041296 0.066028
8 0.408606 0.406860 0.043528 0.074772
6 0.411566 0.329572 0.034970 0.058780
6 0.474603 0.615949 0.045093 0.070390
0 0.565309 0.615453 0.045149 0.072758
0 0.556128 0.502434 0.040357 0.065952
0 0.549944 0.454216 0.040456 0.064610
9 0.551237 0.397808 0.044517 0.085470
4 0.633347 0.539631 0.056045 0.114018
2 0.614798 0.363748 0.041858 0.073013
0 0.605868 0.290096 0.033647 0.057612
0 0.720767 0.553624 0.043710 0.069405
2 0.691637 0.405119 0.044894 0.078763
0 0.686534 0.365921 0.037196 0.061445
0 0.679208 0.328137 0.035962 0.060308
1 0.821591 0.610238 0.053968 0.083399
3 0.791002 0.490053 0.049233 0.091567
1 0.764765 0.404023 0.045344 0.072470
3 0.756667 0.354924 0.043234 0.083975
5 0.745031 0.301824 0.052226 0.120208
