11 0.251830 0.423977 0.044977 0.106518
6 0.498178 0.551892 0.034828 0.059114
7 0.416901 0.495441 0.038347 0.062642
9 0.301371 0.417541 0.036280 0.072960
10 0.422717 0.436797 0.043714 0.090585
6 0.314387 0.382341 0.031538 0.052725
1 0.600101 0.502829 0.040010 0.064507
6 0.472794 0.435688 0.032976 0.053968
6 0.432197 0.409517 0.033072 0.052242
6 0.395149 0.387229 0.029716 0.051190
0 0.688284 0.509735 0.035483 0.057183
8 0.594611 0.452386 0.037464 0.068780
6 0.555522 0.435640 0.033360 0.054448
3 0.403891 0.338786 0.035817 0.070231
0 0.517336 0.374600 0.030017 0.051462
0 0.443274 0.332493 0.029821 0.049927
0 0.524759 0.337060 0.030496 0.049583
4 0.770698 0.408682 0.042083 0.088383
5 0.528001 0.279185 0.039110 0.096399
