7 0.674253 0.594899 0.045053 0.070744
8 0.598170 0.580164 0.044382 0.081756
9 0.525162 0.568049 0.044094 0.082440
10 0.453666 0.552998 0.050499 0.100771
7 0.316387 0.546308 0.044190 0.068350
11 0.247206 0.518844 0.054411 0.113767
6 0.683816 0.549072 0.038075 0.061181
6 0.607394 0.536989 0.037143 0.059382
6 0.399266 0.509249 0.036667 0.059676
6 0.332483 0.500782 0.035866 0.057437
9 0.265830 0.484132 0.044491 0.078125
6 0.196698 0.483702 0.037146 0.058555
6 0.550146 0.481338 0.035681 0.057120
6 0.280197 0.447898 0.035790 0.055995
8 0.496078 0.422822 0.038823 0.074005
2 0.430470 0.415326 0.039782 0.072854
3 0.568041 0.387796 0.038919 0.075440
0 0.504360 0.390461 0.033952 0.056716
0 0.272695 0.325084 0.032354 0.053323
0 0.708991 0.339297 0.032434 0.054401
0 0.641609 0.332986 0.033151 0.053763
0 0.583333 0.325757 0.031634 0.053201
0 0.406655 0.305802 0.032113 0.052801
0 0.350577 0.298891 0.031154 0.052563
1 0.711260 0.301582 0.038988 0.059514
2 0.647278 0.292052 0.035311 0.068059
3 0.590899 0.284120 0.035787 0.070218
4 0.533127 0.272436 0.040069 0.085989
1 0.420709 0.270822 0.037146 0.058647
5 0.364643 0.246782 0.042791 0.100999
