7 0.688848 0.386812 0.036558 0.056118
11 0.749726 0.476685 0.052593 0.102841
6 0.600337 0.331916 0.029180 0.047596
10 0.616384 0.345385 0.040261 0.081769
9 0.685901 0.499155 0.039110 0.072662
6 0.709312 0.551103 0.034947 0.054454
8 0.546438 0.332012 0.032619 0.059911
6 0.628396 0.517518 0.032619 0.053456
6 0.485005 0.309615 0.028733 0.047596
6 0.535126 0.437975 0.031488 0.051723
6 0.548674 0.480346 0.032487 0.052060
0 0.452808 0.378216 0.029015 0.049375
6 0.464335 0.412505 0.030787 0.050479
0 0.388178 0.352946 0.029458 0.048320
1 0.406143 0.414426 0.035149 0.059646
0 0.432027 0.496172 0.032672 0.053442
0 0.455871 0.585283 0.034990 0.056399
0 0.376227 0.546060 0.034828 0.055757
3 0.281190 0.388251 0.036825 0.069339
1 0.284319 0.430923 0.036508 0.060073
4 0.294405 0.456233 0.044405 0.088690
5 0.313247 0.533039 0.048545 0.104332
