7 0.176276 0.390180 0.049081 0.071511
11 0.161004 0.322813 0.061564 0.116505
6 0.314124 0.598517 0.044749 0.066028
10 0.295475 0.529059 0.058323 0.107788
6 0.265980 0.426027 0.040493 0.062464
6 0.251372 0.376333 0.039114 0.061085
9 0.237698 0.321723 0.045688 0.081303
6 0.223189 0.283099 0.036121 0.059815
8 0.397121 0.578806 0.049560 0.082057
6 0.377449 0.520985 0.041644 0.064881
6 0.305842 0.312604 0.035314 0.059699
6 0.494550 0.626529 0.045324 0.066604
9 0.395809 0.340994 0.043899 0.082411
0 0.581205 0.606293 0.044170 0.068446
0 0.525929 0.483575 0.040179 0.064226
8 0.505683 0.422920 0.047642 0.078036
4 0.548304 0.349711 0.050384 0.102034
0 0.484692 0.230655 0.034749 0.058796
0 0.699114 0.506867 0.043201 0.065374
2 0.648313 0.397667 0.046012 0.079183
0 0.593813 0.304666 0.037626 0.061111
0 0.571768 0.262330 0.036028 0.059831
1 0.812226 0.547295 0.053393 0.077454
3 0.743150 0.426715 0.048026 0.083879
1 0.683725 0.334514 0.044097 0.071032
3 0.660384 0.281928 0.042659 0.081290
5 0.632794 0.226212 0.049140 0.116644
