11 0.518027 0.262068 0.043251 0.108819
6 0.270446 0.387955 0.035628 0.059593
7 0.389029 0.356526 0.042338 0.064706
9 0.554218 0.304960 0.037576 0.076402
10 0.368130 0.387235 0.046703 0.099160
8 0.420896 0.379678 0.039861 0.075969
4 0.478365 0.354314 0.046359 0.098813
6 0.647297 0.327219 0.033469 0.056396
1 0.331506 0.451116 0.042900 0.069977
6 0.506166 0.400807 0.037305 0.060152
6 0.626768 0.368080 0.035069 0.057596
0 0.297373 0.506933 0.040274 0.064838
6 0.488712 0.449936 0.037067 0.061749
0 0.644081 0.446935 0.037811 0.062308
0 0.759640 0.411900 0.036812 0.059646
3 0.683381 0.473160 0.044864 0.087232
0 0.743828 0.464489 0.038211 0.061908
5 0.847526 0.452194 0.058208 0.123198
