7 0.232874 0.508689 0.046574 0.073575
11 0.225233 0.361726 0.052040 0.115675
6 0.323953 0.598313 0.041604 0.067679
10 0.316144 0.537272 0.054755 0.109854
6 0.301488 0.415896 0.036905 0.059993
9 0.296610 0.368247 0.043426 0.079947
6 0.291278 0.338730 0.035499 0.058717
8 0.404474 0.584058 0.047738 0.081290
6 0.377019 0.450048 0.037305 0.061829
6 0.363279 0.367128 0.035228 0.058317
6 0.489302 0.633715 0.043042 0.069309
6 0.471465 0.529707 0.039861 0.065506
0 0.544357 0.520314 0.039223 0.065185
8 0.539944 0.468920 0.045628 0.076207
4 0.521812 0.414084 0.052222 0.103876
0 0.633671 0.560351 0.040952 0.067407
1 0.604876 0.468203 0.044335 0.073092
2 0.576549 0.379294 0.041458 0.074851
0 0.550055 0.308934 0.033872 0.057358
0 0.644094 0.377224 0.036481 0.060513
0 0.630137 0.340407 0.035546 0.060073
3 0.767062 0.485901 0.047854 0.087655
1 0.750002 0.445742 0.043522 0.072087
5 0.692682 0.308656 0.049120 0.116412
