11 0.394322 0.239418 0.040952 0.100079
6 0.254517 0.420360 0.035780 0.056971
7 0.338735 0.358368 0.037212 0.061644
9 0.443138 0.271713 0.034550 0.069101
6 0.475164 0.253687 0.029620 0.050040
10 0.424891 0.336040 0.042467 0.089534
6 0.492273 0.296010 0.030294 0.050711
1 0.360369 0.469937 0.041796 0.067679
6 0.468404 0.375046 0.033356 0.054259
6 0.508380 0.343700 0.031442 0.053300
3 0.542674 0.306104 0.037067 0.073492
0 0.369907 0.537184 0.037864 0.060678
8 0.455332 0.452915 0.043535 0.071763
6 0.489686 0.427290 0.034894 0.056558
0 0.610276 0.386683 0.033945 0.054960
0 0.672508 0.327811 0.031875 0.053042
0 0.697910 0.380217 0.033472 0.054011
4 0.700068 0.452402 0.052722 0.095572
5 0.786939 0.347594 0.053720 0.106981
