7 0.633905 0.554127 0.041700 0.064947
7 0.517356 0.593031 0.042338 0.067662
11 0.455248 0.594722 0.051627 0.111396
6 0.714406 0.482569 0.035149 0.054001
10 0.669752 0.483866 0.051369 0.092983
6 0.543256 0.533016 0.036028 0.056958
6 0.484221 0.551229 0.036028 0.056319
9 0.422502 0.562629 0.041141 0.079332
6 0.355355 0.590313 0.037146 0.058515
8 0.686450 0.437345 0.041055 0.068730
6 0.627812 0.459521 0.033872 0.053922
6 0.390883 0.527483 0.035549 0.055985
6 0.704261 0.395934 0.032431 0.052166
9 0.430122 0.458466 0.038664 0.073651
0 0.673292 0.358449 0.031419 0.052057
0 0.568145 0.386576 0.031620 0.052523
0 0.516386 0.401653 0.032619 0.053922
8 0.401417 0.424798 0.037219 0.070628
2 0.539420 0.348889 0.035870 0.066620
2 0.380961 0.389980 0.037278 0.069034
0 0.258709 0.424967 0.034216 0.054854
0 0.563818 0.313881 0.030956 0.050261
0 0.354436 0.362657 0.032755 0.052192
0 0.299549 0.375038 0.033350 0.052589
1 0.588565 0.270136 0.035284 0.055384
3 0.489868 0.287179 0.034987 0.066911
4 0.440355 0.293330 0.038905 0.082917
1 0.389375 0.315716 0.035615 0.057384
3 0.333034 0.321625 0.035466 0.068780
5 0.280546 0.322493 0.043426 0.101997
