7 0.384606 0.293170 0.034888 0.058231
11 0.425660 0.251558 0.041796 0.096052
6 0.236644 0.439886 0.035470 0.054355
10 0.280751 0.398371 0.045093 0.088575
6 0.383480 0.353203 0.032973 0.051181
6 0.427242 0.326167 0.031541 0.050807
9 0.469266 0.294924 0.035946 0.067295
6 0.510976 0.274833 0.030291 0.049177
8 0.275761 0.474759 0.040933 0.069689
6 0.329101 0.447555 0.036521 0.053972
8 0.427024 0.380508 0.037864 0.066782
6 0.513709 0.329952 0.031154 0.049752
6 0.265688 0.550989 0.036429 0.056270
0 0.313295 0.598280 0.037867 0.055198
0 0.419640 0.522604 0.036620 0.052821
7 0.468720 0.484521 0.040933 0.062507
9 0.516835 0.450645 0.039782 0.066786
4 0.409368 0.585265 0.048889 0.090761
0 0.688097 0.400162 0.034547 0.050728
0 0.466594 0.643915 0.038439 0.056270
2 0.562745 0.567890 0.044974 0.070060
2 0.606362 0.529268 0.045615 0.067741
0 0.653548 0.500149 0.035747 0.052989
0 0.694388 0.468596 0.036481 0.052060
1 0.464205 0.734127 0.046703 0.068446
3 0.567745 0.643408 0.043810 0.073813
1 0.659205 0.570086 0.046174 0.064306
3 0.705726 0.531999 0.044382 0.071319
5 0.748611 0.486071 0.058896 0.099160
