7 0.242277 0.429547 0.047688 0.070377
11 0.305379 0.271052 0.049349 0.111237
6 0.275322 0.555475 0.042272 0.063271
9 0.373558 0.293553 0.040357 0.076882
6 0.388094 0.257569 0.035479 0.056852
8 0.354378 0.563813 0.048697 0.077169
6 0.438553 0.307166 0.034950 0.057116
6 0.473867 0.416976 0.038185 0.059514
6 0.491963 0.363095 0.036028 0.058955
0 0.492422 0.660484 0.043714 0.065453
6 0.534580 0.475012 0.039464 0.060870
10 0.588796 0.590129 0.058552 0.105946
0 0.624778 0.382659 0.037500 0.059934
0 0.644277 0.290293 0.035083 0.057179
0 0.704669 0.346769 0.036925 0.058552
3 0.757067 0.561258 0.049808 0.084666
1 0.767103 0.504628 0.049656 0.071703
4 0.770101 0.438393 0.059355 0.103393
5 0.781303 0.285777 0.056481 0.111812
