7 0.641311 0.566996 0.048489 0.070698
11 0.447007 0.621364 0.056872 0.119130
6 0.710923 0.477991 0.038439 0.057517
10 0.665719 0.482183 0.056941 0.098929
6 0.472095 0.566288 0.036524 0.061445
9 0.405921 0.583032 0.045916 0.085985
6 0.333626 0.617717 0.042371 0.064038
8 0.677115 0.428269 0.045691 0.073575
6 0.615924 0.454937 0.036908 0.057229
6 0.498743 0.497412 0.038631 0.059626
6 0.365883 0.542897 0.039590 0.060489
6 0.688874 0.380407 0.037292 0.055985
0 0.651789 0.339405 0.033485 0.055265
0 0.543247 0.374494 0.034616 0.057116
8 0.482831 0.382528 0.038823 0.074130
1 0.458730 0.352788 0.038823 0.065265
4 0.398175 0.359286 0.046204 0.094325
0 0.208282 0.429325 0.038343 0.060370
0 0.529461 0.292073 0.033016 0.054253
2 0.427439 0.312611 0.039917 0.071650
0 0.308330 0.353910 0.036349 0.056782
0 0.248656 0.369940 0.036346 0.058783
3 0.448034 0.264590 0.037226 0.072295
1 0.341314 0.299406 0.038938 0.062642
5 0.224074 0.311417 0.047626 0.109970
