7 0.656908 0.316506 0.038750 0.062179
11 0.788611 0.400377 0.057976 0.108221
6 0.531604 0.279459 0.032063 0.053423
10 0.566209 0.291751 0.043039 0.089917
9 0.736486 0.443201 0.042179 0.076978
6 0.787571 0.492346 0.038264 0.057834
8 0.482102 0.295068 0.037100 0.068442
6 0.689436 0.481601 0.036108 0.056958
6 0.400063 0.287267 0.032619 0.053522
6 0.468046 0.354906 0.032989 0.055360
6 0.544633 0.421478 0.034418 0.057315
6 0.588302 0.465785 0.036267 0.056319
0 0.417497 0.379279 0.032751 0.053856
2 0.454663 0.409322 0.040582 0.072149
0 0.329155 0.369223 0.034117 0.055033
1 0.396644 0.437016 0.040820 0.066862
0 0.572566 0.619808 0.039861 0.061270
0 0.420154 0.557684 0.039144 0.059673
0 0.461890 0.603112 0.039454 0.061111
3 0.244024 0.449289 0.043234 0.078604
1 0.278209 0.498631 0.043218 0.070139
4 0.317445 0.527599 0.051994 0.100767
5 0.401592 0.615691 0.056181 0.113743
