7 0.619557 0.240498 0.040668 0.063707
8 0.641594 0.274975 0.041892 0.069977
9 0.660099 0.311025 0.040979 0.078525
10 0.686850 0.342660 0.051994 0.098813
7 0.734831 0.441523 0.046653 0.070856
11 0.766359 0.467050 0.062116 0.121475
6 0.558514 0.249021 0.035466 0.055999
6 0.576128 0.288563 0.033948 0.057596
6 0.640666 0.411624 0.036425 0.061349
6 0.666030 0.457316 0.039064 0.061511
9 0.692202 0.496028 0.049259 0.086561
6 0.722665 0.559567 0.041779 0.066144
6 0.530594 0.334735 0.035387 0.059193
6 0.622971 0.520546 0.039223 0.064306
8 0.485441 0.377168 0.043297 0.075651
3 0.400630 0.341944 0.041412 0.082824
0 0.420091 0.394036 0.037960 0.061161
2 0.381422 0.495804 0.046349 0.078221
0 0.419188 0.613811 0.043337 0.068767
0 0.239395 0.288158 0.035661 0.059147
0 0.252432 0.331391 0.038535 0.061253
0 0.263552 0.372563 0.037004 0.060966
0 0.303697 0.515491 0.041892 0.065949
0 0.318823 0.567981 0.042976 0.067821
1 0.170144 0.294406 0.042563 0.069501
2 0.181723 0.335731 0.042560 0.073525
3 0.190923 0.371949 0.045324 0.083052
4 0.205060 0.408138 0.052110 0.106290
1 0.225061 0.520982 0.047834 0.078413
5 0.241668 0.556015 0.059964 0.127050
