6 0.278054 0.506946 0.033548 0.054322
7 0.391685 0.389292 0.032292 0.053036
11 0.437171 0.324363 0.035949 0.089917
10 0.360582 0.473234 0.043254 0.089497
8 0.390620 0.452098 0.035069 0.064388
6 0.487128 0.353664 0.027093 0.045734
1 0.445774 0.467163 0.035549 0.059114
4 0.468497 0.424155 0.041491 0.085215
6 0.512558 0.386609 0.028092 0.047001
0 0.418616 0.591944 0.036147 0.059180
6 0.554775 0.499439 0.032196 0.053442
0 0.592297 0.434909 0.030036 0.050565
0 0.629011 0.381410 0.028459 0.047265
0 0.666040 0.420494 0.029845 0.049428
5 0.681394 0.371139 0.041412 0.097021
