11 0.801257 0.576887 0.072222 0.132351
6 0.656986 0.335895 0.038905 0.060870
10 0.665959 0.360916 0.050847 0.103988
7 0.694383 0.537154 0.050711 0.078509
1 0.596265 0.428246 0.044573 0.074547
6 0.621887 0.677869 0.048026 0.072278
4 0.526746 0.468140 0.053988 0.109051
6 0.532232 0.606204 0.044974 0.069180
0 0.449658 0.296460 0.035017 0.059514
6 0.374517 0.434502 0.038981 0.063350
0 0.372564 0.549319 0.043952 0.067639
0 0.360985 0.686807 0.048089 0.073092
0 0.276037 0.614983 0.049686 0.070536
5 0.266963 0.666520 0.073714 0.132351
