7 0.541887 0.327798 0.034950 0.057851
7 0.653277 0.340924 0.034907 0.059276
11 0.710651 0.325351 0.044001 0.108704
6 0.412111 0.338003 0.030036 0.052242
10 0.460293 0.328206 0.043423 0.089917
6 0.579487 0.362135 0.034702 0.055023
6 0.638826 0.370187 0.032401 0.054448
9 0.698525 0.369101 0.038538 0.077454
6 0.763778 0.386052 0.034031 0.056270
8 0.383735 0.356005 0.036584 0.069180
6 0.442626 0.371753 0.032751 0.054881
8 0.562082 0.382440 0.037067 0.071978
6 0.688146 0.406852 0.034415 0.056845
6 0.305268 0.378864 0.032672 0.055360
0 0.272688 0.408823 0.034616 0.057116
0 0.395336 0.428229 0.034349 0.057384
0 0.456607 0.436835 0.035747 0.058915
9 0.522161 0.440200 0.041220 0.079851
4 0.305104 0.430691 0.049752 0.099888
0 0.708191 0.516792 0.039868 0.065503
0 0.277579 0.484773 0.040661 0.062946
2 0.397323 0.500036 0.044097 0.082057
2 0.466725 0.508808 0.046015 0.083687
0 0.541075 0.532040 0.039940 0.065906
0 0.609611 0.544063 0.044024 0.067265
1 0.172588 0.506171 0.048218 0.071991
3 0.306050 0.521834 0.046518 0.089726
1 0.443176 0.553208 0.046015 0.076052
3 0.515673 0.561093 0.047259 0.094421
5 0.588938 0.554456 0.057149 0.135552
