7 0.833434 0.425041 0.041868 0.062550
8 0.807629 0.456085 0.044974 0.070377
9 0.775595 0.488466 0.042857 0.075919
10 0.750853 0.518684 0.055906 0.096627
11 0.719606 0.552703 0.058115 0.111538
9 0.686667 0.606700 0.044286 0.081290
7 0.610506 0.706807 0.047354 0.074772
6 0.774879 0.405073 0.033231 0.054001
6 0.743604 0.437784 0.033631 0.055040
6 0.716245 0.472055 0.035308 0.055678
6 0.653214 0.544949 0.037705 0.058793
6 0.619664 0.585012 0.037384 0.058872
6 0.582639 0.627110 0.037943 0.060952
6 0.545724 0.674697 0.040661 0.062629
6 0.625696 0.479246 0.034269 0.056157
8 0.573173 0.450860 0.040493 0.067500
0 0.537776 0.492361 0.037067 0.057275
0 0.518780 0.433280 0.034749 0.055919
2 0.395309 0.472604 0.039223 0.071736
0 0.514263 0.305628 0.030820 0.050860
0 0.479881 0.335385 0.031687 0.052457
0 0.447394 0.362111 0.031554 0.052523
0 0.336078 0.455880 0.036746 0.056720
0 0.295661 0.489630 0.035939 0.057758
0 0.250807 0.528049 0.038611 0.059848
1 0.464081 0.286139 0.034815 0.057252
2 0.430951 0.310311 0.035182 0.064993
3 0.398196 0.333922 0.036425 0.070364
4 0.364912 0.355795 0.041796 0.088191
5 0.327442 0.377316 0.045440 0.105030
3 0.284324 0.423226 0.038826 0.074196
1 0.197196 0.496192 0.042937 0.066901
