7 0.739889 0.467356 0.039223 0.058317
8 0.695972 0.485103 0.039074 0.068433
9 0.647710 0.503575 0.038661 0.072454
10 0.604342 0.520185 0.048122 0.090589
11 0.554458 0.537864 0.049279 0.106151
7 0.389807 0.633340 0.042179 0.067196
6 0.699294 0.439863 0.031154 0.050724
6 0.651563 0.459114 0.031875 0.051045
6 0.512366 0.522551 0.034084 0.055122
6 0.462905 0.545385 0.034216 0.054587
9 0.410784 0.560021 0.039782 0.075651
6 0.353416 0.595227 0.036614 0.057517
6 0.569003 0.447932 0.031313 0.050565
6 0.369459 0.534413 0.034084 0.054388
8 0.488803 0.430976 0.035357 0.064173
2 0.439405 0.450132 0.037705 0.067262
3 0.497298 0.381133 0.033313 0.067887
0 0.453348 0.407750 0.031075 0.051366
0 0.214522 0.456495 0.033079 0.053988
0 0.517364 0.309454 0.027427 0.046865
0 0.471832 0.326098 0.028624 0.047798
0 0.430359 0.340542 0.029024 0.047930
0 0.289583 0.389158 0.031819 0.051260
0 0.240152 0.406233 0.031495 0.051991
1 0.482862 0.284739 0.032285 0.052037
2 0.440048 0.296038 0.030956 0.059980
3 0.398724 0.308132 0.032685 0.064173
4 0.355805 0.317568 0.038059 0.080043
5 0.310508 0.324537 0.040837 0.096157
1 0.157214 0.391356 0.036948 0.058472
