7 0.463424 0.209831 0.040136 0.068234
11 0.660334 0.189863 0.049464 0.119289
6 0.326372 0.252264 0.035390 0.061829
9 0.669105 0.247540 0.041987 0.082824
6 0.740245 0.256083 0.037004 0.060486
8 0.319464 0.288943 0.043042 0.081386
6 0.680860 0.298694 0.037672 0.061541
10 0.386567 0.322817 0.051534 0.108016
6 0.528203 0.340729 0.038727 0.064897
6 0.609301 0.343603 0.038343 0.064130
6 0.225726 0.388621 0.042259 0.064537
0 0.384079 0.392181 0.040274 0.063376
6 0.461195 0.393882 0.041028 0.067679
0 0.301086 0.445484 0.042470 0.066835
1 0.454840 0.443623 0.048409 0.077933
0 0.620888 0.445402 0.042259 0.066630
0 0.785007 0.447196 0.043935 0.067024
0 0.709158 0.507032 0.044335 0.069428
3 0.370273 0.559011 0.053588 0.096819
1 0.461840 0.567839 0.051564 0.084263
4 0.546465 0.551157 0.060185 0.119544
5 0.816926 0.545564 0.078185 0.135003
