7 0.478409 0.684051 0.050807 0.080522
10 0.321862 0.533948 0.054411 0.106634
7 0.233839 0.469258 0.045774 0.070856
11 0.189163 0.413753 0.057011 0.116091
6 0.541448 0.647918 0.043896 0.067913
6 0.484783 0.596844 0.041551 0.064878
6 0.335909 0.473988 0.039755 0.063499
6 0.292219 0.437821 0.037685 0.060185
9 0.250919 0.394997 0.043056 0.079484
6 0.206566 0.368942 0.037821 0.059081
8 0.546338 0.553441 0.046108 0.083687
6 0.492098 0.517470 0.039342 0.063221
6 0.302364 0.371149 0.035615 0.058251
8 0.495946 0.438781 0.042738 0.078204
9 0.404393 0.367262 0.041300 0.079167
0 0.543282 0.413180 0.038343 0.061736
0 0.758595 0.487356 0.041124 0.064229
2 0.500104 0.315554 0.038919 0.072662
0 0.412259 0.261348 0.032976 0.056558
0 0.742345 0.420828 0.039306 0.060969
0 0.691108 0.387612 0.037672 0.058955
0 0.546607 0.293892 0.034603 0.057421
0 0.504046 0.266523 0.033264 0.055599
1 0.850876 0.422634 0.049259 0.069633
2 0.789560 0.382240 0.046892 0.075731
3 0.737242 0.348695 0.042652 0.078674
4 0.685775 0.312331 0.048601 0.095284
1 0.637674 0.295782 0.038879 0.064712
3 0.592664 0.260341 0.038185 0.075648
5 0.547649 0.220599 0.045437 0.108591
