7 0.740223 0.426271 0.047688 0.072854
11 0.787230 0.548783 0.069296 0.136382
6 0.644357 0.348955 0.041062 0.061349
10 0.654122 0.365954 0.051763 0.103991
6 0.672713 0.476364 0.040261 0.067523
6 0.685079 0.526174 0.041984 0.067983
9 0.698272 0.569137 0.051650 0.095939
6 0.715390 0.641321 0.047394 0.074428
8 0.573877 0.340541 0.042986 0.074772
6 0.579530 0.387021 0.037467 0.063029
6 0.617383 0.584324 0.043714 0.071551
6 0.504557 0.310013 0.034947 0.059312
0 0.434213 0.308616 0.035013 0.059514
0 0.439744 0.387226 0.036683 0.062579
8 0.432305 0.425521 0.046892 0.078767
1 0.366771 0.425564 0.044573 0.074580
4 0.367750 0.460569 0.054296 0.112500
0 0.364540 0.648967 0.046812 0.076690
0 0.299468 0.351278 0.037500 0.062232
2 0.289182 0.424272 0.046591 0.078902
0 0.282407 0.532103 0.044478 0.070840
0 0.277842 0.586432 0.046809 0.073413
3 0.220549 0.379272 0.046587 0.086944
1 0.210531 0.475281 0.049606 0.078604
5 0.194658 0.559661 0.064190 0.138317
