7 0.767631 0.317097 0.041538 0.053122
8 0.755489 0.357908 0.046091 0.061829
9 0.736341 0.397126 0.042259 0.064153
10 0.728318 0.436088 0.057801 0.083783
11 0.713629 0.481807 0.061154 0.092073
9 0.693363 0.542560 0.045456 0.067903
7 0.654532 0.665187 0.048727 0.063667
6 0.709606 0.304020 0.032593 0.048489
6 0.691751 0.344481 0.033952 0.049048
6 0.677254 0.385461 0.034031 0.049051
6 0.661835 0.429198 0.033869 0.050565
6 0.641625 0.475929 0.034990 0.051204
6 0.623690 0.525936 0.035866 0.049927
6 0.603041 0.579380 0.036908 0.051366
6 0.583229 0.639732 0.038343 0.052725
8 0.560956 0.499038 0.042897 0.059352
0 0.464851 0.412720 0.032784 0.052146
0 0.447067 0.225590 0.028426 0.048661
0 0.423735 0.263935 0.030486 0.049061
0 0.401167 0.299082 0.030489 0.049593
0 0.375673 0.337227 0.032087 0.050526
0 0.322449 0.424367 0.035083 0.051591
0 0.293292 0.470367 0.035479 0.052659
0 0.260094 0.523643 0.038013 0.053191
1 0.395308 0.209398 0.032487 0.056184
2 0.371515 0.242669 0.034286 0.062110
3 0.348244 0.275245 0.035470 0.065952
4 0.324889 0.306619 0.041028 0.084646
5 0.294864 0.341268 0.048313 0.094785
3 0.263800 0.397045 0.040357 0.067391
2 0.226182 0.443805 0.046300 0.066240
1 0.195058 0.494909 0.047834 0.063171
