11 0.261896 0.506419 0.050936 0.118849
6 0.608745 0.571668 0.037960 0.062808
7 0.478421 0.535969 0.042417 0.067500
9 0.294448 0.487024 0.040661 0.079008
6 0.232875 0.482174 0.034395 0.057748
10 0.440056 0.474115 0.045245 0.095956
6 0.321162 0.463998 0.033588 0.056138
1 0.654820 0.496091 0.040341 0.066382
6 0.472890 0.462100 0.033360 0.055331
6 0.410830 0.446513 0.032553 0.054527
3 0.351806 0.424301 0.038823 0.074692
0 0.735476 0.480451 0.035701 0.058396
8 0.605731 0.447720 0.037864 0.070856
6 0.549502 0.442603 0.032900 0.055906
0 0.458044 0.394253 0.031009 0.052368
0 0.351893 0.371144 0.030288 0.050992
0 0.431276 0.358805 0.029623 0.050261
4 0.719221 0.370529 0.042272 0.086468
5 0.402305 0.303824 0.038995 0.097894
