7 0.432426 0.306090 0.035083 0.057847
11 0.482915 0.274084 0.041412 0.101422
6 0.232813 0.395967 0.034990 0.054560
10 0.284532 0.367230 0.043905 0.090685
6 0.407149 0.353509 0.031634 0.052321
6 0.460319 0.339610 0.031220 0.051845
9 0.512297 0.318919 0.035182 0.070840
6 0.565160 0.312169 0.030837 0.050966
8 0.250036 0.427945 0.040489 0.072702
6 0.314453 0.418333 0.034831 0.055357
6 0.544110 0.356824 0.031237 0.051763
6 0.209884 0.487674 0.036587 0.058555
0 0.232783 0.534540 0.039349 0.060179
0 0.367591 0.495079 0.037146 0.057116
8 0.431736 0.470728 0.040099 0.073651
9 0.491918 0.452402 0.039974 0.073237
4 0.519547 0.484519 0.047394 0.095704
0 0.694157 0.446389 0.035787 0.056078
0 0.360251 0.605013 0.040661 0.062070
2 0.486434 0.559441 0.043330 0.078604
0 0.614272 0.523955 0.037705 0.059272
0 0.671230 0.505982 0.037546 0.057996
1 0.315217 0.678538 0.048793 0.075728
3 0.457937 0.623651 0.046687 0.085317
1 0.585668 0.583416 0.045628 0.071032
3 0.650731 0.559501 0.044769 0.081865
5 0.710002 0.524129 0.059137 0.113965
