7 0.166164 0.577693 0.053968 0.078416
7 0.291301 0.342083 0.041379 0.066303
11 0.308347 0.282933 0.049835 0.111534
6 0.242011 0.595828 0.043810 0.067404
6 0.273404 0.536100 0.041220 0.064897
10 0.289998 0.473912 0.056710 0.105714
6 0.339243 0.391477 0.038056 0.059626
6 0.357406 0.349945 0.035308 0.058714
9 0.374707 0.303396 0.039302 0.077487
6 0.390678 0.272976 0.034431 0.056078
8 0.345883 0.545589 0.049656 0.079947
6 0.369792 0.495074 0.039974 0.064514
6 0.438609 0.314917 0.034269 0.057196
8 0.457302 0.449777 0.045628 0.075440
9 0.489795 0.355471 0.041858 0.080764
0 0.516104 0.511591 0.039861 0.064067
0 0.526968 0.460904 0.039061 0.062391
0 0.572748 0.640061 0.044861 0.070268
2 0.622077 0.374459 0.041779 0.072854
0 0.642159 0.295608 0.033948 0.057354
0 0.659086 0.588067 0.044276 0.068251
0 0.694750 0.386319 0.037483 0.060582
0 0.701748 0.344572 0.036333 0.058952
1 0.737502 0.662328 0.052722 0.081865
2 0.742984 0.594396 0.050499 0.080638
3 0.749980 0.531764 0.050271 0.087192
4 0.751991 0.472531 0.052870 0.106842
1 0.757718 0.436558 0.045245 0.071607
3 0.766419 0.383889 0.044749 0.083743
5 0.767946 0.326463 0.051534 0.116875
