6 0.590704 0.353851 0.027560 0.046531
7 0.608715 0.406538 0.033952 0.056184
9 0.650689 0.499711 0.041028 0.076882
11 0.667097 0.527166 0.049001 0.113466
10 0.548763 0.369608 0.037480 0.081577
8 0.556033 0.407913 0.035149 0.062176
4 0.565537 0.428305 0.041028 0.086849
6 0.595518 0.556777 0.035883 0.058641
1 0.498428 0.413547 0.034362 0.057437
6 0.508525 0.443386 0.030688 0.052526
6 0.522290 0.518733 0.034150 0.056058
0 0.430225 0.336536 0.027183 0.046710
6 0.444185 0.419322 0.030354 0.050192
0 0.395303 0.491938 0.033151 0.054001
3 0.395579 0.524365 0.041316 0.077368
0 0.399530 0.574854 0.037282 0.060112
0 0.328633 0.535747 0.034990 0.057354
5 0.329444 0.557722 0.053009 0.115952
