6 0.652503 0.526276 0.041872 0.068790
10 0.581042 0.492457 0.054755 0.113882
7 0.358027 0.452540 0.046703 0.074312
11 0.216812 0.396333 0.054940 0.125754
1 0.532831 0.440947 0.047930 0.075969
6 0.254051 0.377470 0.039497 0.063459
4 0.484360 0.370451 0.051763 0.105737
6 0.351141 0.356412 0.037679 0.062242
0 0.791758 0.408771 0.040182 0.065903
6 0.603935 0.328145 0.036905 0.061190
0 0.467025 0.300780 0.036815 0.061310
0 0.338712 0.271005 0.035751 0.060179
0 0.431310 0.252384 0.034749 0.058783
5 0.366033 0.213914 0.051214 0.118436
