6 0.711353 0.539187 0.039015 0.064034
7 0.570759 0.555660 0.045294 0.072933
9 0.352257 0.583542 0.046518 0.091521
11 0.272333 0.578945 0.057563 0.129894
10 0.613436 0.491604 0.050152 0.104563
8 0.550861 0.513679 0.044382 0.081577
4 0.481414 0.513396 0.050499 0.107083
6 0.256323 0.559559 0.038922 0.065665
1 0.664311 0.459170 0.041458 0.069259
6 0.470494 0.493444 0.039593 0.063555
6 0.320119 0.510334 0.037864 0.062884
0 0.706324 0.419554 0.035083 0.060179
6 0.511668 0.446571 0.036465 0.060278
0 0.361412 0.433441 0.036680 0.059977
0 0.221010 0.449649 0.037345 0.061045
3 0.350210 0.390116 0.041412 0.079755
0 0.281620 0.407209 0.035681 0.059253
5 0.202128 0.357755 0.048204 0.115456
