7 0.428186 0.533466 0.050268 0.080754
11 0.228484 0.433041 0.059964 0.132517
6 0.615711 0.539749 0.043538 0.071257
10 0.549306 0.499254 0.057057 0.117675
6 0.337520 0.439726 0.040939 0.066435
9 0.274428 0.406744 0.047163 0.090301
6 0.207913 0.394345 0.038664 0.066462
6 0.584077 0.470010 0.041779 0.069497
6 0.445025 0.423456 0.040274 0.066237
6 0.312897 0.377130 0.038810 0.064841
6 0.763495 0.478158 0.042738 0.071098
8 0.799995 0.423724 0.047854 0.087427
0 0.652950 0.385408 0.040377 0.067067
8 0.588692 0.352907 0.044401 0.084200
1 0.624679 0.328662 0.044656 0.073495
4 0.554562 0.293945 0.050612 0.106501
2 0.494365 0.283497 0.042976 0.081161
0 0.371830 0.253464 0.036346 0.060777
0 0.782075 0.335255 0.040949 0.065225
0 0.527991 0.258773 0.037067 0.062070
0 0.470433 0.241678 0.036667 0.060790
3 0.747560 0.271014 0.043810 0.084441
1 0.682715 0.256926 0.041700 0.069977
5 0.503368 0.186804 0.049554 0.119401
