7 0.386270 0.692832 0.053009 0.079659
8 0.341465 0.632224 0.050040 0.082702
9 0.304787 0.572966 0.049177 0.087328
10 0.263909 0.515911 0.057288 0.105255
11 0.227389 0.461399 0.062450 0.115622
9 0.195873 0.430680 0.047930 0.081763
7 0.131933 0.348309 0.048429 0.068905
6 0.460002 0.662163 0.045374 0.067024
6 0.416066 0.600369 0.042338 0.064858
6 0.299003 0.452292 0.040341 0.062229
6 0.264773 0.409315 0.038826 0.061111
6 0.232819 0.367536 0.037067 0.060311
6 0.198990 0.327555 0.036346 0.059593
6 0.444238 0.517087 0.040274 0.063307
8 0.466217 0.433786 0.043710 0.078790
2 0.426392 0.389646 0.045536 0.078604
0 0.522617 0.410600 0.039408 0.062774
0 0.429254 0.233426 0.033350 0.057050
0 0.783067 0.491523 0.043218 0.063350
0 0.727867 0.441037 0.040979 0.062232
0 0.682932 0.399337 0.038185 0.060632
0 0.558287 0.281779 0.035780 0.058525
0 0.521257 0.247793 0.034325 0.057517
1 0.841948 0.455231 0.052804 0.072454
2 0.786931 0.404623 0.050086 0.077328
3 0.739628 0.362874 0.044289 0.080291
4 0.693533 0.317376 0.051650 0.098237
5 0.652421 0.271604 0.049233 0.115033
3 0.612690 0.249511 0.039110 0.077877
1 0.539563 0.189889 0.036984 0.063747
