7 0.637021 0.281566 0.038479 0.062444
11 0.785658 0.357447 0.057976 0.110430
6 0.504425 0.252784 0.032831 0.054001
9 0.738585 0.405489 0.044094 0.078796
6 0.796103 0.450412 0.038727 0.058476
8 0.457682 0.272632 0.037864 0.070860
6 0.697272 0.447822 0.036812 0.057900
6 0.541834 0.398598 0.035182 0.058571
6 0.593310 0.440202 0.036905 0.057612
0 0.320109 0.298213 0.033710 0.055360
10 0.403677 0.350456 0.046396 0.094134
6 0.449281 0.399413 0.035658 0.057325
1 0.393249 0.427111 0.041458 0.068700
0 0.495850 0.510415 0.038280 0.059911
0 0.603447 0.600645 0.040890 0.063267
0 0.488021 0.594486 0.040407 0.062444
3 0.237784 0.453480 0.046012 0.081386
1 0.281139 0.502138 0.044573 0.072133
4 0.328598 0.529416 0.054524 0.104633
5 0.486597 0.669845 0.059358 0.117057
