7 0.841404 0.415408 0.046174 0.065585
7 0.600737 0.573674 0.045694 0.071336
11 0.548247 0.591829 0.054828 0.117778
6 0.790246 0.384125 0.035757 0.056366
6 0.740686 0.412834 0.035757 0.056653
10 0.705185 0.423872 0.052798 0.096627
6 0.597470 0.502960 0.038651 0.060622
6 0.547087 0.536607 0.039570 0.059815
9 0.492808 0.562665 0.045053 0.083796
6 0.434102 0.609327 0.040982 0.062788
8 0.696425 0.371930 0.042083 0.071511
6 0.646551 0.405933 0.035754 0.056270
6 0.440455 0.532201 0.038185 0.059673
8 0.555493 0.393368 0.040582 0.071577
9 0.452442 0.447687 0.041987 0.078608
0 0.510551 0.367217 0.035069 0.057675
0 0.598108 0.262996 0.032487 0.054319
2 0.366974 0.382832 0.039411 0.074692
0 0.252249 0.448877 0.037004 0.059626
0 0.515360 0.262553 0.032672 0.053604
0 0.471625 0.284081 0.031954 0.054160
0 0.323616 0.357617 0.035182 0.056366
0 0.271374 0.383788 0.035374 0.058092
1 0.520471 0.209992 0.035413 0.058575
2 0.475121 0.228960 0.035308 0.067503
3 0.431751 0.247660 0.036214 0.070890
4 0.386634 0.264048 0.042083 0.090013
1 0.339069 0.298548 0.039011 0.063042
3 0.285265 0.316974 0.039015 0.074868
5 0.235141 0.329744 0.049005 0.109051
