7 0.174975 0.246113 0.041796 0.068925
8 0.243538 0.234967 0.037864 0.078128
9 0.312224 0.227961 0.041220 0.082437
10 0.375904 0.213123 0.045440 0.099964
11 0.439795 0.196734 0.046243 0.119990
7 0.623545 0.203844 0.039940 0.063985
6 0.180597 0.282963 0.038343 0.063446
6 0.256410 0.276969 0.036763 0.062510
6 0.457245 0.257009 0.035311 0.059911
6 0.519474 0.249620 0.034669 0.059676
9 0.580731 0.233393 0.039398 0.081673
6 0.643894 0.235200 0.035228 0.058634
6 0.338036 0.305721 0.038585 0.064067
6 0.608186 0.273385 0.036028 0.060552
8 0.423434 0.323821 0.043522 0.083886
2 0.494955 0.316010 0.043714 0.083211
3 0.371068 0.371020 0.047454 0.091928
0 0.444527 0.370324 0.040661 0.065906
0 0.757803 0.373375 0.040949 0.066028
0 0.236890 0.499243 0.046392 0.074769
0 0.330931 0.485726 0.045248 0.074005
0 0.410552 0.474263 0.044094 0.071415
0 0.643922 0.438542 0.044173 0.070516
0 0.715759 0.428246 0.043826 0.069249
1 0.256349 0.550296 0.056845 0.089534
2 0.350633 0.528323 0.053720 0.098697
3 0.432860 0.513016 0.053029 0.103413
4 0.514327 0.488280 0.060737 0.124511
1 0.672206 0.483380 0.054067 0.082593
5 0.751782 0.442700 0.069987 0.140665
