6 0.319254 0.359201 0.036478 0.060446
7 0.455519 0.352116 0.041700 0.067262
9 0.654315 0.334735 0.040741 0.080139
11 0.722354 0.313785 0.049279 0.117609
10 0.401012 0.377609 0.049272 0.103155
8 0.465671 0.382156 0.042467 0.080139
4 0.533246 0.368829 0.048429 0.104795
6 0.741720 0.377770 0.036905 0.060394
1 0.476900 0.424979 0.044349 0.071815
6 0.539322 0.421665 0.038075 0.063039
6 0.688715 0.415633 0.037464 0.062470
0 0.260013 0.481066 0.040582 0.065506
6 0.486407 0.467910 0.039686 0.065337
0 0.649734 0.501900 0.042338 0.066624
0 0.799076 0.492713 0.040261 0.065089
3 0.662383 0.538171 0.047854 0.093750
0 0.741176 0.544144 0.041604 0.068254
5 0.846247 0.558368 0.064934 0.134177
