7 0.644269 0.564034 0.051382 0.082057
11 0.419261 0.608168 0.064878 0.143148
6 0.733876 0.475994 0.042817 0.067741
10 0.678471 0.476974 0.060050 0.115126
9 0.378032 0.574532 0.051766 0.100883
6 0.295243 0.610258 0.046875 0.074101
8 0.690703 0.425956 0.045440 0.085582
6 0.490685 0.493441 0.042341 0.068700
6 0.337085 0.537452 0.043714 0.069977
6 0.718218 0.378056 0.039464 0.064226
6 0.587728 0.411207 0.039702 0.065344
6 0.382123 0.467758 0.040582 0.067024
0 0.551179 0.371371 0.038185 0.064944
8 0.482006 0.377632 0.043714 0.083783
4 0.417371 0.387526 0.052454 0.111951
0 0.577860 0.322002 0.036746 0.062867
1 0.457270 0.349220 0.044587 0.073525
2 0.318044 0.378482 0.045552 0.085470
0 0.169704 0.423829 0.042576 0.068538
0 0.287389 0.349570 0.040182 0.064385
0 0.219926 0.365627 0.039302 0.065506
3 0.452077 0.259525 0.042421 0.082040
1 0.385427 0.278596 0.041938 0.069699
5 0.194616 0.302826 0.054524 0.126306
