6 0.575585 0.271420 0.035470 0.059435
7 0.623457 0.358115 0.045532 0.071415
9 0.720142 0.514818 0.053300 0.087427
11 0.766430 0.567030 0.078958 0.125615
10 0.536639 0.309580 0.048429 0.102163
8 0.559254 0.368968 0.044977 0.077989
4 0.587151 0.408482 0.059355 0.105946
6 0.674678 0.613681 0.046491 0.069405
1 0.487938 0.385465 0.043522 0.074196
3 0.514059 0.433090 0.047278 0.085585
6 0.566162 0.561533 0.044573 0.066524
0 0.363156 0.261465 0.036147 0.059848
6 0.343806 0.417646 0.040741 0.064034
0 0.389482 0.537242 0.044097 0.066144
0 0.434135 0.680688 0.049177 0.070648
0 0.320243 0.626326 0.047259 0.070456
5 0.343077 0.683867 0.069157 0.130446
