7 0.215111 0.495637 0.047550 0.077841
8 0.255276 0.459775 0.048218 0.085126
9 0.293304 0.428188 0.045245 0.089821
10 0.323841 0.394689 0.049236 0.104795
11 0.354301 0.360759 0.048039 0.120784
9 0.379109 0.357328 0.040837 0.080139
7 0.433692 0.324977 0.036147 0.057983
6 0.282110 0.513229 0.043327 0.072662
6 0.325007 0.479438 0.040357 0.068155
6 0.356544 0.450536 0.039015 0.066336
6 0.416642 0.398626 0.035863 0.060314
6 0.441963 0.375820 0.034110 0.057996
6 0.466334 0.354970 0.034256 0.055919
6 0.488016 0.333760 0.031634 0.054881
8 0.518586 0.436176 0.043714 0.079851
6 0.542736 0.414643 0.039302 0.062308
0 0.585322 0.451295 0.040182 0.065823
2 0.691058 0.404064 0.042791 0.076038
0 0.676316 0.585670 0.048221 0.079659
0 0.698274 0.542111 0.047626 0.076610
0 0.716701 0.508153 0.044726 0.071644
0 0.765804 0.418102 0.038743 0.063988
0 0.779104 0.393897 0.036429 0.060632
0 0.791766 0.369413 0.033948 0.058952
1 0.769062 0.596584 0.057173 0.090185
2 0.785179 0.549225 0.052917 0.092946
3 0.801860 0.507192 0.049005 0.100767
4 0.810433 0.464479 0.055324 0.117609
5 0.826749 0.424451 0.054107 0.136382
3 0.840266 0.416012 0.043032 0.088909
1 0.860890 0.375994 0.042811 0.065744
