11 0.762444 0.568075 0.061124 0.136991
6 0.775359 0.361653 0.038634 0.062692
7 0.735997 0.438967 0.045532 0.074931
9 0.678241 0.571002 0.050899 0.096343
10 0.680947 0.373719 0.050843 0.105486
6 0.566470 0.618234 0.044864 0.072242
1 0.635225 0.333783 0.042738 0.070298
6 0.577098 0.454094 0.039917 0.066488
6 0.547535 0.502523 0.040605 0.066720
6 0.519869 0.550147 0.042563 0.069249
0 0.593553 0.290832 0.037080 0.060241
8 0.548715 0.360780 0.047450 0.075827
6 0.526948 0.403537 0.039451 0.063383
0 0.407515 0.478403 0.040645 0.066528
0 0.342636 0.573487 0.043426 0.069593
3 0.335608 0.452855 0.047163 0.088958
0 0.302087 0.508302 0.040933 0.067292
4 0.377307 0.281053 0.046875 0.099216
5 0.193183 0.516361 0.062616 0.131028
