6 0.288366 0.360554 0.032619 0.052722
10 0.342740 0.332416 0.042755 0.087616
7 0.511515 0.301392 0.035007 0.057970
11 0.560681 0.268833 0.041872 0.100423
1 0.427459 0.366776 0.038145 0.061177
6 0.645438 0.311849 0.031941 0.051204
4 0.508596 0.374633 0.043714 0.090589
6 0.618843 0.358940 0.031634 0.052404
0 0.286510 0.503077 0.037146 0.056591
6 0.501774 0.493702 0.036333 0.056081
0 0.622710 0.452978 0.035446 0.054421
0 0.738356 0.419043 0.034881 0.054653
0 0.714610 0.481133 0.036779 0.055810
5 0.778588 0.440737 0.060622 0.105946
