7 0.246495 0.302029 0.041541 0.068462
8 0.316505 0.295942 0.040423 0.077407
9 0.383922 0.292988 0.040933 0.083112
10 0.450398 0.282290 0.046703 0.101458
11 0.518801 0.269931 0.048178 0.121058
9 0.582480 0.284972 0.040721 0.083396
7 0.720064 0.288886 0.042755 0.067487
6 0.237525 0.338219 0.037543 0.062788
6 0.313330 0.337740 0.036898 0.062946
6 0.522789 0.331635 0.036267 0.062629
6 0.590291 0.328920 0.035470 0.061829
6 0.729929 0.323089 0.037226 0.061508
6 0.380792 0.371571 0.038112 0.064306
6 0.674808 0.360116 0.037229 0.063188
8 0.454666 0.396248 0.045053 0.087040
2 0.531774 0.394092 0.045552 0.086736
0 0.460536 0.445427 0.042083 0.068730
0 0.798604 0.479448 0.046012 0.073274
0 0.198388 0.556037 0.048429 0.076035
0 0.297834 0.551895 0.047394 0.076038
0 0.382325 0.549020 0.045668 0.076035
0 0.643714 0.538171 0.047738 0.076382
0 0.727573 0.534259 0.046819 0.076151
1 0.191806 0.609788 0.061772 0.092255
2 0.293127 0.598206 0.055744 0.104335
3 0.382014 0.592179 0.056481 0.108704
4 0.473456 0.575301 0.062672 0.131825
5 0.561896 0.563454 0.065764 0.153224
3 0.656344 0.581539 0.055678 0.109051
1 0.838099 0.582937 0.059339 0.091548
