6 0.721141 0.499664 0.037063 0.060790
10 0.663325 0.493986 0.049812 0.102034
7 0.457923 0.541521 0.044015 0.070456
11 0.314696 0.543552 0.053975 0.123962
1 0.568514 0.477710 0.043297 0.068780
6 0.294850 0.522786 0.038826 0.062887
4 0.479722 0.440002 0.048082 0.098469
6 0.348052 0.474760 0.036329 0.059818
0 0.700685 0.383608 0.033452 0.056858
0 0.376111 0.398704 0.034749 0.057917
0 0.243891 0.415301 0.036346 0.059378
0 0.295848 0.373328 0.034018 0.056782
10 0.457535 0.303104 0.042563 0.089382
5 0.213548 0.326048 0.046587 0.110661
