6 0.679144 0.589074 0.031442 0.044193
7 0.567488 0.606892 0.036167 0.051534
9 0.393709 0.642892 0.037146 0.057583
11 0.329856 0.649798 0.045440 0.078413
10 0.608902 0.543502 0.041462 0.072454
8 0.552019 0.557397 0.034150 0.059378
4 0.497105 0.563715 0.040069 0.072087
6 0.318624 0.605389 0.032513 0.045215
1 0.536182 0.513133 0.034117 0.050936
6 0.488800 0.529172 0.030278 0.044573
6 0.370308 0.547315 0.030278 0.042659
0 0.677930 0.445238 0.028558 0.043803
6 0.511772 0.433337 0.028519 0.042738
0 0.404836 0.454077 0.028826 0.043340
3 0.348380 0.456678 0.034511 0.057596
0 0.292965 0.471485 0.030089 0.043803
0 0.342460 0.420926 0.028823 0.044134
5 0.285144 0.415880 0.043482 0.081098
