7 0.763662 0.374901 0.053396 0.075251
11 0.808975 0.405278 0.075866 0.124067
6 0.565339 0.209274 0.036617 0.060870
10 0.596227 0.230273 0.055331 0.104911
6 0.659041 0.347169 0.039590 0.064418
6 0.695661 0.397593 0.044577 0.063267
9 0.732935 0.441169 0.054263 0.088621
6 0.776278 0.510420 0.048026 0.066911
8 0.500420 0.212178 0.043697 0.077966
6 0.528528 0.265304 0.038347 0.062692
6 0.665656 0.473611 0.042655 0.065569
6 0.413639 0.188618 0.036333 0.061541
0 0.343537 0.199573 0.037576 0.062407
0 0.396596 0.293229 0.038634 0.064130
8 0.422022 0.338289 0.045784 0.081445
9 0.452793 0.389537 0.048429 0.086620
4 0.306311 0.240661 0.050843 0.107328
0 0.474626 0.599676 0.046396 0.071323
0 0.230757 0.277364 0.041700 0.065761
2 0.271890 0.367012 0.048985 0.083495
0 0.328487 0.492541 0.045916 0.068733
0 0.357004 0.553562 0.046779 0.070926
1 0.132698 0.237235 0.046587 0.076210
3 0.174530 0.330607 0.050728 0.090645
1 0.222912 0.444694 0.051538 0.080982
3 0.244448 0.503132 0.052573 0.093406
5 0.275301 0.551126 0.065569 0.129765
