7 0.615174 0.645658 0.048409 0.075635
8 0.542540 0.611356 0.046396 0.084153
9 0.476100 0.579901 0.045916 0.084735
10 0.411116 0.547431 0.052318 0.103254
11 0.346468 0.515405 0.052454 0.113079
9 0.287538 0.504327 0.044573 0.079884
7 0.168064 0.458418 0.045056 0.067100
6 0.652080 0.599542 0.040741 0.063588
6 0.579628 0.567827 0.040103 0.062308
6 0.513603 0.542905 0.039382 0.061829
6 0.449097 0.517062 0.038505 0.060473
6 0.387746 0.491019 0.036908 0.060152
6 0.329592 0.467574 0.036108 0.058317
6 0.273272 0.443810 0.036267 0.058234
6 0.214798 0.421961 0.036429 0.058155
8 0.371096 0.418910 0.040453 0.075632
0 0.459514 0.409737 0.036667 0.058555
0 0.792232 0.382695 0.036548 0.057315
0 0.723431 0.361260 0.035949 0.056250
0 0.665914 0.341288 0.034084 0.055453
0 0.608800 0.322143 0.033816 0.055000
0 0.497793 0.286002 0.033218 0.054722
0 0.447034 0.269160 0.032884 0.053790
0 0.393580 0.251619 0.032351 0.053323
1 0.814697 0.342318 0.043714 0.064034
2 0.748523 0.318383 0.038502 0.071257
3 0.692564 0.299297 0.039210 0.074005
4 0.634031 0.275762 0.043426 0.088958
5 0.581761 0.249970 0.044309 0.106706
3 0.527814 0.246376 0.035946 0.071336
2 0.477894 0.229868 0.035615 0.067837
1 0.427598 0.219254 0.034190 0.058714
