6 0.267077 0.410761 0.036944 0.056720
7 0.361854 0.335096 0.039302 0.063419
9 0.480222 0.231224 0.036521 0.072183
11 0.517464 0.185999 0.042791 0.103988
10 0.362401 0.388282 0.047738 0.094904
8 0.409516 0.359063 0.040030 0.071564
4 0.450918 0.314530 0.043482 0.093188
6 0.569474 0.232189 0.031634 0.052963
1 0.463294 0.391753 0.039874 0.065106
6 0.496296 0.359676 0.034550 0.055119
6 0.579858 0.287388 0.032434 0.053922
0 0.374631 0.561847 0.040281 0.058449
6 0.513290 0.425947 0.036746 0.056399
0 0.645139 0.377209 0.035483 0.055185
0 0.718897 0.304441 0.034084 0.054187
3 0.703694 0.402682 0.043327 0.076878
0 0.740220 0.371172 0.035896 0.055519
5 0.779459 0.310873 0.058667 0.107394
