7 0.176923 0.472014 0.037305 0.060873
8 0.228896 0.448563 0.035079 0.066769
9 0.279251 0.428562 0.035248 0.069478
10 0.323365 0.404492 0.039878 0.083495
11 0.368671 0.379281 0.038823 0.096723
9 0.408447 0.377320 0.031888 0.065969
7 0.490408 0.352330 0.031220 0.050394
6 0.208439 0.499535 0.033234 0.054719
6 0.265036 0.478168 0.032354 0.053042
6 0.312808 0.458315 0.032030 0.052642
6 0.404673 0.421409 0.030595 0.049769
6 0.445974 0.404514 0.028681 0.048571
6 0.486435 0.388337 0.028439 0.047692
6 0.524620 0.371242 0.028280 0.047371
6 0.395686 0.462389 0.030995 0.053125
8 0.433254 0.476040 0.036508 0.067662
0 0.479173 0.460177 0.032513 0.053363
0 0.473742 0.504593 0.034269 0.054960
0 0.410078 0.641126 0.038085 0.062642
0 0.468826 0.608972 0.038148 0.061177
0 0.517384 0.583575 0.036878 0.058313
0 0.654114 0.510775 0.035159 0.055837
0 0.693294 0.490005 0.036825 0.054243
0 0.733519 0.467998 0.034200 0.053839
1 0.462404 0.670556 0.046892 0.074451
2 0.518251 0.633312 0.043426 0.079851
3 0.567543 0.602541 0.043042 0.084263
4 0.612358 0.567335 0.047335 0.098975
5 0.657199 0.535407 0.049001 0.115952
3 0.702879 0.526974 0.040645 0.078604
2 0.747328 0.508884 0.039782 0.070169
1 0.782869 0.490063 0.039606 0.061111
