11 0.797406 0.567900 0.069157 0.093452
6 0.656528 0.244228 0.039458 0.058092
7 0.671693 0.370060 0.046971 0.068638
9 0.708054 0.588117 0.051524 0.068059
10 0.606959 0.440417 0.055103 0.091217
6 0.627194 0.604315 0.043482 0.054524
6 0.629266 0.684780 0.046475 0.054640
1 0.505757 0.251055 0.043935 0.069497
6 0.530165 0.448160 0.042447 0.056941
6 0.534765 0.529084 0.042447 0.054067
0 0.433591 0.199853 0.037626 0.057675
8 0.439980 0.324909 0.054160 0.069692
6 0.447513 0.393289 0.040952 0.055559
3 0.463631 0.696248 0.053029 0.063383
0 0.381005 0.545795 0.041700 0.053681
0 0.384767 0.709015 0.044382 0.053108
0 0.296624 0.629936 0.044669 0.053886
4 0.209970 0.270742 0.065106 0.095017
5 0.204117 0.715947 0.080007 0.085473
