7 0.819473 0.500428 0.054329 0.072933
7 0.445675 0.571318 0.049464 0.076974
11 0.367495 0.568356 0.059633 0.124233
6 0.787275 0.451073 0.041700 0.063271
6 0.711544 0.462192 0.040933 0.062692
10 0.653803 0.458704 0.061151 0.106693
6 0.495007 0.501486 0.041316 0.064514
6 0.420475 0.516009 0.040837 0.063651
9 0.345150 0.522778 0.050374 0.090761
6 0.260208 0.545456 0.043538 0.066032
8 0.689937 0.403249 0.046118 0.080407
6 0.615876 0.422555 0.039398 0.061637
6 0.319724 0.474692 0.040069 0.063075
9 0.383403 0.397553 0.045245 0.083591
0 0.565723 0.327183 0.036908 0.061157
0 0.501591 0.339213 0.037864 0.061832
8 0.360944 0.353029 0.043138 0.083313
0 0.667573 0.264800 0.035813 0.058383
2 0.541928 0.278368 0.040979 0.077325
2 0.346133 0.308451 0.041028 0.079468
0 0.200347 0.335298 0.039544 0.062844
0 0.582331 0.239436 0.035483 0.057715
0 0.328576 0.272913 0.037305 0.059193
0 0.262057 0.281242 0.037414 0.060711
1 0.624535 0.189482 0.042021 0.063667
3 0.502338 0.199621 0.039015 0.077166
4 0.442470 0.201503 0.045086 0.095017
1 0.380324 0.221687 0.040582 0.066071
3 0.313416 0.222849 0.040357 0.079276
5 0.250427 0.217586 0.049464 0.115608
