7 0.614246 0.583667 0.040503 0.063426
11 0.434641 0.624340 0.051306 0.111009
6 0.686703 0.509593 0.033948 0.053122
10 0.641567 0.511455 0.045635 0.090397
9 0.402528 0.594152 0.040069 0.076782
6 0.337308 0.624449 0.036508 0.058317
8 0.653323 0.468277 0.036475 0.066720
6 0.371764 0.563514 0.034666 0.054719
6 0.676238 0.428070 0.030433 0.049527
6 0.571911 0.456510 0.031554 0.050327
6 0.471855 0.488904 0.032593 0.052325
6 0.409107 0.505278 0.032196 0.052004
0 0.544334 0.424153 0.030400 0.050813
8 0.488742 0.430529 0.034190 0.065344
0 0.566331 0.383661 0.029679 0.048591
1 0.470868 0.406979 0.036438 0.056558
2 0.360856 0.432938 0.035946 0.066703
0 0.244289 0.470926 0.033287 0.052811
0 0.338099 0.409383 0.031541 0.050394
0 0.284696 0.422851 0.031898 0.051369
3 0.468550 0.334611 0.032821 0.063707
1 0.416468 0.350423 0.033399 0.054160
4 0.369747 0.352763 0.039144 0.081081
5 0.266751 0.373730 0.042563 0.096858
