7 0.264760 0.393469 0.047265 0.071224
11 0.326567 0.289782 0.051905 0.118022
1 0.233661 0.555319 0.052149 0.079851
6 0.430083 0.380243 0.038102 0.062312
1 0.505885 0.256424 0.040023 0.067583
8 0.500114 0.382128 0.044673 0.076498
6 0.529985 0.348234 0.036829 0.060873
7 0.546025 0.305815 0.044735 0.068542
3 0.562192 0.257192 0.042275 0.081290
0 0.637976 0.418244 0.040251 0.064226
0 0.676718 0.330294 0.038211 0.062176
0 0.671139 0.530567 0.042338 0.069005
5 0.714803 0.408218 0.054388 0.124233
0 0.765450 0.300895 0.037705 0.060949
