7 0.366367 0.314618 0.038826 0.061511
11 0.484679 0.273123 0.044517 0.101227
7 0.544236 0.277184 0.036680 0.059778
1 0.602857 0.262993 0.037480 0.061448
1 0.190281 0.400885 0.041779 0.064864
6 0.465165 0.390479 0.033816 0.054120
8 0.492118 0.425947 0.039302 0.072662
6 0.554317 0.422487 0.034990 0.054960
3 0.674013 0.376339 0.040453 0.075827
0 0.533333 0.532693 0.037546 0.057199
0 0.664296 0.497890 0.037679 0.056852
0 0.421807 0.621305 0.039064 0.060083
5 0.558550 0.568788 0.052345 0.106677
0 0.759370 0.532328 0.038211 0.057050
