11 0.665751 0.540432 0.055331 0.097993
7 0.604405 0.586718 0.044577 0.063667
1 0.685711 0.485579 0.043056 0.061190
6 0.446915 0.584706 0.036349 0.052242
6 0.309482 0.643532 0.039302 0.054802
6 0.478775 0.508914 0.035083 0.052146
6 0.670382 0.383008 0.033006 0.049461
8 0.444590 0.457913 0.038585 0.067262
1 0.635951 0.339902 0.035949 0.058872
3 0.419587 0.412282 0.037738 0.068902
7 0.302202 0.455818 0.042870 0.061908
0 0.397364 0.380094 0.031455 0.050704
0 0.280792 0.420041 0.034216 0.052596
0 0.476991 0.308682 0.030179 0.049263
5 0.373590 0.320096 0.042748 0.097586
0 0.197986 0.396691 0.034550 0.051855
