7 0.350240 0.327292 0.036147 0.059848
11 0.450526 0.274284 0.041528 0.101650
1 0.215635 0.414831 0.040489 0.065635
1 0.577604 0.287098 0.034428 0.057358
6 0.468047 0.368765 0.032087 0.054124
7 0.572808 0.330661 0.036349 0.059180
8 0.509287 0.389231 0.038581 0.070777
6 0.560698 0.379291 0.031554 0.054256
3 0.651968 0.327073 0.037308 0.074372
0 0.581329 0.461908 0.035681 0.058049
0 0.684000 0.417601 0.035149 0.056716
0 0.513026 0.544029 0.037063 0.060949
5 0.624064 0.474489 0.049120 0.114917
0 0.778231 0.428595 0.035403 0.056171
