11 0.717136 0.289740 0.054940 0.119818
7 0.748095 0.360789 0.046396 0.074580
7 0.824821 0.527492 0.053201 0.079468
6 0.716786 0.482464 0.042500 0.066065
6 0.774140 0.609529 0.045820 0.068158
6 0.617163 0.437903 0.042097 0.066865
6 0.476205 0.250079 0.037404 0.061925
0 0.487776 0.296257 0.038826 0.063651
8 0.541782 0.447371 0.048122 0.083783
4 0.606488 0.618547 0.064934 0.116948
1 0.405245 0.257566 0.043069 0.071230
3 0.463950 0.455759 0.050499 0.089726
10 0.355337 0.352379 0.053373 0.108476
0 0.418249 0.599970 0.046875 0.070073
0 0.283104 0.380349 0.040671 0.064706
5 0.300539 0.462062 0.059299 0.128707
0 0.314092 0.551410 0.045453 0.068138
0 0.343948 0.684636 0.048697 0.072374
1 0.185192 0.290236 0.046971 0.072854
