7 0.187803 0.408360 0.038879 0.062176
11 0.390364 0.309957 0.042447 0.102262
7 0.521569 0.275448 0.032953 0.054851
10 0.332905 0.380413 0.043138 0.090761
6 0.378924 0.376610 0.031842 0.053757
6 0.472343 0.337563 0.030003 0.050899
6 0.518320 0.318748 0.030820 0.051319
6 0.559694 0.299418 0.029845 0.048042
9 0.371028 0.416023 0.038247 0.074196
6 0.464339 0.381108 0.031753 0.052923
8 0.557305 0.334797 0.035390 0.065744
6 0.296262 0.496941 0.035228 0.058525
0 0.353228 0.473886 0.036012 0.057784
4 0.640152 0.329241 0.041019 0.087232
9 0.398714 0.496794 0.040820 0.077166
0 0.548304 0.433451 0.033221 0.054124
3 0.544937 0.476925 0.040933 0.079372
0 0.680977 0.417354 0.034752 0.055721
3 0.480491 0.564406 0.044097 0.084739
0 0.536966 0.544416 0.036280 0.059646
2 0.586862 0.512125 0.041938 0.075969
0 0.685590 0.470238 0.035883 0.057183
0 0.772604 0.423386 0.034818 0.055251
1 0.475392 0.638299 0.045532 0.074051
5 0.686794 0.499048 0.051075 0.114848
1 0.824274 0.448292 0.042755 0.064322
