7 0.142439 0.443661 0.043998 0.067870
8 0.201758 0.411817 0.041505 0.075155
9 0.254747 0.382879 0.040420 0.077966
10 0.306379 0.349390 0.045324 0.095592
11 0.354059 0.317617 0.045208 0.108707
9 0.399072 0.307383 0.036987 0.072933
8 0.445233 0.286824 0.036716 0.067966
7 0.487812 0.267826 0.036147 0.058978
6 0.187684 0.478148 0.038026 0.060390
6 0.245976 0.448089 0.036667 0.059676
6 0.347889 0.392831 0.034481 0.057851
6 0.397204 0.367154 0.033482 0.056319
6 0.443363 0.341377 0.032884 0.055638
6 0.490202 0.317454 0.032817 0.054788
6 0.532454 0.293099 0.031316 0.053280
6 0.389931 0.479868 0.038247 0.061448
0 0.539620 0.448962 0.036581 0.059471
0 0.432293 0.655099 0.042563 0.067295
0 0.491190 0.615529 0.042335 0.065913
0 0.543414 0.578373 0.040493 0.064762
0 0.596273 0.543922 0.040377 0.064187
0 0.691290 0.481057 0.038538 0.061313
0 0.734254 0.450918 0.038879 0.060625
0 0.777045 0.421586 0.037040 0.059011
1 0.490314 0.694401 0.049769 0.082057
2 0.547075 0.645726 0.047450 0.086081
3 0.601690 0.605544 0.048082 0.089494
4 0.652593 0.560830 0.051422 0.108016
5 0.701222 0.518249 0.054501 0.120757
3 0.746941 0.504167 0.044749 0.085238
2 0.793170 0.474912 0.047212 0.077007
1 0.835741 0.447417 0.045933 0.069021
