7 0.172186 0.582723 0.049927 0.076928
11 0.285317 0.373431 0.050959 0.118714
7 0.330628 0.317614 0.040741 0.064785
9 0.279557 0.537902 0.048505 0.086849
6 0.329974 0.452913 0.038823 0.063108
6 0.373294 0.369117 0.034828 0.059114
6 0.412401 0.292622 0.033684 0.056316
6 0.419398 0.419825 0.037282 0.061243
8 0.459160 0.331043 0.040741 0.072457
6 0.399719 0.627436 0.042659 0.067821
0 0.428345 0.572723 0.042252 0.067503
4 0.539588 0.293027 0.044289 0.097106
1 0.482574 0.636227 0.049666 0.080906
0 0.560413 0.439729 0.038102 0.062381
10 0.602455 0.530473 0.055142 0.109325
3 0.617244 0.486151 0.046128 0.088115
0 0.654124 0.368477 0.037546 0.060473
0 0.675949 0.559863 0.041316 0.066815
2 0.689258 0.506619 0.048171 0.077808
0 0.715794 0.419608 0.038446 0.061022
0 0.735058 0.339241 0.036081 0.058912
5 0.777209 0.447090 0.057976 0.122024
1 0.805589 0.344947 0.043472 0.069299
