7 0.756875 0.519276 0.050231 0.070648
11 0.670895 0.599884 0.059355 0.111349
1 0.803646 0.355977 0.046399 0.067675
1 0.508305 0.676308 0.048647 0.074130
6 0.585018 0.490719 0.039302 0.059335
8 0.522556 0.453289 0.043697 0.072212
6 0.473140 0.496546 0.037788 0.057993
3 0.467740 0.414489 0.043694 0.078125
7 0.373644 0.502578 0.046012 0.070936
0 0.415843 0.389471 0.037335 0.057804
0 0.319795 0.474066 0.039702 0.059673
0 0.448872 0.286756 0.034749 0.055999
5 0.361090 0.333494 0.049005 0.110202
0 0.210923 0.481440 0.040899 0.060949
