7 0.370362 0.313517 0.039864 0.065585
6 0.513785 0.332728 0.034752 0.058075
6 0.640584 0.313477 0.033952 0.056240
11 0.272870 0.383482 0.051488 0.122163
6 0.469960 0.375458 0.035549 0.060632
6 0.209084 0.452378 0.040820 0.065344
8 0.497474 0.402001 0.043148 0.079563
1 0.224821 0.491159 0.046204 0.074580
3 0.516333 0.438062 0.046396 0.087712
7 0.649301 0.425544 0.044335 0.069739
0 0.536647 0.490716 0.041938 0.064706
0 0.675989 0.465451 0.039782 0.064620
0 0.413657 0.558434 0.042083 0.069401
5 0.559522 0.507386 0.056597 0.131829
0 0.775685 0.495739 0.040899 0.065585
1 0.357722 0.615731 0.050231 0.081481
