7 0.193115 0.492621 0.053843 0.077173
11 0.189302 0.409406 0.068327 0.120784
1 0.302760 0.698065 0.057047 0.082824
1 0.261814 0.258957 0.047358 0.072854
6 0.357368 0.414721 0.040933 0.063555
8 0.434478 0.392017 0.047262 0.080245
6 0.431863 0.342991 0.038548 0.059256
3 0.511147 0.381802 0.047546 0.086085
7 0.488441 0.281683 0.043145 0.071415
0 0.586875 0.384602 0.041528 0.063614
0 0.555693 0.276635 0.038998 0.062298
0 0.700217 0.493742 0.043535 0.065903
5 0.667040 0.353333 0.057149 0.118988
0 0.612897 0.218479 0.037784 0.061032
