7 0.638497 0.515058 0.045056 0.075347
11 0.648019 0.429491 0.052176 0.122302
6 0.470443 0.527164 0.039471 0.063509
6 0.336053 0.581653 0.040261 0.066065
0 0.664142 0.394965 0.036749 0.061829
6 0.492030 0.465751 0.037844 0.062454
6 0.679944 0.348874 0.035549 0.057979
8 0.446594 0.426176 0.041316 0.077550
1 0.637285 0.314947 0.038823 0.065423
3 0.412118 0.388044 0.041419 0.083495
7 0.291860 0.436465 0.043138 0.070218
0 0.379573 0.367591 0.036667 0.059593
0 0.258866 0.409825 0.038545 0.062110
0 0.455040 0.301769 0.033353 0.056984
5 0.344783 0.311055 0.046829 0.115503
0 0.162080 0.397564 0.037943 0.061577
1 0.523406 0.237429 0.038611 0.061776
