7 0.315020 0.310357 0.038810 0.064233
11 0.423679 0.254995 0.044633 0.111696
1 0.168216 0.395828 0.042900 0.069018
3 0.460686 0.294145 0.039620 0.079646
1 0.559886 0.266999 0.037226 0.062708
6 0.439243 0.347895 0.034749 0.058780
8 0.481627 0.365018 0.040251 0.075731
6 0.537839 0.355891 0.034216 0.058317
7 0.585604 0.332677 0.039408 0.064706
0 0.555413 0.433411 0.038942 0.063178
0 0.668064 0.390061 0.037305 0.061908
0 0.479330 0.511412 0.039461 0.066944
5 0.599830 0.439884 0.052040 0.126171
0 0.767804 0.398702 0.037679 0.061379
