7 0.750169 0.391066 0.036812 0.059845
10 0.722325 0.461343 0.044722 0.097751
11 0.711374 0.482621 0.049349 0.118370
9 0.703528 0.531670 0.044173 0.086045
8 0.689772 0.572593 0.046779 0.078413
7 0.681247 0.615987 0.045853 0.075493
9 0.677331 0.408585 0.038056 0.075060
6 0.656481 0.472209 0.034319 0.057612
6 0.631835 0.536520 0.036283 0.060579
6 0.616047 0.572908 0.039018 0.064130
6 0.603783 0.611376 0.039861 0.065913
6 0.632272 0.387860 0.031508 0.052255
8 0.607226 0.436774 0.039808 0.067702
6 0.579777 0.498808 0.034673 0.058634
6 0.560377 0.409504 0.031561 0.052725
2 0.463082 0.455438 0.043671 0.069765
0 0.450792 0.488611 0.034084 0.058313
0 0.460180 0.380129 0.031088 0.051257
3 0.408578 0.449215 0.039306 0.077245
0 0.389408 0.402149 0.031290 0.052923
0 0.370761 0.427199 0.033631 0.054001
2 0.351310 0.448113 0.040503 0.068780
0 0.304433 0.512851 0.035281 0.057692
0 0.281119 0.545041 0.036081 0.060645
0 0.254737 0.579577 0.038185 0.063347
1 0.352938 0.372373 0.034355 0.055718
3 0.313429 0.414537 0.037864 0.073016
4 0.290804 0.433467 0.045093 0.090876
5 0.268165 0.453138 0.049120 0.114226
1 0.186214 0.572179 0.045933 0.070218
