7 0.170236 0.516877 0.045453 0.071657
11 0.308581 0.343767 0.047897 0.112639
7 0.365676 0.300645 0.037278 0.060377
9 0.274228 0.486324 0.044745 0.083628
10 0.308884 0.436447 0.049005 0.101042
6 0.338429 0.417847 0.035483 0.058446
6 0.394926 0.348209 0.032834 0.055678
6 0.446053 0.284522 0.031511 0.052979
6 0.427153 0.395600 0.034550 0.057781
8 0.481065 0.320274 0.038585 0.069101
6 0.367454 0.573381 0.040205 0.064904
0 0.404352 0.528651 0.039385 0.064067
4 0.561558 0.291435 0.042956 0.092216
0 0.554249 0.423282 0.035615 0.059243
3 0.566766 0.512219 0.046012 0.085813
3 0.595456 0.467252 0.045728 0.085126
0 0.658138 0.367513 0.035681 0.058181
0 0.639522 0.537920 0.039494 0.063843
2 0.662121 0.491275 0.045056 0.075969
0 0.706720 0.417354 0.036878 0.058783
0 0.741763 0.347103 0.034749 0.056250
1 0.668914 0.653796 0.050228 0.080714
5 0.753317 0.443393 0.053671 0.119762
1 0.807756 0.356781 0.041941 0.065823
