7 0.544357 0.221419 0.035083 0.061045
11 0.683237 0.319562 0.048082 0.112616
9 0.724696 0.367196 0.042216 0.079947
7 0.814573 0.446987 0.044960 0.070556
10 0.559324 0.283970 0.044633 0.094673
6 0.591028 0.328790 0.034358 0.057275
6 0.667664 0.396338 0.036214 0.059778
6 0.708583 0.434016 0.037146 0.061842
6 0.755203 0.472374 0.040208 0.061978
9 0.501481 0.307158 0.039702 0.078204
6 0.573395 0.379911 0.036081 0.059107
8 0.654170 0.448087 0.043234 0.079573
6 0.389694 0.268110 0.032153 0.055380
6 0.416457 0.299816 0.033244 0.056141
4 0.635265 0.498069 0.057149 0.108499
0 0.328618 0.286571 0.033419 0.055853
0 0.358393 0.318965 0.035417 0.057983
0 0.455911 0.419932 0.037146 0.060645
3 0.363522 0.396986 0.043234 0.082536
0 0.467925 0.521382 0.041141 0.064868
3 0.240352 0.343264 0.042259 0.080443
0 0.271146 0.388781 0.037226 0.060632
2 0.299717 0.417414 0.044481 0.078320
0 0.362479 0.504823 0.040261 0.063747
0 0.437272 0.592670 0.042579 0.068059
1 0.149196 0.335774 0.042097 0.066224
5 0.265817 0.460589 0.056184 0.125615
1 0.365256 0.617131 0.048793 0.079276
