7 0.837369 0.410640 0.042497 0.067503
11 0.737515 0.563123 0.054997 0.120923
7 0.679696 0.687292 0.049048 0.078287
9 0.746096 0.428793 0.042841 0.079854
6 0.637865 0.613535 0.039302 0.063175
6 0.572880 0.722126 0.043042 0.067679
6 0.599828 0.544869 0.037679 0.061776
8 0.531796 0.640556 0.048313 0.079127
6 0.651619 0.367713 0.034150 0.056386
0 0.621232 0.403016 0.035017 0.057050
6 0.561824 0.481174 0.036346 0.059312
4 0.427278 0.653363 0.053492 0.107672
1 0.589499 0.348905 0.038105 0.064147
0 0.467860 0.505174 0.036812 0.060446
10 0.470367 0.394400 0.047493 0.096075
3 0.438606 0.441834 0.041458 0.079084
0 0.336792 0.577161 0.039808 0.062576
0 0.414593 0.395499 0.034729 0.056806
2 0.382393 0.425329 0.042021 0.073092
5 0.346410 0.444926 0.050268 0.115493
0 0.308598 0.512396 0.038333 0.059415
0 0.230518 0.602910 0.040658 0.064067
1 0.164406 0.579010 0.050645 0.072536
