7 0.483666 0.285569 0.038429 0.063419
11 0.610279 0.264602 0.046657 0.113052
1 0.281867 0.322120 0.041412 0.066144
1 0.744721 0.322728 0.043614 0.067183
6 0.545640 0.363239 0.036015 0.059646
8 0.552146 0.395021 0.042275 0.081478
6 0.620610 0.406746 0.037001 0.062116
7 0.696687 0.447006 0.045456 0.072781
0 0.547718 0.496941 0.038823 0.062884
3 0.625250 0.487027 0.047622 0.091336
0 0.704861 0.496605 0.042560 0.067583
0 0.388282 0.548580 0.043138 0.069692
5 0.545878 0.525453 0.059137 0.134173
0 0.796774 0.551480 0.044977 0.069825
