7 0.560873 0.344307 0.039742 0.064904
11 0.687826 0.337345 0.048429 0.116528
1 0.351022 0.353770 0.041058 0.065344
1 0.809446 0.407789 0.042755 0.070169
6 0.591657 0.421152 0.034749 0.060790
8 0.580220 0.448626 0.043132 0.080618
6 0.645289 0.468219 0.038185 0.062788
7 0.716529 0.470952 0.044653 0.071336
3 0.794268 0.469588 0.045552 0.090645
0 0.538745 0.536138 0.041121 0.066045
0 0.690784 0.556227 0.041541 0.068142
0 0.372900 0.557125 0.040873 0.067702
5 0.516220 0.551351 0.057011 0.134038
0 0.755676 0.613371 0.043330 0.070360
