7 0.857070 0.369649 0.042659 0.068221
11 0.762336 0.528560 0.056167 0.120923
7 0.681652 0.716194 0.050645 0.080364
9 0.766533 0.390888 0.043138 0.079732
10 0.741417 0.427875 0.050109 0.099666
6 0.717343 0.484201 0.038535 0.061445
6 0.663365 0.582245 0.039686 0.062884
6 0.630972 0.635660 0.042176 0.065089
6 0.602097 0.694089 0.042176 0.066782
6 0.622824 0.513016 0.038347 0.061541
8 0.559487 0.611721 0.048889 0.076849
6 0.669135 0.329868 0.034831 0.056878
0 0.640236 0.367088 0.035281 0.057649
4 0.455035 0.627664 0.053376 0.106405
9 0.575971 0.344886 0.040572 0.078125
0 0.489517 0.475519 0.036905 0.060073
3 0.458540 0.411548 0.041987 0.078320
0 0.361052 0.552034 0.039392 0.062149
3 0.464150 0.316576 0.039471 0.075010
0 0.432698 0.364072 0.034286 0.056518
2 0.400885 0.395817 0.043059 0.072844
0 0.330403 0.486536 0.037705 0.058396
0 0.255704 0.580736 0.040661 0.064309
1 0.433525 0.273942 0.036587 0.062149
5 0.305069 0.405127 0.054676 0.113330
1 0.188828 0.557426 0.050843 0.071207
