11 0.205680 0.536364 0.059243 0.128032
7 0.194175 0.505098 0.046240 0.074428
6 0.265529 0.410104 0.036614 0.060777
6 0.253813 0.327087 0.034484 0.057851
6 0.343563 0.446344 0.037576 0.062404
6 0.457336 0.645529 0.044170 0.068214
0 0.449950 0.586944 0.042275 0.067679
8 0.415086 0.428257 0.043618 0.076594
1 0.541660 0.628123 0.050040 0.081577
3 0.485666 0.418692 0.044494 0.085235
7 0.464765 0.344322 0.040873 0.067169
10 0.558585 0.405719 0.050661 0.101875
0 0.526511 0.341151 0.036839 0.058856
0 0.659924 0.507655 0.040179 0.065509
5 0.628896 0.393280 0.052685 0.118704
0 0.611283 0.373277 0.038102 0.059755
0 0.579658 0.296582 0.035387 0.057517
1 0.784028 0.600246 0.051190 0.080188
