7 0.755618 0.452674 0.041124 0.064897
11 0.737564 0.480799 0.053284 0.105599
1 0.735885 0.317326 0.038026 0.059752
6 0.603583 0.629967 0.038985 0.058876
6 0.603846 0.461931 0.034511 0.055119
6 0.581951 0.509000 0.034590 0.056240
8 0.538924 0.444173 0.039474 0.065112
1 0.568426 0.276700 0.035172 0.058915
3 0.479706 0.421576 0.040741 0.074196
7 0.426954 0.512077 0.041872 0.065906
0 0.421667 0.412765 0.034286 0.053089
0 0.367391 0.500157 0.036746 0.056796
0 0.413905 0.323472 0.031455 0.052480
5 0.360795 0.373547 0.046002 0.105486
0 0.271081 0.528289 0.037665 0.058026
