7 0.468899 0.700585 0.047348 0.078684
8 0.418267 0.655465 0.047354 0.084931
9 0.369200 0.617945 0.046819 0.086505
10 0.322956 0.575083 0.051534 0.104795
11 0.281374 0.534448 0.051683 0.119597
9 0.237436 0.519208 0.043059 0.082199
8 0.199006 0.491265 0.042080 0.074964
7 0.158074 0.467320 0.041696 0.064706
6 0.527637 0.667131 0.040420 0.065678
6 0.476511 0.628619 0.039570 0.064190
6 0.428900 0.594995 0.038026 0.064706
6 0.382731 0.561685 0.038056 0.061445
6 0.338434 0.530271 0.038535 0.061065
6 0.295729 0.500680 0.037001 0.058092
6 0.257123 0.470536 0.035622 0.058313
6 0.216520 0.444015 0.035182 0.056270
0 0.493079 0.447538 0.035470 0.058317
0 0.780109 0.512994 0.038664 0.060949
0 0.726825 0.482397 0.037705 0.059993
0 0.676301 0.455279 0.036187 0.058634
0 0.629769 0.427677 0.035628 0.057596
0 0.543285 0.378199 0.032834 0.054481
0 0.501986 0.355671 0.033793 0.054319
0 0.462204 0.333064 0.032834 0.053363
1 0.827505 0.482431 0.043138 0.067421
2 0.770005 0.450165 0.041220 0.074054
3 0.720974 0.419962 0.041194 0.078224
4 0.673927 0.387641 0.043522 0.091161
5 0.626756 0.355556 0.045324 0.106865
3 0.588467 0.347533 0.037100 0.073333
2 0.546066 0.327879 0.036214 0.066835
1 0.506324 0.309802 0.034110 0.057354
