7 0.328925 0.263333 0.038585 0.064226
11 0.582123 0.271202 0.046931 0.112384
7 0.784367 0.311422 0.040876 0.066104
9 0.377067 0.302574 0.039689 0.078032
10 0.444683 0.302434 0.046587 0.097665
6 0.504888 0.325789 0.034352 0.058647
6 0.638967 0.340046 0.035374 0.057996
3 0.707920 0.339692 0.042659 0.081290
6 0.779102 0.355878 0.036187 0.062708
6 0.561210 0.372181 0.035681 0.059382
8 0.706252 0.381085 0.042755 0.079180
6 0.274368 0.377819 0.036878 0.061644
0 0.341076 0.387855 0.038985 0.061749
4 0.770063 0.420871 0.055099 0.105367
9 0.326663 0.426857 0.044193 0.080909
0 0.538535 0.460562 0.038247 0.063075
3 0.454322 0.490394 0.047163 0.088671
0 0.677925 0.526974 0.042755 0.065952
0 0.359841 0.539396 0.040747 0.065969
2 0.433423 0.541200 0.047546 0.088287
0 0.589668 0.572579 0.042179 0.067183
0 0.750425 0.592174 0.045215 0.067821
1 0.179145 0.571701 0.051604 0.077808
5 0.500552 0.589616 0.060324 0.130999
1 0.745233 0.647011 0.053383 0.081098
