7 0.538333 0.679975 0.043618 0.070618
8 0.482006 0.639906 0.043423 0.077550
10 0.374841 0.569876 0.048452 0.095109
11 0.326119 0.533902 0.048661 0.108016
9 0.276156 0.519560 0.041273 0.076614
8 0.230013 0.491961 0.040582 0.072216
7 0.181827 0.470137 0.040069 0.061637
9 0.525326 0.599435 0.041987 0.076594
6 0.422287 0.548279 0.034990 0.055995
6 0.323977 0.492445 0.033535 0.052722
6 0.277250 0.464879 0.034349 0.054401
6 0.230438 0.439492 0.033151 0.052483
6 0.623993 0.602923 0.036882 0.058247
6 0.414296 0.486354 0.033280 0.053720
6 0.608295 0.533955 0.035069 0.055198
2 0.542647 0.435053 0.038535 0.070939
0 0.495182 0.419446 0.032619 0.053456
0 0.738120 0.491295 0.035215 0.056452
0 0.717384 0.434064 0.034418 0.053724
0 0.665460 0.410245 0.032421 0.052593
2 0.617106 0.381027 0.038022 0.068542
0 0.523356 0.340529 0.030899 0.051481
0 0.478519 0.319724 0.030688 0.050129
0 0.434456 0.298568 0.030420 0.050126
1 0.808684 0.425795 0.040476 0.062378
3 0.700470 0.372293 0.037745 0.070433
4 0.651037 0.342932 0.041412 0.084931
5 0.601678 0.314233 0.043482 0.100093
3 0.560055 0.305800 0.034990 0.068380
1 0.471009 0.270003 0.033552 0.055761
