11 0.571574 0.638467 0.061151 0.123681
7 0.484183 0.645744 0.050959 0.078446
6 0.353851 0.553828 0.041062 0.062153
6 0.199459 0.524585 0.041538 0.062946
6 0.449711 0.511827 0.040453 0.062695
6 0.770056 0.517409 0.040866 0.062510
0 0.692331 0.498934 0.040741 0.062788
8 0.462556 0.448183 0.044861 0.082073
1 0.778438 0.454668 0.051306 0.074428
3 0.482912 0.396387 0.044726 0.083237
7 0.347044 0.376002 0.044418 0.069980
10 0.641515 0.366984 0.051759 0.100906
4 0.501546 0.339668 0.048449 0.100354
0 0.364307 0.337050 0.039461 0.059914
0 0.652718 0.338433 0.035787 0.060231
5 0.519443 0.290873 0.051882 0.113419
0 0.450752 0.302249 0.036346 0.058717
0 0.319200 0.279988 0.037077 0.058581
1 0.801829 0.311758 0.043935 0.068780
