11 0.335919 0.248034 0.048426 0.113191
7 0.402235 0.258332 0.040741 0.065665
7 0.587361 0.235812 0.037745 0.063376
6 0.544428 0.282171 0.034431 0.057675
6 0.670026 0.263937 0.033155 0.056452
6 0.500724 0.328110 0.035470 0.059514
4 0.696043 0.283500 0.049831 0.098284
6 0.240223 0.407285 0.039223 0.064147
0 0.313393 0.397976 0.038823 0.063843
8 0.529573 0.359006 0.047202 0.079474
1 0.255736 0.450840 0.046491 0.073717
3 0.546721 0.400395 0.044983 0.085817
10 0.423953 0.465367 0.053145 0.108360
0 0.706513 0.432647 0.040499 0.063191
0 0.444302 0.529970 0.041739 0.066905
5 0.590941 0.481503 0.056875 0.126723
0 0.666711 0.494269 0.042073 0.064974
0 0.806860 0.468307 0.041472 0.064372
1 0.306644 0.612032 0.052110 0.081326
