7 0.295104 0.335038 0.051128 0.064706
11 0.353267 0.339435 0.063499 0.104921
6 0.483305 0.178249 0.031756 0.054851
6 0.447545 0.329218 0.035837 0.055976
6 0.479883 0.279893 0.033872 0.055360
1 0.357606 0.569497 0.057037 0.070840
8 0.508176 0.337930 0.046253 0.070060
1 0.429628 0.598246 0.050565 0.069580
3 0.571157 0.356486 0.043214 0.076928
7 0.629001 0.265060 0.040899 0.066224
0 0.635000 0.387057 0.038981 0.057354
0 0.689745 0.283679 0.037745 0.058588
0 0.645985 0.526086 0.041858 0.059435
5 0.707278 0.391351 0.054663 0.110017
0 0.782928 0.252249 0.037146 0.058915
