7 0.806761 0.589570 0.042847 0.066911
8 0.740582 0.598886 0.041462 0.076528
9 0.676817 0.613027 0.042186 0.078800
10 0.610767 0.621200 0.049120 0.097778
11 0.545926 0.627617 0.050939 0.113469
9 0.478686 0.658566 0.042338 0.082345
8 0.408474 0.674448 0.042979 0.079643
7 0.335367 0.697941 0.043710 0.071128
6 0.774535 0.550967 0.035017 0.056452
6 0.711199 0.563851 0.035182 0.056174
6 0.588229 0.590585 0.034428 0.056396
6 0.457378 0.620174 0.036104 0.056637
6 0.387755 0.633753 0.035661 0.059722
6 0.318886 0.651599 0.036429 0.058634
6 0.501915 0.563537 0.034749 0.055360
6 0.524845 0.471129 0.032156 0.053588
0 0.461310 0.482773 0.032619 0.055255
2 0.382935 0.454719 0.037067 0.069656
0 0.649478 0.376101 0.031554 0.050794
0 0.593790 0.386012 0.031554 0.050966
0 0.539256 0.396830 0.030622 0.051326
0 0.368586 0.426847 0.033151 0.051657
0 0.310830 0.437639 0.032354 0.052989
0 0.249904 0.448522 0.033657 0.054160
1 0.628386 0.342882 0.034028 0.056399
2 0.574453 0.349992 0.035083 0.064772
3 0.519653 0.357531 0.035714 0.068304
4 0.465470 0.360809 0.039398 0.083112
5 0.408881 0.363866 0.043204 0.101323
3 0.355185 0.385547 0.035708 0.068859
1 0.236764 0.411741 0.037384 0.058793
