11 0.703123 0.477832 0.054249 0.130446
7 0.641930 0.525440 0.045532 0.074484
6 0.474443 0.528611 0.037946 0.064147
6 0.334110 0.564871 0.039940 0.068221
6 0.503722 0.484623 0.036478 0.062440
4 0.303267 0.513735 0.054524 0.111809
6 0.701154 0.405810 0.033684 0.055985
0 0.643927 0.417424 0.035116 0.058803
8 0.464864 0.452308 0.042083 0.076687
1 0.660843 0.380997 0.040357 0.061637
3 0.435618 0.422822 0.040833 0.082345
7 0.317244 0.457123 0.042986 0.066462
10 0.519525 0.370615 0.043614 0.094709
0 0.288289 0.438163 0.036882 0.059448
0 0.490021 0.368938 0.032120 0.055251
5 0.381769 0.363370 0.044861 0.114021
0 0.321088 0.402690 0.034749 0.056584
0 0.199831 0.427141 0.036614 0.059646
1 0.562424 0.326799 0.035549 0.056786
