7 0.166779 0.380833 0.041858 0.066144
8 0.231181 0.358090 0.039544 0.074931
9 0.289487 0.336777 0.039782 0.077265
10 0.347951 0.310818 0.045208 0.095017
11 0.401534 0.285455 0.045668 0.109395
9 0.453937 0.282204 0.037100 0.074388
8 0.507354 0.267495 0.036270 0.069659
7 0.557657 0.253747 0.036584 0.059993
6 0.377859 0.357953 0.033482 0.057050
6 0.488262 0.320235 0.032834 0.055040
6 0.543352 0.302035 0.032563 0.054864
6 0.593522 0.283290 0.031508 0.053532
6 0.225868 0.452482 0.038105 0.060790
6 0.468180 0.368196 0.033793 0.057358
6 0.325063 0.464491 0.037579 0.062116
2 0.490777 0.449813 0.043598 0.079375
0 0.544487 0.433854 0.036429 0.059911
0 0.332465 0.573082 0.042100 0.065423
0 0.438510 0.587335 0.041458 0.066462
0 0.502824 0.558839 0.039808 0.065311
0 0.688239 0.484555 0.037292 0.062021
0 0.742088 0.461063 0.039011 0.061710
0 0.797674 0.437928 0.038919 0.060678
1 0.408801 0.662120 0.050407 0.081481
2 0.479906 0.622626 0.048317 0.088459
3 0.547381 0.592321 0.049272 0.091931
4 0.611219 0.556582 0.053145 0.109878
5 0.674320 0.521610 0.056815 0.125728
3 0.731500 0.514530 0.046485 0.088003
1 0.848413 0.470675 0.047546 0.071323
