7 0.531908 0.262999 0.035880 0.060913
11 0.688694 0.352670 0.047612 0.111128
7 0.783008 0.438705 0.042563 0.067675
9 0.519727 0.304453 0.037001 0.074481
6 0.595437 0.369198 0.034603 0.057133
6 0.682454 0.431893 0.036349 0.058965
6 0.781670 0.502743 0.039610 0.061445
6 0.586374 0.423204 0.036015 0.059114
8 0.679631 0.488381 0.044382 0.080043
6 0.384170 0.322799 0.032685 0.055850
0 0.416356 0.352688 0.034015 0.056918
4 0.668553 0.539964 0.053469 0.108333
0 0.474757 0.474119 0.037345 0.060711
10 0.338762 0.416448 0.050268 0.099378
3 0.380182 0.458347 0.044193 0.082824
0 0.503896 0.577798 0.041938 0.066045
0 0.283712 0.457555 0.038264 0.060949
2 0.317039 0.484411 0.047450 0.079755
0 0.394406 0.569640 0.040103 0.063829
0 0.484048 0.654142 0.043710 0.068634
1 0.150387 0.412660 0.044656 0.067503
5 0.294377 0.534041 0.055632 0.125615
1 0.415823 0.686503 0.049557 0.080618
