7 0.862925 0.712989 0.073621 0.073142
11 0.506280 0.713656 0.080476 0.103528
7 0.308469 0.730812 0.057421 0.077550
9 0.754613 0.629385 0.067090 0.075231
10 0.670164 0.624378 0.084646 0.098062
6 0.580511 0.636657 0.050327 0.060966
6 0.399403 0.642657 0.048026 0.059818
6 0.207024 0.649251 0.049048 0.062867
6 0.480913 0.558396 0.047546 0.060390
3 0.391827 0.554195 0.056319 0.077688
8 0.293173 0.552032 0.055215 0.087655
6 0.806453 0.482639 0.053872 0.058380
0 0.723727 0.478305 0.052626 0.059719
4 0.203056 0.464148 0.062778 0.101710
0 0.461080 0.400131 0.044673 0.064706
9 0.614352 0.322799 0.055628 0.083925
3 0.531804 0.326971 0.054640 0.081481
0 0.285893 0.331314 0.045615 0.064944
0 0.602574 0.268990 0.045215 0.061670
2 0.526240 0.259135 0.051534 0.085010
0 0.363307 0.259610 0.043697 0.064147
0 0.195895 0.255832 0.046306 0.066524
1 0.747404 0.202368 0.059193 0.073254
5 0.438609 0.176898 0.067583 0.120463
1 0.193016 0.182154 0.050615 0.078608
