7 0.165694 0.437209 0.044385 0.070073
10 0.324773 0.354778 0.046214 0.099239
11 0.370797 0.325359 0.045668 0.114917
9 0.412788 0.321842 0.037546 0.076448
8 0.457108 0.306543 0.036987 0.069097
7 0.496614 0.292250 0.035681 0.058581
9 0.272388 0.426062 0.043902 0.085317
6 0.370165 0.389854 0.034795 0.058664
6 0.460605 0.347462 0.033353 0.056452
6 0.504547 0.327852 0.032354 0.055638
6 0.543778 0.308347 0.032021 0.053988
6 0.261396 0.482374 0.039676 0.066237
2 0.371706 0.424459 0.044405 0.077417
6 0.464304 0.384726 0.035149 0.059993
6 0.369580 0.475360 0.038585 0.065985
0 0.570238 0.420296 0.036825 0.062550
0 0.428813 0.555197 0.044015 0.071895
3 0.581508 0.454474 0.044577 0.091065
0 0.541417 0.547927 0.042259 0.070298
0 0.590160 0.516976 0.041300 0.069335
2 0.637068 0.482965 0.048218 0.083687
0 0.727900 0.436184 0.043604 0.064517
0 0.766905 0.412037 0.035628 0.062070
0 0.804297 0.387672 0.037146 0.061270
1 0.550881 0.607938 0.051954 0.085982
3 0.654363 0.529530 0.050843 0.098466
4 0.701081 0.491414 0.053697 0.114435
5 0.745599 0.451328 0.056653 0.134838
1 0.866128 0.402662 0.043618 0.069306
