7 0.129616 0.347363 0.044577 0.070618
8 0.200463 0.325926 0.043135 0.080139
10 0.328500 0.280352 0.048866 0.101319
11 0.387250 0.255893 0.048727 0.117057
9 0.444841 0.254714 0.039153 0.079084
8 0.503282 0.241245 0.039408 0.074626
7 0.558874 0.228363 0.038013 0.064173
9 0.230582 0.361230 0.044094 0.085026
6 0.357093 0.333752 0.035866 0.060711
6 0.478452 0.297844 0.034907 0.059034
6 0.538664 0.280919 0.034352 0.058115
6 0.594051 0.262667 0.033882 0.057517
6 0.185685 0.429975 0.040807 0.065638
6 0.452004 0.349912 0.036825 0.061511
6 0.289456 0.448456 0.040261 0.066462
2 0.466772 0.441543 0.046396 0.085506
0 0.526356 0.427075 0.039610 0.063707
0 0.286556 0.569760 0.045453 0.069739
3 0.502634 0.481506 0.047450 0.090493
0 0.398889 0.591407 0.044094 0.069659
0 0.469420 0.563302 0.044269 0.069435
2 0.538583 0.530597 0.050327 0.089917
0 0.675590 0.491227 0.038548 0.066237
0 0.735456 0.467682 0.041806 0.065437
0 0.796925 0.445126 0.040344 0.064226
1 0.358699 0.673487 0.055215 0.086465
3 0.513254 0.604337 0.052685 0.096743
4 0.584577 0.568122 0.056872 0.115813
5 0.654244 0.533189 0.061954 0.131690
1 0.849309 0.484324 0.053604 0.076267
