7 0.777009 0.577068 0.042417 0.066862
10 0.570787 0.582202 0.049418 0.098419
11 0.503730 0.579167 0.050615 0.115721
9 0.434630 0.601644 0.042447 0.082593
8 0.363323 0.608056 0.041938 0.079643
7 0.289583 0.621316 0.042976 0.070615
6 0.561397 0.555680 0.036081 0.057252
6 0.426417 0.567722 0.034269 0.057275
6 0.356774 0.573401 0.035949 0.060473
6 0.286814 0.580531 0.035658 0.058760
6 0.740790 0.503137 0.033948 0.055188
9 0.610152 0.502308 0.038056 0.075443
6 0.484140 0.523219 0.034511 0.055916
6 0.660795 0.471022 0.033310 0.053922
0 0.465304 0.448695 0.032831 0.054560
0 0.690896 0.400799 0.032288 0.052523
3 0.513274 0.406341 0.036508 0.071736
0 0.620126 0.376906 0.030688 0.051062
0 0.563793 0.381212 0.031065 0.051088
2 0.508218 0.378725 0.035946 0.066465
0 0.390964 0.391842 0.032272 0.051766
0 0.333540 0.395810 0.031346 0.052421
0 0.273401 0.399387 0.032014 0.052457
1 0.666000 0.341290 0.035559 0.056640
3 0.553535 0.343887 0.035628 0.068859
4 0.497783 0.341212 0.038767 0.083859
5 0.440689 0.336987 0.041796 0.101038
1 0.270608 0.366409 0.035747 0.057315
