7 0.215276 0.458586 0.049686 0.076769
11 0.186486 0.341903 0.060737 0.126028
1 0.157814 0.281389 0.046396 0.070840
1 0.359122 0.601409 0.054547 0.084643
6 0.354448 0.380866 0.039623 0.064947
8 0.422693 0.353659 0.047768 0.079884
6 0.411629 0.318406 0.037067 0.061111
7 0.385646 0.278991 0.042662 0.070536
3 0.360820 0.233057 0.040933 0.081961
0 0.563219 0.333604 0.038343 0.063651
0 0.514585 0.253938 0.037278 0.061111
0 0.686445 0.404145 0.040099 0.065427
5 0.634395 0.293148 0.052044 0.121475
0 0.556432 0.203866 0.035079 0.059444
