7 0.810041 0.339215 0.039864 0.064864
11 0.736349 0.471964 0.053697 0.121336
7 0.673856 0.639226 0.048413 0.078604
10 0.706290 0.389029 0.049927 0.098237
6 0.687601 0.439914 0.036544 0.060046
6 0.644618 0.525185 0.038423 0.063108
6 0.618322 0.572148 0.040261 0.064944
6 0.595278 0.622882 0.040972 0.066062
9 0.640357 0.381055 0.041217 0.079180
6 0.600139 0.466645 0.036508 0.060473
8 0.548558 0.552870 0.045668 0.076495
6 0.628537 0.308732 0.032146 0.054454
6 0.602989 0.342184 0.033618 0.055784
4 0.449036 0.567017 0.051624 0.107394
0 0.563049 0.296916 0.032751 0.055122
9 0.541314 0.322153 0.039223 0.076290
0 0.468360 0.437498 0.036481 0.059845
3 0.432847 0.381696 0.040165 0.078413
0 0.348922 0.507072 0.038677 0.062576
3 0.430227 0.299664 0.037788 0.073813
0 0.402374 0.343117 0.033340 0.055592
2 0.376033 0.370274 0.040341 0.071574
0 0.313232 0.450951 0.036882 0.058647
0 0.247844 0.534451 0.039061 0.063585
1 0.396769 0.265384 0.035893 0.060179
5 0.285185 0.376787 0.050384 0.114296
1 0.180542 0.516286 0.047612 0.071177
