7 0.123697 0.247454 0.046733 0.074451
10 0.346210 0.201007 0.050384 0.108085
11 0.415121 0.183216 0.053423 0.124097
9 0.480951 0.187647 0.041888 0.083879
7 0.613963 0.172424 0.041518 0.068730
6 0.363267 0.262568 0.038505 0.064547
8 0.437688 0.245078 0.044286 0.082728
6 0.503689 0.239573 0.037609 0.062573
6 0.573776 0.229231 0.036508 0.062629
6 0.640360 0.216267 0.036429 0.061270
6 0.151992 0.344902 0.043376 0.068621
9 0.312591 0.311959 0.046875 0.089342
6 0.456804 0.294097 0.039064 0.064306
6 0.250924 0.379982 0.043905 0.068733
0 0.274277 0.437561 0.045374 0.068859
0 0.506996 0.391101 0.042464 0.067295
0 0.205274 0.512819 0.048089 0.072616
3 0.458816 0.448801 0.050999 0.095089
3 0.306705 0.543920 0.055407 0.097874
0 0.397882 0.534099 0.046015 0.072536
2 0.479638 0.508669 0.054415 0.094970
0 0.641978 0.485575 0.044193 0.070258
0 0.716865 0.468547 0.044815 0.069421
0 0.793209 0.452012 0.044335 0.068780
1 0.240332 0.638343 0.058859 0.089246
4 0.509497 0.559468 0.062533 0.121336
5 0.594985 0.533231 0.063085 0.135708
1 0.834780 0.504914 0.059011 0.082361
