7 0.784886 0.479268 0.043297 0.067583
8 0.718700 0.488112 0.041528 0.077745
9 0.655741 0.500324 0.042288 0.082725
10 0.590073 0.507455 0.049577 0.102034
11 0.525000 0.512052 0.051627 0.120784
9 0.457624 0.544139 0.044289 0.087080
8 0.386490 0.560478 0.043998 0.082536
7 0.312639 0.583042 0.045344 0.074001
6 0.748709 0.444964 0.035565 0.058188
6 0.686812 0.457583 0.035708 0.058082
6 0.564054 0.482973 0.035483 0.059848
6 0.499150 0.496139 0.036667 0.060473
6 0.432996 0.510860 0.037586 0.059914
6 0.362917 0.524593 0.038902 0.062870
6 0.292068 0.540721 0.037946 0.062388
6 0.572796 0.396301 0.033231 0.055440
0 0.427550 0.385804 0.034590 0.057917
2 0.346382 0.360119 0.037771 0.071991
0 0.611085 0.289064 0.032593 0.052804
0 0.555683 0.298211 0.032192 0.053201
0 0.501443 0.308156 0.031233 0.053919
0 0.444287 0.316984 0.033072 0.054160
0 0.329635 0.335809 0.036042 0.054831
0 0.269815 0.345372 0.033750 0.055718
0 0.207293 0.355284 0.035347 0.056997
1 0.588333 0.259205 0.034431 0.057675
2 0.533722 0.265093 0.034223 0.066528
3 0.479651 0.271329 0.036346 0.071257
4 0.424277 0.273337 0.039110 0.086753
5 0.367634 0.274044 0.043138 0.106865
3 0.312710 0.295946 0.035790 0.074299
1 0.192126 0.321672 0.039940 0.061511
