7 0.379630 0.235693 0.037626 0.063667
11 0.620579 0.262219 0.046587 0.112963
7 0.752556 0.308547 0.040880 0.066571
9 0.414689 0.277067 0.039544 0.078366
6 0.665397 0.335245 0.035390 0.059180
6 0.805200 0.361520 0.036829 0.060552
6 0.578740 0.359878 0.035681 0.060179
6 0.298795 0.340949 0.035228 0.059755
0 0.359924 0.356782 0.036614 0.060780
6 0.488223 0.385685 0.036425 0.061032
8 0.561475 0.392378 0.042817 0.080840
4 0.770964 0.425818 0.055063 0.107120
1 0.267551 0.379436 0.045453 0.068938
0 0.532470 0.444294 0.038585 0.063509
10 0.367303 0.441513 0.053145 0.105737
3 0.440334 0.464606 0.047394 0.088228
0 0.654575 0.522502 0.042404 0.066505
0 0.338810 0.503163 0.040741 0.065281
2 0.406918 0.511176 0.047354 0.087331
5 0.475926 0.512520 0.055767 0.128790
0 0.553927 0.558018 0.042021 0.067583
0 0.710258 0.594344 0.045053 0.069692
1 0.687779 0.647412 0.052054 0.082920
