7 0.593965 0.223125 0.038677 0.066237
10 0.681328 0.319320 0.051353 0.104494
11 0.711890 0.349745 0.054249 0.123267
9 0.749345 0.408447 0.046819 0.087999
7 0.829259 0.511022 0.051667 0.079755
6 0.614008 0.349769 0.037864 0.062388
6 0.678280 0.435273 0.039590 0.064897
6 0.712766 0.484438 0.042219 0.068902
6 0.754602 0.534099 0.044415 0.068462
6 0.472181 0.251311 0.034349 0.059276
9 0.519153 0.316903 0.043135 0.084838
6 0.578517 0.406878 0.039110 0.064418
8 0.645506 0.495627 0.048697 0.086465
6 0.432176 0.300440 0.037063 0.061270
0 0.363313 0.316622 0.037745 0.062708
0 0.436753 0.440881 0.040939 0.066637
0 0.275827 0.293441 0.037943 0.061749
3 0.341705 0.405999 0.046875 0.088862
3 0.228072 0.333441 0.046396 0.086948
0 0.249054 0.387373 0.039974 0.065281
2 0.267948 0.423631 0.048773 0.083168
0 0.309355 0.528978 0.044735 0.069259
0 0.335238 0.581710 0.044974 0.071574
0 0.362277 0.639268 0.048568 0.073813
1 0.136526 0.316936 0.046174 0.071498
4 0.192133 0.429863 0.058942 0.111809
5 0.211491 0.470625 0.062269 0.134312
1 0.274378 0.660081 0.055331 0.087768
