7 0.668608 0.529072 0.049656 0.074580
11 0.537993 0.563619 0.057811 0.123072
1 0.799210 0.403824 0.047050 0.071095
1 0.358411 0.588356 0.048972 0.077011
6 0.518386 0.461025 0.038545 0.062242
8 0.472783 0.411739 0.044097 0.078704
6 0.409377 0.437098 0.037946 0.060632
7 0.351053 0.462923 0.046571 0.073016
3 0.280000 0.489157 0.048313 0.084358
0 0.405638 0.336564 0.037679 0.060112
0 0.279638 0.381642 0.039064 0.061987
0 0.484137 0.261063 0.034563 0.057305
5 0.370728 0.272733 0.048313 0.114435
0 0.179894 0.361908 0.039008 0.062308
