7 0.473963 0.540370 0.043535 0.072295
8 0.423056 0.508853 0.043942 0.079478
9 0.373185 0.482102 0.042751 0.083112
10 0.325532 0.451149 0.049418 0.100493
11 0.282768 0.420185 0.048730 0.117057
9 0.237993 0.415200 0.040952 0.079950
8 0.197326 0.396756 0.040103 0.070536
7 0.155342 0.381257 0.038727 0.061349
6 0.472077 0.487488 0.036667 0.060711
6 0.376863 0.441715 0.036267 0.058396
6 0.289105 0.400668 0.033456 0.054735
6 0.247014 0.379423 0.035946 0.055870
6 0.205847 0.361104 0.034180 0.053042
6 0.570484 0.486134 0.036544 0.060979
6 0.378558 0.397227 0.033552 0.056240
2 0.510286 0.360360 0.038185 0.071098
0 0.466690 0.350198 0.031885 0.054722
0 0.736267 0.385665 0.034319 0.056845
0 0.684439 0.365392 0.034190 0.056478
0 0.635689 0.347343 0.031954 0.054587
0 0.504835 0.295519 0.030688 0.051726
0 0.463661 0.280154 0.030291 0.050394
0 0.423970 0.265033 0.029997 0.050112
1 0.776009 0.360147 0.039782 0.062788
2 0.721171 0.337778 0.037784 0.069577
3 0.673689 0.316792 0.037305 0.073571
4 0.627561 0.293461 0.040724 0.086849
5 0.581777 0.268647 0.042331 0.104563
3 0.543998 0.268189 0.034511 0.069739
1 0.462601 0.244858 0.032087 0.053988
