11 0.650172 0.321875 0.045966 0.110985
7 0.681677 0.374444 0.039306 0.064385
6 0.666529 0.452761 0.038026 0.062950
6 0.734494 0.541854 0.044868 0.069633
6 0.574955 0.424539 0.035876 0.061511
6 0.450253 0.311918 0.031796 0.052963
1 0.456085 0.336500 0.036270 0.061511
8 0.509679 0.428333 0.042017 0.078604
1 0.390491 0.316104 0.036108 0.059835
3 0.441098 0.431784 0.043995 0.088191
7 0.472437 0.522933 0.047368 0.078446
0 0.369664 0.452151 0.039077 0.063905
0 0.397831 0.539904 0.044385 0.071607
0 0.282770 0.391043 0.036333 0.060777
5 0.291713 0.431506 0.054940 0.132655
0 0.322773 0.607870 0.048218 0.078128
