7 0.204557 0.328204 0.037679 0.061508
11 0.440028 0.265423 0.043039 0.104769
9 0.493844 0.268687 0.034990 0.071032
7 0.602664 0.253677 0.035116 0.057361
10 0.350063 0.323672 0.044960 0.092603
6 0.403527 0.329008 0.031842 0.054478
6 0.517809 0.306362 0.031121 0.052976
6 0.575081 0.295934 0.032034 0.053125
6 0.628699 0.283674 0.030731 0.052037
9 0.368661 0.363947 0.038585 0.076928
6 0.484949 0.346824 0.032087 0.055122
8 0.601834 0.316448 0.036987 0.069021
6 0.257184 0.428601 0.036723 0.059411
6 0.324628 0.416311 0.035949 0.059196
4 0.684448 0.323922 0.043604 0.092507
0 0.350491 0.455394 0.038013 0.059980
0 0.537293 0.412788 0.034752 0.057718
0 0.302214 0.511339 0.040420 0.063188
3 0.505471 0.452778 0.044864 0.083975
0 0.685438 0.419818 0.036187 0.059352
3 0.390132 0.525574 0.045728 0.086273
0 0.462708 0.517288 0.038479 0.063175
2 0.527846 0.495129 0.044190 0.080139
0 0.658365 0.472535 0.037973 0.061544
0 0.779724 0.442750 0.037589 0.059626
1 0.346493 0.595713 0.047371 0.075810
5 0.627956 0.500425 0.053836 0.122245
1 0.818006 0.477174 0.047255 0.069309
