11 0.710362 0.368198 0.057517 0.080985
7 0.717966 0.453608 0.050966 0.057996
6 0.641726 0.776761 0.043538 0.044494
6 0.559840 0.530529 0.039408 0.041673
6 0.559757 0.611427 0.040420 0.041538
1 0.492409 0.238798 0.042675 0.062808
8 0.480360 0.536601 0.052004 0.048089
1 0.417242 0.241635 0.050231 0.063271
3 0.406842 0.533914 0.051190 0.049461
7 0.395957 0.686286 0.056558 0.047930
0 0.333274 0.532247 0.045093 0.040837
0 0.325195 0.687803 0.047533 0.042338
0 0.268831 0.389509 0.046002 0.046597
5 0.245400 0.524481 0.080410 0.068446
0 0.238031 0.769309 0.052146 0.043902
