7 0.644137 0.277202 0.038578 0.063267
8 0.664701 0.307869 0.039448 0.071253
9 0.689744 0.337953 0.041062 0.079722
10 0.717350 0.367760 0.052470 0.100354
11 0.740739 0.395959 0.051075 0.118022
9 0.772538 0.451467 0.044573 0.084944
8 0.802971 0.498247 0.047212 0.080443
7 0.839965 0.549668 0.049210 0.076048
6 0.649603 0.393775 0.036025 0.059435
6 0.702485 0.474482 0.038105 0.062470
6 0.730493 0.519936 0.039544 0.064864
6 0.764940 0.567941 0.041938 0.065837
6 0.525623 0.300273 0.033072 0.056319
6 0.610018 0.445164 0.036994 0.061591
6 0.482007 0.343977 0.034431 0.057358
2 0.450918 0.427865 0.043714 0.075347
0 0.472502 0.470767 0.038185 0.062229
0 0.338383 0.333424 0.034947 0.057517
0 0.288717 0.380422 0.035946 0.060023
0 0.303955 0.417242 0.036905 0.061257
2 0.317222 0.450437 0.044815 0.076687
0 0.345463 0.545754 0.041065 0.064570
0 0.363484 0.593725 0.042179 0.067821
0 0.383112 0.646488 0.043538 0.070218
1 0.208686 0.351357 0.041862 0.066141
3 0.232011 0.420020 0.041640 0.083631
4 0.244904 0.452556 0.050245 0.104636
5 0.259459 0.488598 0.055823 0.125562
3 0.268924 0.549582 0.048198 0.089150
1 0.299833 0.661043 0.050327 0.081386
