7 0.538818 0.233530 0.034560 0.058634
8 0.574312 0.256176 0.035787 0.067821
9 0.612912 0.278591 0.037146 0.073975
10 0.652776 0.298826 0.043945 0.092493
11 0.693117 0.317760 0.046379 0.110155
9 0.739506 0.361500 0.040837 0.078608
8 0.785046 0.394942 0.041541 0.074772
7 0.838049 0.431561 0.042421 0.068221
6 0.491108 0.255982 0.031422 0.052989
6 0.526703 0.282130 0.031634 0.053201
6 0.602207 0.334158 0.033310 0.055599
6 0.687753 0.393636 0.035083 0.057715
6 0.733545 0.427295 0.036270 0.059755
6 0.784846 0.460200 0.038310 0.060969
6 0.594101 0.385053 0.034511 0.058234
6 0.459006 0.347429 0.032953 0.056716
0 0.487354 0.433216 0.036581 0.059633
2 0.473532 0.488456 0.043710 0.078221
0 0.232414 0.355766 0.035946 0.056941
0 0.265486 0.386921 0.036329 0.059048
0 0.300618 0.418027 0.036429 0.060103
0 0.334264 0.451579 0.038919 0.061062
0 0.410780 0.523580 0.039974 0.063363
0 0.454158 0.561156 0.041604 0.064514
0 0.499302 0.602176 0.043056 0.068062
1 0.171268 0.375212 0.042979 0.065423
2 0.207030 0.402910 0.045628 0.074292
3 0.239790 0.432877 0.043991 0.082440
4 0.275033 0.459167 0.050271 0.101574
5 0.313352 0.488697 0.053985 0.122579
3 0.346835 0.541587 0.046819 0.086964
1 0.434296 0.632515 0.049365 0.078700
