7 0.716481 0.369499 0.040820 0.067741
11 0.619155 0.326900 0.049005 0.113330
6 0.702140 0.464807 0.037414 0.061577
6 0.766392 0.556348 0.040741 0.063667
6 0.609557 0.437067 0.036713 0.061349
6 0.458469 0.298128 0.034067 0.057116
8 0.544157 0.446572 0.042976 0.079322
1 0.395205 0.307981 0.039782 0.065665
3 0.476291 0.456276 0.044864 0.084934
7 0.520607 0.551219 0.046015 0.074210
0 0.406144 0.479983 0.039478 0.062374
0 0.452171 0.572116 0.042179 0.066865
0 0.299995 0.412103 0.037001 0.060966
5 0.330929 0.468376 0.053419 0.124649
0 0.397432 0.640213 0.043052 0.068542
1 0.215875 0.383471 0.042338 0.068383
