7 0.356812 0.661974 0.046204 0.076687
8 0.323836 0.611091 0.045919 0.080906
9 0.290017 0.565231 0.044861 0.083975
10 0.260271 0.516344 0.051349 0.102867
11 0.232715 0.469894 0.051627 0.116918
9 0.202603 0.449261 0.043009 0.080526
8 0.178175 0.416782 0.044378 0.072183
7 0.149173 0.386619 0.040661 0.063747
6 0.392217 0.592027 0.039342 0.063307
6 0.327211 0.511597 0.036716 0.060198
6 0.267799 0.438829 0.034349 0.056799
6 0.240045 0.403562 0.037100 0.057612
6 0.212546 0.371174 0.032950 0.055053
6 0.493337 0.614168 0.040357 0.064322
6 0.357108 0.453879 0.035308 0.057824
2 0.508760 0.437650 0.041316 0.074673
0 0.475256 0.412356 0.035069 0.057834
0 0.681156 0.539803 0.040605 0.063151
0 0.694835 0.481000 0.037705 0.059752
0 0.654755 0.445240 0.036283 0.058714
0 0.551605 0.347935 0.032550 0.054587
0 0.519486 0.319330 0.032021 0.053853
0 0.487626 0.291224 0.032288 0.053056
1 0.797300 0.495694 0.045632 0.069597
2 0.750017 0.454087 0.044173 0.074451
3 0.709856 0.416139 0.041987 0.079659
4 0.672183 0.376549 0.044749 0.094441
5 0.634281 0.337035 0.046128 0.108938
3 0.604448 0.322935 0.037672 0.074864
1 0.539110 0.272831 0.034484 0.058981
