7 0.396928 0.702657 0.049081 0.075155
11 0.260737 0.462611 0.054385 0.113317
9 0.227374 0.428118 0.043598 0.077877
7 0.167925 0.339654 0.043072 0.066438
10 0.391791 0.544899 0.053145 0.099620
6 0.360455 0.511022 0.038535 0.059623
6 0.295651 0.414079 0.036349 0.057186
6 0.265785 0.366592 0.036908 0.058476
6 0.233776 0.322925 0.035615 0.056187
6 0.534595 0.648588 0.042021 0.060390
9 0.461467 0.528517 0.045810 0.076399
6 0.389478 0.438806 0.037705 0.058155
8 0.324109 0.339863 0.040823 0.071657
6 0.559701 0.563679 0.039494 0.059435
4 0.356361 0.269626 0.044977 0.092143
0 0.623444 0.534711 0.040136 0.059580
0 0.511610 0.393170 0.037077 0.057384
0 0.724833 0.565205 0.042007 0.060179
3 0.602560 0.409084 0.043426 0.075827
0 0.498257 0.291478 0.035813 0.055919
3 0.741154 0.487488 0.048505 0.077933
0 0.697102 0.444071 0.038343 0.057037
2 0.663104 0.394335 0.048647 0.072692
0 0.589663 0.312288 0.034550 0.054987
0 0.522333 0.234504 0.033647 0.054160
1 0.845086 0.515308 0.052917 0.068638
5 0.679602 0.313593 0.057285 0.105737
1 0.576429 0.213730 0.037745 0.063373
