7 0.199641 0.561804 0.053363 0.083158
11 0.240929 0.329549 0.055906 0.128376
7 0.255086 0.267902 0.046019 0.069739
9 0.297235 0.498262 0.051627 0.094005
10 0.304330 0.433075 0.056941 0.114226
6 0.311844 0.404800 0.040605 0.066604
6 0.321200 0.314020 0.037097 0.063363
6 0.330382 0.232404 0.036147 0.060245
6 0.390628 0.358699 0.038743 0.064706
3 0.394980 0.304053 0.046243 0.088482
8 0.396915 0.265081 0.042817 0.075261
6 0.456460 0.568643 0.046571 0.072854
0 0.463072 0.509661 0.044193 0.071128
4 0.468254 0.216032 0.046012 0.101343
9 0.547718 0.496442 0.050615 0.094901
0 0.541440 0.357895 0.038905 0.065261
3 0.619086 0.394821 0.048026 0.091356
0 0.604229 0.276187 0.038505 0.062308
0 0.702055 0.458378 0.042497 0.068780
2 0.696410 0.403897 0.050413 0.082536
0 0.684512 0.317619 0.039077 0.063175
0 0.670825 0.237989 0.037477 0.060979
1 0.811430 0.570137 0.055790 0.084547
5 0.764496 0.333337 0.058667 0.127123
1 0.741005 0.234688 0.041858 0.069580
