11 0.767189 0.340040 0.051766 0.119127
7 0.759059 0.406038 0.044494 0.072374
6 0.647786 0.483127 0.039540 0.064640
6 0.608656 0.586915 0.043006 0.068433
6 0.595005 0.424239 0.037867 0.063075
6 0.605435 0.259947 0.034349 0.057996
0 0.584185 0.294160 0.035215 0.058981
8 0.522469 0.409554 0.043806 0.076111
1 0.541050 0.247181 0.038026 0.064864
3 0.455369 0.390377 0.045208 0.086045
7 0.404463 0.483261 0.046683 0.075060
0 0.389960 0.387568 0.037943 0.060321
0 0.336946 0.475417 0.040341 0.064974
0 0.374165 0.301764 0.034911 0.058555
5 0.321171 0.348323 0.050384 0.121197
0 0.232555 0.508072 0.041862 0.067103
1 0.358228 0.221653 0.038902 0.063280
