7 0.654084 0.499213 0.047163 0.078796
10 0.441900 0.434459 0.053423 0.111260
11 0.378664 0.408977 0.053697 0.131412
9 0.314234 0.414188 0.044058 0.088919
7 0.191310 0.395002 0.043234 0.068634
6 0.479818 0.421503 0.037063 0.063826
6 0.354177 0.394236 0.037083 0.060774
6 0.293537 0.380370 0.036187 0.062070
6 0.233376 0.367713 0.034947 0.059315
6 0.711713 0.434828 0.039385 0.065661
9 0.574724 0.393171 0.043409 0.086852
6 0.448229 0.378702 0.036339 0.060632
8 0.327110 0.345997 0.041548 0.076048
6 0.668528 0.388239 0.037467 0.062629
0 0.692804 0.356478 0.038181 0.061911
0 0.509992 0.322454 0.034084 0.059180
0 0.783447 0.344694 0.037411 0.061776
3 0.592879 0.300483 0.039302 0.080522
0 0.426382 0.280761 0.033750 0.056250
3 0.744337 0.300465 0.041505 0.081577
0 0.679473 0.298922 0.034110 0.057354
2 0.622211 0.281900 0.039540 0.073733
0 0.510111 0.267664 0.032397 0.054977
0 0.404020 0.248433 0.032153 0.053988
1 0.827201 0.293251 0.041141 0.065026
4 0.643800 0.248452 0.043909 0.092698
5 0.587553 0.229514 0.045093 0.111581
1 0.432560 0.225660 0.034616 0.057318
