7 0.241425 0.533973 0.047163 0.074957
11 0.190476 0.424727 0.054524 0.121610
7 0.164175 0.406366 0.044097 0.069901
1 0.417062 0.656481 0.052007 0.082520
1 0.207498 0.353509 0.043826 0.068446
6 0.356353 0.449815 0.038439 0.061640
8 0.418881 0.418431 0.042179 0.077265
6 0.395666 0.387305 0.034216 0.058247
3 0.328710 0.310146 0.040020 0.077328
0 0.543844 0.391379 0.037384 0.060873
0 0.478591 0.320542 0.035747 0.058115
0 0.674750 0.447793 0.037867 0.061353
5 0.606281 0.348929 0.048773 0.113882
0 0.506412 0.271680 0.034418 0.056184
