7 0.707616 0.367414 0.042738 0.070298
6 0.681116 0.461882 0.039302 0.065430
6 0.737102 0.557662 0.043204 0.068234
11 0.521341 0.290665 0.049831 0.118300
6 0.586870 0.428765 0.039144 0.064944
6 0.448328 0.284000 0.035466 0.059673
8 0.516485 0.434853 0.044974 0.083237
1 0.381210 0.289932 0.041541 0.068224
3 0.443719 0.440602 0.046974 0.090013
7 0.477998 0.538175 0.048409 0.079458
0 0.369307 0.460941 0.041862 0.065665
0 0.404195 0.555683 0.044190 0.070552
0 0.269005 0.388178 0.039458 0.064649
5 0.289560 0.443059 0.055906 0.131138
0 0.337381 0.620764 0.046475 0.073505
1 0.173489 0.318798 0.043538 0.069897
