7 0.357500 0.516941 0.043538 0.069339
11 0.310804 0.458767 0.052731 0.112778
1 0.247333 0.346708 0.043376 0.064468
6 0.424271 0.413173 0.035281 0.056716
8 0.470360 0.370498 0.039544 0.073654
6 0.432986 0.345552 0.033485 0.054054
1 0.723016 0.478859 0.046812 0.070377
3 0.519392 0.338924 0.039974 0.076782
7 0.435866 0.288368 0.036825 0.061670
0 0.566285 0.321601 0.034018 0.055655
0 0.477832 0.266486 0.033085 0.054521
0 0.704355 0.350832 0.035628 0.056558
5 0.613309 0.271121 0.045552 0.106058
0 0.481268 0.214757 0.031485 0.052457
