7 0.769420 0.361088 0.051419 0.077646
11 0.782174 0.395056 0.064104 0.130529
1 0.725595 0.607659 0.057229 0.086944
6 0.612469 0.421779 0.042907 0.067870
6 0.619314 0.484038 0.043515 0.069788
8 0.531199 0.422194 0.048886 0.084547
1 0.453601 0.226443 0.042500 0.071657
3 0.451108 0.419054 0.050384 0.092626
7 0.447682 0.546017 0.053122 0.083158
0 0.371224 0.430362 0.042976 0.066703
0 0.365114 0.555483 0.047292 0.071336
0 0.302373 0.328350 0.040453 0.065185
5 0.283659 0.405129 0.062616 0.132851
0 0.264901 0.629937 0.049557 0.074292
