7 0.589482 0.584813 0.045771 0.073965
11 0.442839 0.586819 0.055354 0.123836
7 0.359497 0.623824 0.048571 0.075248
1 0.286030 0.637822 0.049924 0.077530
1 0.773390 0.498095 0.044815 0.070615
6 0.479530 0.501695 0.037864 0.060387
8 0.456229 0.450842 0.041604 0.077457
6 0.389461 0.463657 0.036508 0.057996
3 0.248679 0.484658 0.045440 0.081214
0 0.430089 0.379754 0.035351 0.057523
0 0.298514 0.398576 0.036028 0.058396
0 0.535508 0.327416 0.032841 0.055255
5 0.415775 0.317998 0.045896 0.109626
0 0.220741 0.368512 0.035946 0.057784
