7 0.803259 0.544730 0.046650 0.074931
11 0.512161 0.568523 0.056736 0.139005
7 0.353338 0.624702 0.049210 0.080364
9 0.698390 0.513459 0.045278 0.090000
10 0.626472 0.518221 0.052176 0.109464
6 0.560604 0.546944 0.039144 0.066382
6 0.413282 0.572872 0.040837 0.067007
3 0.333929 0.573024 0.047394 0.095360
6 0.254778 0.600036 0.042097 0.070298
6 0.465119 0.523762 0.038902 0.064706
8 0.311758 0.540509 0.044289 0.086085
6 0.709144 0.450812 0.035747 0.060513
0 0.643345 0.458447 0.035083 0.061511
4 0.226128 0.502389 0.052672 0.109408
9 0.612710 0.417164 0.040645 0.082536
0 0.421976 0.456230 0.036214 0.062044
3 0.464681 0.410380 0.040155 0.081210
0 0.271673 0.448345 0.037467 0.061749
0 0.508810 0.386091 0.033459 0.056918
2 0.450126 0.386534 0.040423 0.074061
0 0.322007 0.409772 0.035549 0.058115
0 0.189613 0.427406 0.036614 0.060909
1 0.605220 0.342647 0.036584 0.060559
5 0.367518 0.349777 0.046128 0.113773
1 0.178340 0.396777 0.041534 0.064309
