7 0.826865 0.339223 0.040741 0.066303
11 0.745192 0.479157 0.052606 0.120648
9 0.724534 0.540840 0.047275 0.087540
7 0.674638 0.651776 0.050169 0.079325
10 0.718404 0.390673 0.047622 0.099388
6 0.697237 0.443304 0.036987 0.060714
6 0.649714 0.531642 0.038343 0.062979
6 0.620408 0.580374 0.042563 0.065774
6 0.595083 0.633107 0.042070 0.067305
6 0.700098 0.317543 0.034110 0.055999
9 0.650843 0.381391 0.041508 0.080043
6 0.606863 0.470013 0.037576 0.061640
8 0.550498 0.558886 0.047550 0.077937
6 0.615005 0.339950 0.034269 0.056640
0 0.550852 0.327011 0.033839 0.057030
0 0.474086 0.437912 0.036214 0.060446
0 0.519119 0.283229 0.033350 0.054587
3 0.440420 0.379595 0.040661 0.079005
0 0.350742 0.508768 0.038985 0.062550
3 0.441594 0.294547 0.038823 0.075258
0 0.411930 0.338643 0.034150 0.056253
2 0.383343 0.367222 0.041779 0.073095
0 0.317399 0.450152 0.037411 0.058981
0 0.247758 0.535780 0.039537 0.063175
1 0.408900 0.257841 0.036544 0.061442
4 0.322381 0.344180 0.047163 0.094557
5 0.290622 0.373652 0.052731 0.115400
1 0.179929 0.516151 0.048409 0.072183
