7 0.601688 0.343155 0.033284 0.054365
1 0.440556 0.315217 0.032619 0.053390
11 0.563902 0.344626 0.040377 0.098929
6 0.758538 0.440127 0.032817 0.053323
6 0.572940 0.403188 0.030489 0.052189
6 0.621870 0.423479 0.031624 0.053373
8 0.539329 0.420064 0.036422 0.068780
1 0.328266 0.369306 0.035083 0.056052
3 0.498724 0.440564 0.037579 0.075923
7 0.593469 0.491753 0.038743 0.064067
0 0.455313 0.474896 0.033674 0.055698
0 0.555804 0.521414 0.036349 0.058872
0 0.323571 0.457226 0.033287 0.055787
5 0.407953 0.476973 0.047507 0.114917
0 0.565134 0.578811 0.038581 0.062470
