7 0.847715 0.300415 0.042579 0.068700
11 0.784208 0.396085 0.057424 0.139008
7 0.746341 0.502877 0.052669 0.083512
6 0.687021 0.453065 0.041779 0.070377
6 0.640671 0.535489 0.044735 0.075648
6 0.633910 0.406665 0.040030 0.067292
6 0.652130 0.281300 0.035146 0.059835
0 0.628467 0.307049 0.036280 0.061379
8 0.559277 0.392049 0.046491 0.081961
4 0.476903 0.483828 0.057860 0.123773
1 0.586829 0.271295 0.038677 0.064441
9 0.490109 0.375618 0.045205 0.091911
10 0.473545 0.301776 0.052579 0.104907
3 0.449279 0.338338 0.043519 0.087424
0 0.363771 0.444527 0.041696 0.069259
0 0.414645 0.312495 0.034950 0.060645
5 0.355785 0.337017 0.052027 0.130033
0 0.323128 0.399514 0.039868 0.065238
0 0.254378 0.468586 0.042976 0.071974
1 0.404272 0.253244 0.038823 0.062388
