7 0.240142 0.362885 0.037705 0.061286
10 0.421854 0.322178 0.043330 0.090493
11 0.477594 0.305023 0.043251 0.104795
9 0.533578 0.309205 0.036548 0.070896
8 0.588588 0.302229 0.035066 0.067183
7 0.644026 0.296104 0.034673 0.058247
6 0.437189 0.368206 0.031786 0.054144
6 0.553679 0.347376 0.031399 0.052755
6 0.612211 0.337844 0.030823 0.052870
6 0.667674 0.326387 0.031233 0.052404
6 0.266953 0.431858 0.035281 0.057526
9 0.397875 0.402611 0.038185 0.075969
6 0.516280 0.387978 0.032784 0.054977
6 0.349967 0.454023 0.035470 0.058859
0 0.370815 0.494337 0.036882 0.059507
0 0.561852 0.455670 0.035787 0.057120
0 0.318232 0.549024 0.039540 0.062110
3 0.524560 0.496258 0.043776 0.083158
0 0.476111 0.559759 0.038823 0.063188
2 0.543140 0.539388 0.044289 0.079947
0 0.677981 0.519965 0.037477 0.061644
0 0.740764 0.506248 0.037414 0.060572
0 0.804282 0.492814 0.037467 0.060073
1 0.352880 0.635400 0.046971 0.075827
3 0.501503 0.594478 0.046108 0.088095
4 0.570635 0.571215 0.052315 0.106703
5 0.641020 0.548039 0.053423 0.121336
1 0.839180 0.528957 0.046971 0.070360
