7 0.277601 0.438791 0.039144 0.062550
11 0.321764 0.473690 0.048178 0.107255
6 0.382925 0.376407 0.031419 0.052126
6 0.419664 0.303634 0.030122 0.050370
6 0.423356 0.424115 0.032910 0.054401
6 0.400966 0.614974 0.038347 0.059034
0 0.427145 0.565797 0.036809 0.058664
8 0.486817 0.425785 0.038105 0.065982
1 0.473476 0.623720 0.043380 0.070536
3 0.547227 0.434248 0.040069 0.074864
7 0.578686 0.364745 0.037411 0.060112
0 0.609349 0.456118 0.034947 0.055251
0 0.635886 0.376605 0.033790 0.053978
0 0.647232 0.555220 0.036878 0.058647
5 0.677022 0.447779 0.047622 0.105876
0 0.710342 0.348854 0.033218 0.052589
1 0.694431 0.667639 0.046779 0.072950
