7 0.773189 0.407072 0.038409 0.062569
10 0.740236 0.499709 0.048330 0.098836
11 0.728963 0.528295 0.052226 0.122265
9 0.720231 0.587530 0.045780 0.087540
7 0.694077 0.690828 0.047837 0.078125
6 0.673593 0.505349 0.034349 0.059355
8 0.656576 0.541104 0.042979 0.073333
6 0.645678 0.586503 0.037196 0.062312
6 0.627700 0.631784 0.040261 0.064878
6 0.613927 0.681164 0.041207 0.067169
6 0.650466 0.395876 0.032454 0.053757
9 0.618530 0.453127 0.040261 0.077993
6 0.592637 0.535346 0.036028 0.060394
6 0.574706 0.420342 0.032817 0.054653
0 0.510812 0.413180 0.033403 0.055281
0 0.458034 0.516462 0.035870 0.059914
0 0.471240 0.376728 0.032917 0.053363
3 0.414914 0.466217 0.039974 0.078604
0 0.376648 0.432624 0.033872 0.055360
2 0.355575 0.459815 0.040661 0.070456
0 0.304554 0.539107 0.036944 0.059246
0 0.279454 0.579449 0.038267 0.062067
0 0.250833 0.622720 0.039782 0.065017
1 0.358727 0.361017 0.036012 0.058714
3 0.316538 0.416199 0.038750 0.075248
4 0.292945 0.441691 0.044633 0.093634
5 0.267758 0.469081 0.050397 0.115033
1 0.179320 0.610036 0.047450 0.073175
