7 0.674473 0.379038 0.040142 0.067368
11 0.749769 0.403662 0.053419 0.130585
1 0.846850 0.491928 0.050420 0.078988
1 0.515342 0.322032 0.040103 0.062946
6 0.585296 0.432679 0.038185 0.065106
8 0.522882 0.440147 0.045208 0.083866
6 0.550547 0.477093 0.040823 0.068221
7 0.592397 0.505342 0.048889 0.077887
3 0.644983 0.529458 0.052454 0.103942
0 0.384859 0.477234 0.042179 0.068932
0 0.453633 0.544623 0.045896 0.075344
0 0.258899 0.433510 0.038743 0.066782
5 0.307603 0.460645 0.057011 0.142593
0 0.409633 0.603738 0.048545 0.080751
