7 0.417235 0.269377 0.035615 0.060446
1 0.305992 0.328130 0.038981 0.061901
11 0.371328 0.307816 0.044633 0.099964
6 0.544380 0.297660 0.030916 0.051141
6 0.659261 0.279062 0.031088 0.049726
6 0.501386 0.349406 0.031951 0.051591
6 0.255089 0.435299 0.037388 0.056319
8 0.522895 0.387121 0.038667 0.069421
1 0.263189 0.487918 0.046729 0.063271
3 0.537422 0.437159 0.040023 0.070377
7 0.662617 0.421015 0.044335 0.060245
0 0.552125 0.498363 0.036412 0.053122
0 0.683401 0.472573 0.037080 0.052923
0 0.433768 0.582984 0.038442 0.055599
5 0.571602 0.542447 0.052040 0.099802
0 0.776794 0.516682 0.041300 0.053595
