7 0.153051 0.582533 0.051862 0.080522
8 0.183985 0.524155 0.050615 0.084838
9 0.208957 0.470589 0.049177 0.088671
10 0.232832 0.413945 0.055665 0.108935
11 0.254706 0.362650 0.055628 0.122993
9 0.272741 0.337017 0.045152 0.082824
8 0.294921 0.301032 0.042897 0.074451
7 0.311109 0.266495 0.041670 0.066237
6 0.236986 0.597440 0.045248 0.070556
6 0.264229 0.540365 0.043902 0.069309
6 0.306562 0.442240 0.039633 0.064626
6 0.344767 0.355231 0.036346 0.060152
6 0.363857 0.314739 0.036716 0.060489
6 0.378211 0.276114 0.034550 0.058247
6 0.396685 0.405265 0.038476 0.063373
6 0.442760 0.510073 0.040645 0.067487
0 0.531687 0.469993 0.041620 0.066462
0 0.543566 0.420407 0.039203 0.064603
2 0.626017 0.380941 0.045056 0.075155
0 0.655013 0.657201 0.046587 0.073429
0 0.666063 0.595041 0.046359 0.069825
0 0.673657 0.539148 0.042817 0.068462
0 0.700417 0.395334 0.039385 0.062467
0 0.706042 0.352915 0.037943 0.061749
0 0.711953 0.313229 0.037146 0.059514
1 0.746964 0.667409 0.054755 0.086161
2 0.750565 0.600574 0.055331 0.083628
3 0.757652 0.538699 0.051878 0.093634
4 0.763356 0.478459 0.056554 0.112474
5 0.766908 0.420321 0.057249 0.126025
3 0.774539 0.394125 0.046359 0.087655
1 0.784263 0.316397 0.044193 0.070744
