1 0.588671 0.631225 0.045853 0.071815
6 0.344433 0.541440 0.037212 0.057384
11 0.281946 0.501877 0.052801 0.108588
0 0.628563 0.583261 0.039144 0.060231
6 0.436944 0.522452 0.035549 0.057834
6 0.327692 0.479697 0.035417 0.055453
6 0.527652 0.496811 0.036429 0.056716
0 0.468299 0.479132 0.036028 0.056796
6 0.303459 0.424676 0.033552 0.052989
7 0.749851 0.513419 0.043538 0.067579
0 0.559926 0.459279 0.036187 0.058155
5 0.709041 0.433557 0.049001 0.111260
0 0.477350 0.388849 0.032735 0.054087
0 0.451701 0.339578 0.032510 0.053151
0 0.399874 0.324711 0.032751 0.052457
