7 0.825797 0.352558 0.042017 0.060949
8 0.795526 0.386690 0.046892 0.067500
9 0.758457 0.421014 0.042464 0.072847
11 0.686822 0.489550 0.057149 0.100767
7 0.562204 0.642695 0.045294 0.067659
6 0.768732 0.330134 0.033264 0.050519
6 0.587685 0.515590 0.036025 0.054322
6 0.546027 0.559367 0.037067 0.054640
6 0.502937 0.605367 0.037877 0.055655
6 0.679869 0.333920 0.032880 0.052338
6 0.576534 0.443767 0.034431 0.053922
10 0.674502 0.262293 0.047834 0.085413
6 0.557978 0.376928 0.033072 0.052242
0 0.521480 0.412880 0.034289 0.052989
0 0.513762 0.346703 0.033284 0.052923
8 0.469850 0.375179 0.038105 0.067421
0 0.572350 0.228403 0.031286 0.050728
0 0.502816 0.286452 0.032021 0.052593
4 0.463477 0.305413 0.041412 0.086561
0 0.383748 0.386356 0.034031 0.053492
2 0.377149 0.316877 0.037414 0.067834
0 0.290908 0.393161 0.034507 0.053684
0 0.244223 0.430116 0.036620 0.054735
1 0.482503 0.180344 0.033631 0.057116
3 0.408631 0.230256 0.035417 0.067966
5 0.330997 0.276083 0.044058 0.101458
3 0.287900 0.321012 0.038426 0.070298
1 0.193957 0.393962 0.041941 0.064226
