7 0.298889 0.684446 0.047652 0.071895
8 0.284415 0.621100 0.049927 0.069818
9 0.278312 0.558848 0.045149 0.074196
10 0.264853 0.499340 0.055790 0.094772
11 0.258274 0.440036 0.056481 0.101918
7 0.234805 0.323953 0.039742 0.060976
6 0.375676 0.669555 0.041028 0.060394
6 0.364319 0.608733 0.039206 0.057804
6 0.318151 0.399977 0.034603 0.054544
6 0.308039 0.356457 0.033168 0.053972
6 0.298117 0.315956 0.032113 0.051190
6 0.389711 0.434823 0.034699 0.054256
6 0.471768 0.465957 0.035374 0.054831
0 0.455326 0.419306 0.034613 0.053856
6 0.536096 0.454024 0.035552 0.056078
8 0.521943 0.402090 0.042536 0.065370
0 0.669711 0.606106 0.040341 0.058872
0 0.623322 0.495187 0.037384 0.056558
4 0.601842 0.429350 0.046131 0.092715
0 0.685632 0.479418 0.036812 0.056078
2 0.646217 0.381460 0.039861 0.067021
0 0.624739 0.343497 0.032950 0.053198
0 0.604168 0.302728 0.032153 0.052725
0 0.586895 0.265215 0.031554 0.052123
1 0.810937 0.571095 0.048092 0.067983
3 0.754165 0.457062 0.043376 0.074851
5 0.706923 0.353085 0.049924 0.103069
3 0.685273 0.323520 0.039144 0.072854
1 0.645020 0.251640 0.035470 0.059431
