7 0.286222 0.367369 0.038343 0.061644
1 0.277930 0.415843 0.039590 0.066144
6 0.465790 0.320083 0.031872 0.053042
11 0.504845 0.273548 0.042335 0.102493
0 0.325281 0.452607 0.036746 0.058720
6 0.463914 0.367293 0.032755 0.054322
6 0.551227 0.321442 0.031316 0.053201
6 0.470704 0.418859 0.034511 0.057116
0 0.512842 0.391245 0.033819 0.056452
6 0.634618 0.316754 0.031088 0.052259
8 0.370327 0.539129 0.044094 0.077358
0 0.512541 0.447796 0.036280 0.057715
3 0.563938 0.470552 0.042467 0.079372
0 0.649730 0.420977 0.034190 0.055360
5 0.611781 0.486579 0.050843 0.113998
0 0.742356 0.419059 0.034428 0.056319
0 0.780860 0.391620 0.035231 0.056078
