7 0.211868 0.355637 0.034451 0.057305
11 0.416321 0.283775 0.038919 0.094038
7 0.549013 0.266038 0.031822 0.050926
6 0.238472 0.386855 0.031634 0.050231
8 0.392145 0.336253 0.032953 0.063042
6 0.489932 0.316721 0.028085 0.047662
6 0.535036 0.303672 0.027626 0.047530
6 0.578156 0.291096 0.027126 0.046267
6 0.320433 0.402288 0.031442 0.051766
6 0.469997 0.354339 0.028558 0.048995
6 0.455425 0.396353 0.030956 0.051190
0 0.502751 0.380622 0.030675 0.051124
0 0.316748 0.479856 0.034349 0.054653
0 0.481121 0.426521 0.032288 0.052526
8 0.460263 0.472508 0.037788 0.068859
3 0.514274 0.452788 0.038185 0.072136
0 0.613370 0.427173 0.031554 0.051058
0 0.698778 0.440486 0.031954 0.051858
0 0.744810 0.423879 0.032153 0.051792
1 0.414979 0.592720 0.042417 0.069177
3 0.533833 0.542202 0.040509 0.078366
5 0.639489 0.488082 0.048370 0.107183
1 0.787093 0.453312 0.039676 0.059382
