7 0.206834 0.511758 0.051524 0.078846
11 0.199848 0.377297 0.064048 0.123271
7 0.188492 0.256351 0.044478 0.070744
1 0.307659 0.633695 0.054411 0.084778
6 0.273877 0.341974 0.039342 0.064603
6 0.267598 0.294694 0.039203 0.063085
6 0.260557 0.251349 0.036994 0.060046
8 0.388543 0.556250 0.051445 0.082440
6 0.352007 0.383247 0.040721 0.064603
0 0.468909 0.543428 0.044173 0.068905
6 0.442009 0.420518 0.041273 0.065155
0 0.427541 0.369977 0.041081 0.064934
0 0.514339 0.413709 0.042407 0.067252
8 0.613037 0.456095 0.054831 0.080139
3 0.591812 0.396774 0.047163 0.087768
0 0.558401 0.308193 0.038099 0.063608
5 0.663571 0.374117 0.056184 0.122857
0 0.610083 0.254357 0.037434 0.063277
0 0.594182 0.213360 0.037437 0.061124
3 0.766579 0.426753 0.049752 0.088862
1 0.662025 0.201865 0.040182 0.068783
