7 0.336548 0.337720 0.039544 0.063707
1 0.288694 0.379696 0.041124 0.067579
6 0.541391 0.351109 0.033839 0.056749
11 0.601845 0.317098 0.048036 0.111121
0 0.301729 0.428079 0.040344 0.061310
6 0.498014 0.394964 0.034507 0.058188
6 0.622632 0.380777 0.034511 0.056845
3 0.315680 0.459345 0.043138 0.085602
6 0.458041 0.445387 0.037192 0.060873
0 0.522133 0.433934 0.037308 0.059831
6 0.710392 0.404694 0.035374 0.057708
8 0.260577 0.519967 0.045056 0.081290
0 0.473165 0.487975 0.038426 0.060552
0 0.632133 0.513057 0.038585 0.060870
5 0.514992 0.559522 0.056134 0.123085
0 0.729711 0.546968 0.039302 0.063029
0 0.797252 0.534707 0.040344 0.062629
