7 0.733004 0.336634 0.040605 0.053988
8 0.721604 0.387379 0.044735 0.054388
9 0.703388 0.437551 0.041141 0.057834
10 0.693022 0.484459 0.054735 0.070651
11 0.673674 0.543003 0.056164 0.073909
7 0.619782 0.743350 0.041938 0.049663
6 0.673228 0.325800 0.031442 0.044861
6 0.656835 0.372677 0.031825 0.044481
6 0.641450 0.425827 0.032880 0.044200
6 0.589211 0.592631 0.035069 0.042417
6 0.570694 0.655283 0.035549 0.041141
6 0.551362 0.721187 0.036349 0.041138
6 0.550308 0.515458 0.033155 0.043072
8 0.524658 0.570577 0.038945 0.049461
6 0.505668 0.445020 0.032751 0.043697
9 0.489099 0.317106 0.035565 0.060582
0 0.446028 0.426508 0.032612 0.045132
0 0.429458 0.477766 0.032487 0.044600
2 0.413117 0.353676 0.037384 0.056399
4 0.391384 0.395767 0.044183 0.073175
0 0.403335 0.249623 0.030089 0.046739
0 0.381566 0.294790 0.031286 0.046670
0 0.358700 0.341685 0.030688 0.046200
0 0.285853 0.494701 0.035708 0.044097
0 0.260250 0.552975 0.036908 0.043218
0 0.231971 0.613727 0.039623 0.043935
1 0.346781 0.229726 0.034818 0.055985
3 0.300546 0.320012 0.037546 0.058555
5 0.248347 0.409719 0.057057 0.081806
3 0.223810 0.472672 0.043776 0.054001
2 0.191640 0.530091 0.052321 0.053601
1 0.163621 0.589107 0.050926 0.053922
