7 0.803166 0.580618 0.047450 0.069101
1 0.703684 0.555742 0.046779 0.068442
6 0.426017 0.625351 0.039461 0.058155
11 0.353105 0.628677 0.054643 0.108704
0 0.673239 0.500334 0.037953 0.057718
6 0.474426 0.554932 0.037543 0.057755
6 0.333786 0.584691 0.037963 0.057517
3 0.646129 0.443882 0.042179 0.072758
6 0.512149 0.485002 0.037011 0.055453
0 0.448099 0.502406 0.038651 0.056941
6 0.241569 0.551523 0.038919 0.056366
8 0.680046 0.381146 0.039623 0.073092
0 0.494458 0.437356 0.036581 0.057285
0 0.344167 0.421295 0.036587 0.056478
5 0.510069 0.315723 0.046243 0.104679
0 0.258500 0.391402 0.035466 0.055999
0 0.192237 0.406214 0.037788 0.056720
