7 0.830309 0.450471 0.047212 0.074692
11 0.774818 0.576721 0.064107 0.153224
1 0.785040 0.377154 0.043856 0.069818
6 0.702966 0.554722 0.044517 0.072930
8 0.699762 0.397273 0.044193 0.076882
6 0.647922 0.503935 0.042100 0.070284
6 0.597366 0.581296 0.044058 0.074312
0 0.629618 0.391639 0.038145 0.063839
6 0.586782 0.458383 0.042447 0.067526
0 0.568714 0.493009 0.042136 0.070298
6 0.493664 0.612584 0.044861 0.076379
0 0.521334 0.446443 0.040341 0.066862
3 0.449175 0.427136 0.045341 0.091356
0 0.396181 0.507442 0.041938 0.069977
5 0.384691 0.399668 0.053006 0.131551
0 0.290742 0.535777 0.043138 0.071653
0 0.255913 0.576357 0.045536 0.074851
