7 0.478009 0.218355 0.032751 0.054521
8 0.519552 0.229602 0.033019 0.065572
9 0.560405 0.242364 0.034428 0.072937
10 0.603891 0.250807 0.041412 0.091627
11 0.652581 0.260413 0.044977 0.114226
9 0.703328 0.294041 0.039302 0.079563
7 0.820508 0.344393 0.046650 0.067503
6 0.441715 0.237331 0.028118 0.050569
6 0.479020 0.252950 0.029719 0.053201
6 0.523356 0.270283 0.030516 0.054481
6 0.665979 0.327412 0.034418 0.058647
6 0.721630 0.349481 0.035747 0.060179
6 0.781771 0.371751 0.038026 0.061511
6 0.576935 0.327399 0.033419 0.058780
8 0.625450 0.344408 0.040165 0.077169
6 0.486420 0.329476 0.033687 0.058185
0 0.439246 0.355041 0.036349 0.061591
0 0.488016 0.375850 0.036746 0.063108
2 0.341457 0.349020 0.043905 0.077841
0 0.210618 0.333112 0.036667 0.059755
0 0.248484 0.356199 0.037464 0.061670
0 0.288489 0.380714 0.038823 0.063505
0 0.432369 0.465210 0.042179 0.068826
0 0.491035 0.498186 0.043519 0.071511
0 0.553105 0.533608 0.046687 0.075251
1 0.145395 0.355273 0.048972 0.068938
3 0.227507 0.398523 0.048122 0.090109
4 0.271720 0.417116 0.058254 0.113194
5 0.318208 0.436956 0.062414 0.139937
3 0.371149 0.489712 0.051214 0.098836
2 0.428477 0.530200 0.052569 0.096743
1 0.491748 0.573651 0.055023 0.089630
