7 0.548067 0.306526 0.039673 0.064441
7 0.673019 0.335995 0.041071 0.065972
11 0.802526 0.342138 0.050959 0.118932
1 0.397596 0.311586 0.040899 0.066782
6 0.712421 0.392078 0.037388 0.061313
6 0.781505 0.408183 0.038869 0.062464
6 0.852128 0.424575 0.040493 0.062808
8 0.422470 0.357452 0.040741 0.076849
6 0.621430 0.411978 0.037616 0.061772
0 0.395326 0.400685 0.038079 0.061978
6 0.529410 0.436520 0.038647 0.062596
0 0.596404 0.452412 0.039878 0.064322
8 0.301184 0.414897 0.043776 0.079167
0 0.496500 0.476344 0.040261 0.063588
3 0.261326 0.457860 0.045820 0.086276
3 0.462376 0.512760 0.046875 0.089342
0 0.602963 0.562844 0.042659 0.066528
5 0.427331 0.541240 0.057560 0.129067
0 0.650365 0.635890 0.045440 0.069597
0 0.730255 0.659845 0.046878 0.072183
1 0.316457 0.597270 0.050327 0.078892
