7 0.236662 0.442811 0.043376 0.070298
11 0.289917 0.335562 0.051534 0.112731
7 0.351896 0.245595 0.037285 0.062044
6 0.254175 0.560670 0.040645 0.065665
8 0.327240 0.406637 0.043614 0.074689
6 0.375134 0.329155 0.034739 0.058092
6 0.393823 0.291481 0.033942 0.057057
6 0.410795 0.256232 0.032900 0.054858
6 0.358279 0.520886 0.040261 0.064709
6 0.415511 0.378160 0.036353 0.059243
6 0.468886 0.429464 0.036812 0.060622
0 0.484140 0.386171 0.036746 0.059993
0 0.477733 0.601275 0.043297 0.066703
0 0.533087 0.442817 0.038211 0.061911
8 0.593414 0.501301 0.050804 0.078892
3 0.605600 0.448256 0.045248 0.082920
0 0.631424 0.369110 0.035374 0.059239
0 0.709213 0.336949 0.035661 0.058952
0 0.718128 0.298700 0.034894 0.057421
1 0.726457 0.644438 0.050612 0.080522
3 0.748049 0.520592 0.048122 0.088287
5 0.765858 0.408338 0.057563 0.119679
1 0.787356 0.304740 0.042021 0.065585
