7 0.164754 0.472890 0.034395 0.052202
8 0.216381 0.450243 0.031485 0.058522
9 0.264691 0.432774 0.031075 0.058955
10 0.307574 0.410711 0.035149 0.071978
11 0.353907 0.388897 0.034990 0.083304
9 0.392006 0.385005 0.028515 0.056141
7 0.468823 0.361711 0.027348 0.044382
6 0.191262 0.502049 0.029957 0.046333
6 0.241629 0.483396 0.028919 0.045933
6 0.291477 0.463347 0.027642 0.044815
6 0.420936 0.413052 0.025185 0.042328
6 0.459545 0.397293 0.025076 0.042338
6 0.496463 0.382930 0.023687 0.040218
6 0.405817 0.450802 0.026462 0.044157
8 0.450542 0.430615 0.029458 0.055417
6 0.395546 0.493702 0.027824 0.046333
0 0.427240 0.522814 0.029957 0.047533
0 0.467814 0.501678 0.029226 0.046134
2 0.408598 0.572450 0.036429 0.064802
4 0.455281 0.542161 0.038922 0.080810
0 0.333504 0.667154 0.035228 0.054560
0 0.389742 0.638434 0.034590 0.053522
0 0.443224 0.611195 0.032434 0.051604
0 0.580650 0.539942 0.030757 0.046465
0 0.620957 0.518140 0.029355 0.047331
0 0.659934 0.497538 0.029425 0.046068
1 0.370516 0.709071 0.041058 0.066944
3 0.482295 0.641518 0.038730 0.072950
5 0.576177 0.576627 0.044173 0.097315
3 0.620238 0.564448 0.036138 0.068538
2 0.664013 0.543051 0.037569 0.062695
1 0.702675 0.524201 0.035681 0.054521
