7 0.162894 0.422312 0.037632 0.061349
8 0.221460 0.400630 0.036908 0.068859
9 0.276164 0.382915 0.036045 0.071895
11 0.378649 0.338406 0.040069 0.101323
7 0.511774 0.318747 0.031954 0.051911
6 0.193356 0.448376 0.034828 0.056078
6 0.249635 0.431242 0.036187 0.055360
6 0.456156 0.365752 0.031075 0.050724
6 0.501787 0.351197 0.029157 0.050007
6 0.544524 0.337059 0.028360 0.048409
6 0.439861 0.399544 0.031237 0.053122
10 0.246642 0.481493 0.051994 0.101921
6 0.429585 0.437733 0.034587 0.055856
0 0.478684 0.419403 0.034907 0.055678
0 0.460911 0.462508 0.035883 0.058449
8 0.516979 0.437712 0.039144 0.071415
0 0.323765 0.561316 0.040023 0.065582
0 0.444119 0.513985 0.037543 0.062546
4 0.502364 0.474502 0.046197 0.099600
2 0.598315 0.491561 0.041769 0.076958
0 0.649800 0.477422 0.036042 0.056174
0 0.696915 0.455663 0.034028 0.057708
0 0.742784 0.436634 0.035278 0.057804
1 0.407475 0.628806 0.048793 0.081481
3 0.536581 0.564410 0.045820 0.092027
5 0.646440 0.498256 0.052457 0.125479
3 0.698297 0.493568 0.043327 0.085893
1 0.794810 0.459051 0.041300 0.065423
