4 0.842937 0.390903 0.053413 0.106012
6 0.674997 0.559317 0.041019 0.069018
11 0.650336 0.583100 0.060790 0.135499
6 0.632093 0.494993 0.040549 0.066720
6 0.567723 0.583234 0.042755 0.069114
0 0.557889 0.476715 0.041220 0.066624
5 0.506744 0.304269 0.049005 0.120370
6 0.452145 0.399306 0.037675 0.062884
0 0.389912 0.480873 0.040069 0.066144
6 0.313995 0.571627 0.041759 0.068684
1 0.443664 0.311609 0.040741 0.067100
0 0.284821 0.506708 0.041124 0.067199
0 0.246668 0.551667 0.044190 0.069114
7 0.328376 0.366526 0.042097 0.070222
