7 0.551129 0.276819 0.038542 0.062368
11 0.796407 0.301111 0.049924 0.121475
1 0.407163 0.276622 0.041759 0.064646
6 0.707718 0.345605 0.036984 0.060873
3 0.431058 0.308241 0.040933 0.082824
6 0.618608 0.359226 0.035311 0.060952
6 0.744823 0.390941 0.039302 0.063826
0 0.398962 0.344952 0.036746 0.061577
6 0.527813 0.376000 0.037305 0.061749
0 0.591548 0.389309 0.039074 0.064841
6 0.794631 0.435875 0.040341 0.065823
8 0.306687 0.351837 0.041541 0.079322
0 0.493824 0.405595 0.039110 0.064418
3 0.458097 0.430146 0.045784 0.091911
0 0.593494 0.475784 0.041300 0.067421
5 0.421852 0.445896 0.056045 0.135278
0 0.636523 0.533886 0.044573 0.071032
0 0.713690 0.553919 0.045728 0.073717
