4 0.266586 0.585689 0.057702 0.117748
6 0.302885 0.411925 0.038343 0.063108
11 0.289767 0.347717 0.052318 0.119818
6 0.381850 0.444998 0.039064 0.063588
6 0.365112 0.365592 0.035787 0.061190
0 0.455385 0.432927 0.040308 0.064603
6 0.478828 0.309315 0.034587 0.058075
5 0.661763 0.523127 0.057560 0.130314
6 0.619901 0.461387 0.040549 0.064322
0 0.578862 0.379162 0.037407 0.061703
1 0.740150 0.538229 0.048409 0.077073
0 0.625863 0.332227 0.036442 0.060876
0 0.607022 0.297718 0.036306 0.059769
7 0.754357 0.439087 0.046412 0.071733
