7 0.256951 0.492363 0.033287 0.054653
11 0.332328 0.422917 0.040165 0.089821
7 0.430546 0.367637 0.031230 0.049097
6 0.219534 0.576523 0.031614 0.050658
6 0.407596 0.432512 0.028122 0.046095
6 0.439869 0.407988 0.027159 0.046095
6 0.469745 0.384021 0.026362 0.043697
8 0.301083 0.562847 0.037477 0.065642
6 0.413504 0.474970 0.028925 0.047612
0 0.348421 0.586448 0.032821 0.052189
6 0.427406 0.520463 0.029878 0.049286
0 0.459749 0.491432 0.030430 0.049332
0 0.468514 0.541640 0.032417 0.050595
8 0.482192 0.592700 0.036481 0.065638
3 0.517538 0.557460 0.036412 0.068565
0 0.582232 0.504264 0.029901 0.048707
5 0.563733 0.567493 0.044398 0.098353
0 0.660954 0.493358 0.030023 0.049395
0 0.689145 0.465397 0.030625 0.048862
1 0.513459 0.721164 0.040820 0.067024
3 0.589134 0.636599 0.039464 0.073972
1 0.740693 0.481771 0.034084 0.055718
