7 0.172176 0.629277 0.056845 0.076591
8 0.195959 0.554788 0.059147 0.079841
11 0.268537 0.351830 0.061842 0.112364
7 0.324383 0.219704 0.041028 0.067966
6 0.258527 0.642963 0.044957 0.064418
6 0.361329 0.328568 0.037731 0.060853
6 0.377551 0.276920 0.037040 0.059474
6 0.391182 0.230331 0.035314 0.058320
6 0.367855 0.582045 0.043330 0.063747
6 0.411713 0.390800 0.038651 0.059702
6 0.476766 0.454069 0.039914 0.061081
0 0.487209 0.396364 0.039782 0.061432
0 0.547680 0.467221 0.041220 0.062067
0 0.600643 0.693272 0.047067 0.065089
8 0.621174 0.541179 0.057037 0.075923
3 0.627517 0.472512 0.049279 0.081584
0 0.642956 0.363667 0.038426 0.060873
0 0.721523 0.316657 0.038985 0.061111
0 0.726396 0.266648 0.037388 0.059673
1 0.783523 0.715966 0.059355 0.078684
3 0.788848 0.557143 0.053297 0.083300
5 0.796764 0.415888 0.068052 0.117060
1 0.801612 0.270513 0.048462 0.069365
