7 0.376658 0.246192 0.034190 0.053760
8 0.430835 0.247741 0.031756 0.062374
11 0.589436 0.247943 0.040645 0.099696
7 0.758641 0.283613 0.035813 0.057252
6 0.362328 0.275175 0.028558 0.048730
6 0.635360 0.304109 0.031316 0.051677
6 0.693476 0.309702 0.032513 0.052315
6 0.752429 0.314411 0.031875 0.052963
6 0.396786 0.310390 0.031005 0.050992
6 0.567563 0.325155 0.030437 0.052725
10 0.319780 0.313818 0.043522 0.087616
6 0.498360 0.350767 0.033948 0.053042
0 0.556591 0.356257 0.034616 0.054987
0 0.480852 0.382917 0.033945 0.054987
8 0.542918 0.385843 0.038264 0.071574
0 0.279907 0.398085 0.034947 0.055728
0 0.399560 0.412808 0.034947 0.055985
4 0.524463 0.412594 0.046491 0.094613
0 0.589610 0.436258 0.035708 0.056796
3 0.509416 0.460496 0.043899 0.082057
0 0.646807 0.485227 0.037788 0.060473
0 0.718664 0.494453 0.037705 0.061511
1 0.227910 0.471615 0.046111 0.067483
3 0.360767 0.483800 0.043724 0.082533
5 0.494349 0.486425 0.051766 0.119127
1 0.708631 0.538022 0.046415 0.072295
