7 0.253442 0.394325 0.033618 0.054312
8 0.309363 0.382784 0.031954 0.062308
9 0.363786 0.375107 0.032751 0.064765
11 0.468978 0.348160 0.037156 0.093866
7 0.615919 0.347727 0.031389 0.050427
6 0.264828 0.423477 0.032434 0.049448
6 0.320387 0.416486 0.030278 0.049686
6 0.536014 0.386845 0.028853 0.047738
6 0.586283 0.379752 0.028360 0.047738
6 0.635468 0.372513 0.028185 0.046495
6 0.499826 0.418143 0.028760 0.049560
10 0.279625 0.465190 0.043423 0.090493
6 0.466273 0.454282 0.031442 0.051858
0 0.520630 0.445149 0.031954 0.052242
0 0.479635 0.485235 0.033952 0.053684
8 0.540661 0.471477 0.036217 0.067834
0 0.307622 0.553279 0.036746 0.058317
4 0.499163 0.506043 0.043254 0.092027
0 0.456982 0.567655 0.036346 0.058981
2 0.580600 0.540367 0.039302 0.073909
0 0.642312 0.536377 0.034894 0.056465
0 0.701171 0.525066 0.034702 0.056270
0 0.759406 0.514760 0.034798 0.055790
1 0.336424 0.633092 0.044957 0.072374
3 0.478029 0.600098 0.043042 0.083396
5 0.606905 0.560557 0.049464 0.116412
3 0.669549 0.564714 0.041604 0.081386
1 0.793112 0.549127 0.041508 0.064802
