0 0.641331 0.636569 0.043826 0.070744
6 0.331219 0.615772 0.041862 0.067821
11 0.252368 0.584210 0.057976 0.133347
6 0.420721 0.582581 0.039782 0.065856
6 0.279094 0.568841 0.039544 0.064064
0 0.429770 0.542379 0.040453 0.063555
6 0.222226 0.528123 0.036667 0.060632
5 0.656020 0.458652 0.051022 0.121419
6 0.525771 0.478358 0.036812 0.059712
0 0.390861 0.471298 0.036333 0.059818
1 0.662199 0.451968 0.040033 0.065708
0 0.337898 0.437555 0.034699 0.057133
0 0.275397 0.434200 0.035470 0.057321
7 0.538049 0.419487 0.037480 0.061045
