7 0.720103 0.542217 0.047626 0.074130
11 0.413738 0.483753 0.054110 0.111673
7 0.194180 0.473335 0.050648 0.070698
6 0.721513 0.489649 0.039494 0.060688
8 0.501677 0.455951 0.043426 0.079084
6 0.359616 0.441594 0.037626 0.058155
6 0.289679 0.432966 0.039306 0.058955
6 0.220220 0.424339 0.037464 0.056078
6 0.654362 0.424988 0.037288 0.059051
6 0.443295 0.403968 0.036108 0.057196
6 0.519707 0.361182 0.035949 0.056941
0 0.454304 0.354679 0.035466 0.055999
0 0.534187 0.318254 0.035628 0.057917
0 0.739059 0.297649 0.035817 0.056984
8 0.608743 0.277553 0.038585 0.074769
3 0.544683 0.269134 0.038995 0.075919
0 0.422032 0.263294 0.033072 0.055840
0 0.373940 0.218519 0.031954 0.055278
0 0.315185 0.211729 0.033631 0.053843
1 0.745833 0.217131 0.039782 0.061591
3 0.621151 0.197647 0.037388 0.073251
5 0.504064 0.171240 0.043022 0.107209
1 0.330190 0.172131 0.037543 0.060790
