7 0.207450 0.342654 0.038743 0.060843
8 0.270842 0.325928 0.036948 0.068767
9 0.330689 0.314843 0.036042 0.069977
10 0.386515 0.296152 0.041190 0.086617
11 0.447283 0.278562 0.041220 0.100939
7 0.608600 0.264821 0.034190 0.056237
6 0.223037 0.383158 0.035281 0.053790
6 0.285180 0.371640 0.033350 0.054187
6 0.349153 0.358395 0.033353 0.053390
6 0.522855 0.323431 0.031088 0.051789
6 0.578411 0.311553 0.030354 0.051286
6 0.632014 0.299775 0.030675 0.050873
6 0.484979 0.368995 0.032305 0.053776
6 0.450564 0.421768 0.034223 0.055599
0 0.509931 0.407254 0.034894 0.055215
0 0.473978 0.467356 0.037163 0.056478
8 0.534122 0.445420 0.039302 0.071495
0 0.281060 0.566085 0.040420 0.058955
9 0.420642 0.521569 0.042447 0.075691
4 0.490939 0.499096 0.047275 0.095017
0 0.375425 0.597859 0.040261 0.060863
0 0.447922 0.579765 0.039223 0.060304
0 0.647740 0.529851 0.038079 0.056852
0 0.710747 0.511677 0.037480 0.057116
0 0.772989 0.495701 0.037612 0.057249
1 0.320329 0.675493 0.049077 0.075443
3 0.473740 0.628937 0.047209 0.083237
5 0.611792 0.577817 0.054167 0.112804
3 0.679863 0.572844 0.045916 0.081098
2 0.748413 0.555878 0.047930 0.078700
1 0.812488 0.542530 0.048647 0.068380
