7 0.188252 0.314645 0.044957 0.057133
8 0.255410 0.296131 0.038790 0.065291
9 0.316976 0.285653 0.037384 0.060870
10 0.374593 0.264856 0.042216 0.081796
11 0.437345 0.248806 0.042791 0.090417
9 0.492032 0.245792 0.035466 0.063826
8 0.549277 0.233194 0.034349 0.063988
7 0.607075 0.223988 0.037960 0.056462
6 0.204307 0.368803 0.036809 0.047163
6 0.267834 0.355997 0.034028 0.047642
6 0.333115 0.340367 0.033261 0.047632
6 0.392740 0.326567 0.032497 0.047262
6 0.449969 0.312710 0.032688 0.047728
6 0.511749 0.300825 0.031634 0.047364
6 0.569074 0.286921 0.030675 0.047930
6 0.625584 0.273029 0.030771 0.047738
0 0.269780 0.669327 0.041028 0.043714
0 0.342586 0.649646 0.039782 0.045245
0 0.413953 0.630331 0.038727 0.044193
0 0.481680 0.610726 0.037864 0.044673
0 0.547679 0.593902 0.037196 0.043618
0 0.612338 0.576025 0.037480 0.044286
0 0.676804 0.556758 0.038151 0.044481
0 0.740646 0.539167 0.040837 0.045728
1 0.282321 0.743398 0.052011 0.055493
2 0.363323 0.716288 0.045278 0.062391
3 0.433896 0.700771 0.045668 0.053492
4 0.503707 0.671286 0.049418 0.070952
5 0.570928 0.653175 0.053396 0.072374
3 0.637502 0.640205 0.045208 0.053948
2 0.707097 0.617717 0.049696 0.061657
1 0.772290 0.601523 0.051901 0.053284
