7 0.498208 0.341420 0.037057 0.060023
11 0.620370 0.327004 0.045668 0.113307
7 0.816510 0.363682 0.041736 0.065036
6 0.361009 0.361038 0.032513 0.054881
8 0.544061 0.366440 0.038102 0.073733
6 0.674168 0.385537 0.036028 0.059104
6 0.741789 0.390445 0.036587 0.059831
6 0.810947 0.394329 0.037543 0.060377
6 0.596181 0.407837 0.036812 0.059934
0 0.379170 0.420976 0.036481 0.061243
6 0.516974 0.433955 0.039206 0.061746
0 0.586007 0.438438 0.038423 0.063667
0 0.497399 0.466123 0.038919 0.064706
8 0.405126 0.490499 0.044960 0.084742
3 0.475967 0.494182 0.050327 0.092503
0 0.626005 0.520144 0.042017 0.067741
5 0.456402 0.512902 0.056872 0.138727
0 0.696303 0.570709 0.044894 0.073654
0 0.781748 0.579577 0.045532 0.074372
1 0.203552 0.561916 0.052341 0.079851
3 0.358041 0.570332 0.050903 0.098833
1 0.773459 0.625906 0.054987 0.087540
