7 0.280167 0.344489 0.038826 0.064864
11 0.403570 0.292011 0.045440 0.110086
7 0.572007 0.265784 0.037626 0.061601
6 0.170893 0.423618 0.037745 0.059114
8 0.365456 0.359418 0.039702 0.074213
6 0.488948 0.334015 0.033790 0.056475
6 0.546744 0.317518 0.033231 0.056558
6 0.602424 0.300663 0.032593 0.055122
6 0.455883 0.385799 0.035754 0.058092
6 0.284476 0.485807 0.038535 0.062579
6 0.428084 0.444658 0.037483 0.060969
0 0.489795 0.423801 0.037546 0.060440
0 0.238900 0.557283 0.042140 0.063641
0 0.452548 0.488304 0.038535 0.061257
8 0.414881 0.554134 0.046012 0.082599
3 0.486111 0.528738 0.048413 0.084435
0 0.616491 0.493527 0.039140 0.060632
5 0.516587 0.563257 0.057149 0.122302
0 0.720658 0.516247 0.039206 0.062407
0 0.783209 0.494006 0.040453 0.062212
1 0.329101 0.726202 0.052725 0.082920
3 0.488328 0.661060 0.051075 0.092140
1 0.831812 0.539139 0.050040 0.073813
