7 0.660532 0.557307 0.046733 0.074772
11 0.371293 0.607885 0.057288 0.130321
1 0.763464 0.481394 0.045374 0.071577
6 0.415810 0.565271 0.040377 0.064762
8 0.666187 0.449360 0.041700 0.079005
6 0.461650 0.506316 0.038419 0.063499
6 0.319931 0.533408 0.039802 0.064302
3 0.688738 0.397060 0.044058 0.081098
0 0.632308 0.419178 0.037546 0.060552
6 0.496505 0.447766 0.037269 0.060737
0 0.431478 0.463438 0.039015 0.062120
6 0.223533 0.507295 0.039573 0.062235
8 0.665324 0.361703 0.040979 0.075172
0 0.475827 0.409036 0.037963 0.061062
3 0.450518 0.364127 0.041604 0.080906
0 0.322545 0.399175 0.036187 0.060632
5 0.430605 0.316366 0.051190 0.114226
0 0.234221 0.376501 0.036214 0.060847
0 0.167151 0.389516 0.038145 0.060645
