7 0.212442 0.562404 0.047688 0.077725
11 0.194216 0.366475 0.052593 0.119683
1 0.305893 0.661405 0.052341 0.082831
6 0.274026 0.422918 0.038251 0.062900
6 0.267364 0.383672 0.037963 0.060486
8 0.383191 0.597880 0.049272 0.083399
6 0.348558 0.456862 0.038730 0.063651
3 0.474282 0.627379 0.051878 0.095936
0 0.459798 0.589532 0.042791 0.069593
6 0.435552 0.488160 0.038439 0.064514
0 0.422230 0.446515 0.038905 0.063988
6 0.394714 0.333105 0.034031 0.057705
8 0.554678 0.626333 0.055407 0.084451
0 0.505789 0.482783 0.040341 0.065744
3 0.580321 0.467254 0.044577 0.086657
0 0.550141 0.395554 0.036214 0.061644
5 0.650126 0.444962 0.054663 0.124778
0 0.600933 0.350152 0.035681 0.060046
0 0.586455 0.315602 0.036548 0.058849
