7 0.825405 0.442411 0.041941 0.060714
8 0.789094 0.465685 0.044934 0.068433
9 0.746734 0.489473 0.042371 0.074673
10 0.710615 0.510815 0.053836 0.091908
11 0.662106 0.533879 0.056250 0.106290
7 0.513067 0.652401 0.044415 0.071177
6 0.773542 0.417556 0.032672 0.050807
6 0.735638 0.439845 0.033710 0.052401
6 0.563132 0.548408 0.035774 0.056597
6 0.513725 0.579697 0.037040 0.058436
6 0.463168 0.612999 0.037844 0.058552
6 0.565491 0.487153 0.033819 0.054180
6 0.560083 0.429866 0.032209 0.051882
0 0.518186 0.454272 0.033072 0.053763
0 0.522819 0.399231 0.032113 0.052483
8 0.474737 0.415570 0.036948 0.067371
0 0.600291 0.311951 0.029954 0.049048
4 0.480704 0.357627 0.038823 0.084454
0 0.483413 0.327596 0.028690 0.050165
2 0.398786 0.358905 0.034907 0.065992
0 0.352230 0.387318 0.032219 0.051594
0 0.304134 0.410949 0.032553 0.052923
0 0.253069 0.434603 0.034729 0.054921
1 0.524608 0.264985 0.031822 0.052325
3 0.444772 0.294229 0.033803 0.066303
5 0.361447 0.317354 0.041412 0.100423
3 0.314917 0.351032 0.035787 0.069021
1 0.214726 0.399952 0.037467 0.061432
