1 0.390549 0.335231 0.041700 0.067983
6 0.593596 0.340038 0.036267 0.059031
11 0.661614 0.313606 0.048862 0.116644
0 0.319139 0.380699 0.038919 0.061544
6 0.529251 0.378183 0.036028 0.060870
6 0.665493 0.382495 0.037705 0.060711
6 0.465265 0.422318 0.037626 0.061270
0 0.535678 0.420942 0.038439 0.062791
6 0.747596 0.421048 0.038347 0.061832
5 0.312320 0.497596 0.055823 0.123406
7 0.463834 0.516367 0.045453 0.073575
0 0.615187 0.520397 0.041538 0.063975
0 0.703960 0.572584 0.042946 0.066624
0 0.782662 0.572536 0.043519 0.066720
