6 0.287044 0.349081 0.040979 0.066382
11 0.288634 0.274168 0.056184 0.124924
0 0.354122 0.582907 0.047761 0.073161
6 0.356262 0.401164 0.041220 0.067341
6 0.369802 0.301630 0.038743 0.065582
6 0.440757 0.451541 0.043042 0.068730
0 0.438239 0.397386 0.042655 0.067662
6 0.440021 0.252662 0.037305 0.062388
5 0.617226 0.553037 0.064107 0.132847
1 0.608790 0.510587 0.054868 0.083052
0 0.592369 0.349268 0.041987 0.065473
0 0.660432 0.298652 0.039878 0.065089
0 0.653385 0.253408 0.038826 0.063555
7 0.761811 0.452092 0.051286 0.078925
