0 0.453146 0.566978 0.039679 0.064610
6 0.307601 0.424823 0.037080 0.059712
11 0.272346 0.370023 0.049005 0.114021
6 0.397149 0.438838 0.036614 0.059580
6 0.337657 0.374962 0.034349 0.057583
0 0.454871 0.416071 0.036667 0.059193
6 0.407821 0.308758 0.031687 0.054454
5 0.689575 0.450073 0.052860 0.120357
6 0.609287 0.412062 0.035949 0.058714
0 0.530969 0.351516 0.033948 0.056386
1 0.746257 0.452667 0.044094 0.069897
0 0.546062 0.306009 0.032685 0.054921
0 0.511844 0.279848 0.033085 0.053988
7 0.708201 0.372330 0.039808 0.063641
