1 0.716328 0.304760 0.044481 0.073621
6 0.722154 0.506632 0.043138 0.069117
11 0.730774 0.540901 0.062672 0.136247
0 0.634289 0.304937 0.038505 0.063909
6 0.643790 0.449595 0.042275 0.067391
6 0.637404 0.561991 0.045437 0.071224
6 0.561014 0.399459 0.040453 0.065473
0 0.562059 0.449456 0.041696 0.067741
6 0.555971 0.623917 0.045724 0.072378
7 0.486207 0.395215 0.046779 0.075728
5 0.421217 0.279532 0.051349 0.125202
0 0.398811 0.500637 0.041935 0.068383
0 0.307068 0.559382 0.043714 0.069940
0 0.295739 0.622700 0.048429 0.072827
