7 0.838338 0.247055 0.050010 0.067345
8 0.828656 0.299977 0.056081 0.070456
11 0.782743 0.463356 0.074527 0.102566
7 0.728032 0.686748 0.056481 0.068442
6 0.768444 0.234911 0.038786 0.056184
6 0.681951 0.522305 0.042176 0.056270
6 0.662444 0.590893 0.042659 0.055410
6 0.643031 0.662789 0.044097 0.056174
6 0.680789 0.265969 0.038237 0.057288
6 0.632343 0.437517 0.039401 0.056369
6 0.576601 0.359773 0.037771 0.056366
0 0.557937 0.417189 0.040099 0.057758
0 0.512682 0.336147 0.039702 0.058638
8 0.484312 0.390974 0.046475 0.069481
0 0.507930 0.162695 0.036508 0.057996
4 0.464562 0.248140 0.047966 0.096167
0 0.392227 0.431005 0.039686 0.057976
3 0.343467 0.344365 0.045440 0.076495
0 0.290711 0.473395 0.041872 0.057860
0 0.259135 0.539654 0.044058 0.059243
1 0.381827 0.124714 0.040261 0.068621
3 0.330451 0.217998 0.042755 0.076690
5 0.276490 0.310706 0.055665 0.110202
1 0.178555 0.510671 0.054160 0.071733
