7 0.310081 0.335390 0.037477 0.059378
7 0.489919 0.297207 0.036895 0.058396
11 0.545131 0.266014 0.043482 0.095823
1 0.195536 0.412108 0.042335 0.063151
6 0.511460 0.343948 0.032913 0.051131
6 0.570175 0.329808 0.032275 0.051276
6 0.627212 0.315433 0.032434 0.050165
8 0.275719 0.446007 0.040493 0.069825
6 0.471518 0.401708 0.033552 0.051763
0 0.296916 0.501205 0.037278 0.054190
6 0.435546 0.467249 0.035628 0.052553
0 0.497113 0.450253 0.035681 0.053323
0 0.451944 0.519726 0.037546 0.052255
3 0.263512 0.632350 0.045694 0.069501
8 0.406293 0.590281 0.042738 0.069259
3 0.475306 0.571716 0.044289 0.068214
0 0.604613 0.541860 0.036746 0.051855
5 0.496070 0.619959 0.052338 0.094097
0 0.698509 0.578724 0.037771 0.052884
0 0.762222 0.560797 0.038664 0.053122
1 0.798097 0.617303 0.049368 0.063171
