6 0.692295 0.447946 0.040741 0.065377
11 0.733657 0.470279 0.062255 0.129620
0 0.506108 0.293952 0.037626 0.062149
6 0.595524 0.417128 0.039686 0.064514
6 0.651458 0.513419 0.042083 0.067679
6 0.496308 0.391389 0.038727 0.064226
0 0.525984 0.434716 0.041062 0.066382
6 0.618313 0.585116 0.043757 0.070675
5 0.311627 0.312386 0.052593 0.123132
1 0.335402 0.376121 0.047649 0.073142
7 0.357391 0.419692 0.045774 0.074372
0 0.405642 0.518614 0.042103 0.068214
0 0.354623 0.595169 0.045437 0.070860
0 0.381829 0.654352 0.047626 0.072817
