7 0.727060 0.465529 0.037063 0.059352
11 0.701495 0.528075 0.049193 0.101515
7 0.662627 0.688325 0.043297 0.067424
6 0.689360 0.385820 0.029620 0.048313
8 0.656438 0.490329 0.038876 0.061842
6 0.623122 0.578115 0.034411 0.054451
6 0.607545 0.624848 0.035658 0.055311
6 0.592014 0.673881 0.036429 0.057325
6 0.617753 0.408011 0.030579 0.049368
6 0.580081 0.522037 0.033456 0.053108
6 0.532631 0.471038 0.031729 0.051574
0 0.517589 0.509420 0.033618 0.053654
0 0.529921 0.353122 0.029180 0.049041
0 0.479593 0.456622 0.032507 0.051756
8 0.439456 0.406610 0.037880 0.059444
3 0.421465 0.437968 0.036415 0.069501
0 0.379917 0.522376 0.033340 0.053423
5 0.368786 0.414144 0.043254 0.098697
0 0.295989 0.552510 0.034491 0.054054
0 0.269344 0.597379 0.036544 0.056319
1 0.371065 0.323767 0.032884 0.053922
3 0.329453 0.382095 0.035347 0.066571
1 0.205253 0.578449 0.041538 0.065040
