7 0.344983 0.731462 0.041779 0.053922
8 0.323095 0.670812 0.045132 0.052166
9 0.309160 0.612776 0.040430 0.053363
10 0.288760 0.555157 0.052917 0.071895
11 0.274388 0.498484 0.054411 0.076154
9 0.261242 0.461677 0.039342 0.054253
8 0.246017 0.417136 0.043403 0.051991
7 0.233555 0.374134 0.038664 0.051045
6 0.408115 0.708006 0.033935 0.044193
6 0.390169 0.649959 0.033472 0.042675
6 0.369692 0.592844 0.032784 0.043254
6 0.320177 0.445959 0.030235 0.042937
6 0.304292 0.401958 0.030159 0.042804
6 0.289033 0.360761 0.030513 0.042493
6 0.387730 0.475030 0.029957 0.042004
6 0.463512 0.498538 0.030179 0.042824
0 0.518770 0.478684 0.031733 0.044266
0 0.495792 0.436106 0.029726 0.044104
2 0.595845 0.508082 0.037212 0.055456
0 0.700582 0.597389 0.034173 0.043661
0 0.673601 0.543828 0.033896 0.044435
0 0.647460 0.493418 0.031898 0.043271
0 0.579902 0.361524 0.028846 0.043287
0 0.557214 0.321591 0.027960 0.043823
0 0.537604 0.284311 0.028125 0.043714
1 0.763396 0.573381 0.044193 0.052629
3 0.703902 0.468661 0.037388 0.056316
4 0.677917 0.417166 0.042943 0.072374
5 0.654435 0.371490 0.043598 0.080870
3 0.630354 0.339044 0.033882 0.058181
2 0.608628 0.300468 0.032612 0.055122
1 0.586505 0.265724 0.031475 0.050886
