7 0.180608 0.583406 0.049127 0.073333
8 0.207644 0.525084 0.050903 0.077841
9 0.238143 0.473348 0.044276 0.079276
10 0.258477 0.420387 0.052913 0.097202
11 0.285341 0.367725 0.051766 0.107440
7 0.344084 0.274573 0.035813 0.060046
6 0.256048 0.597966 0.040582 0.063829
6 0.283570 0.542966 0.039223 0.060549
6 0.307135 0.489803 0.037146 0.060473
6 0.368963 0.357596 0.033151 0.055999
6 0.385779 0.319611 0.033390 0.054640
6 0.401237 0.284064 0.032196 0.052083
6 0.409385 0.406445 0.035231 0.056237
6 0.463107 0.456811 0.035949 0.058555
0 0.476402 0.412583 0.036151 0.057229
0 0.532619 0.466648 0.037388 0.059527
8 0.546305 0.416463 0.045374 0.071015
0 0.560255 0.649820 0.045093 0.065797
0 0.586725 0.533446 0.039686 0.062593
4 0.598621 0.464797 0.049001 0.100089
0 0.658793 0.541391 0.039802 0.062120
0 0.686109 0.399355 0.035281 0.056713
0 0.691369 0.356883 0.034484 0.055519
0 0.698525 0.318571 0.033485 0.054656
1 0.724016 0.671629 0.050519 0.078032
3 0.738788 0.543775 0.047854 0.084435
5 0.751062 0.429663 0.055767 0.113882
3 0.754813 0.398441 0.042907 0.079256
2 0.762725 0.360475 0.044861 0.067007
1 0.765035 0.322712 0.041412 0.062110
