7 0.319342 0.376515 0.036905 0.059914
11 0.518074 0.289780 0.041412 0.098925
1 0.235835 0.447892 0.039944 0.064573
6 0.506609 0.358586 0.031147 0.052259
6 0.554641 0.341546 0.030691 0.051591
8 0.324535 0.462612 0.039302 0.072183
6 0.489335 0.406184 0.032421 0.053320
0 0.361615 0.502417 0.036108 0.056958
6 0.478353 0.459173 0.032817 0.054788
0 0.528418 0.438540 0.034170 0.056022
6 0.674104 0.383494 0.032282 0.051591
8 0.337813 0.556477 0.041796 0.074395
3 0.399826 0.532603 0.042563 0.077646
0 0.509595 0.495514 0.035149 0.055651
3 0.549289 0.527561 0.041825 0.075645
0 0.653542 0.492783 0.034352 0.054322
5 0.586531 0.553236 0.050245 0.110155
0 0.746685 0.507323 0.035308 0.055599
0 0.794854 0.486354 0.035628 0.055519
