7 0.212745 0.524284 0.037864 0.061432
8 0.256708 0.491250 0.036518 0.068380
11 0.372849 0.399076 0.039110 0.095380
7 0.465893 0.353540 0.030291 0.049871
6 0.261457 0.546696 0.033952 0.054802
6 0.448968 0.412235 0.027890 0.048062
6 0.479590 0.390002 0.027229 0.047397
6 0.507783 0.368532 0.025962 0.045066
6 0.354306 0.537219 0.032487 0.054187
6 0.458201 0.451073 0.029689 0.049527
6 0.477407 0.493145 0.030556 0.051925
0 0.508097 0.465871 0.030995 0.051286
0 0.523395 0.513161 0.035069 0.053684
8 0.560157 0.479410 0.038343 0.064785
0 0.468940 0.639018 0.037146 0.059914
10 0.538793 0.551561 0.044286 0.092123
4 0.605933 0.491252 0.041462 0.087715
0 0.635640 0.478142 0.030916 0.050648
3 0.664527 0.516854 0.038022 0.073588
0 0.715316 0.468219 0.031313 0.051683
0 0.739679 0.442217 0.031316 0.050327
1 0.590245 0.689243 0.043856 0.073175
3 0.661172 0.603049 0.041862 0.080364
5 0.718967 0.522234 0.046796 0.107946
1 0.795499 0.456734 0.036481 0.057517
