7 0.764972 0.342381 0.036882 0.058981
8 0.759003 0.379555 0.041300 0.064626
9 0.746954 0.414077 0.039974 0.073717
10 0.740627 0.448770 0.052146 0.092507
11 0.727151 0.488027 0.055089 0.109051
7 0.691414 0.665398 0.045916 0.071895
6 0.704949 0.337297 0.031419 0.050592
6 0.693666 0.371815 0.032821 0.052923
6 0.682766 0.411959 0.033264 0.053681
6 0.644373 0.543704 0.036716 0.057050
6 0.630041 0.595284 0.038151 0.058571
6 0.615279 0.650260 0.039878 0.060394
6 0.596720 0.483778 0.035013 0.055850
6 0.544902 0.429957 0.033085 0.053790
0 0.530369 0.471129 0.035215 0.055718
9 0.519755 0.331524 0.035853 0.070265
0 0.482773 0.417740 0.034018 0.054256
8 0.464130 0.453776 0.042738 0.065582
0 0.480969 0.297682 0.031065 0.050205
2 0.444144 0.362672 0.040741 0.065265
4 0.427021 0.390231 0.041700 0.088095
0 0.410623 0.323461 0.031399 0.051260
0 0.390073 0.358082 0.031898 0.052533
0 0.321207 0.475544 0.035483 0.055321
0 0.297130 0.521549 0.036481 0.056981
0 0.269091 0.570843 0.039345 0.059246
1 0.373667 0.277708 0.034815 0.056852
3 0.331157 0.339152 0.036680 0.069501
5 0.284858 0.399535 0.048545 0.105255
3 0.258864 0.454382 0.040261 0.073717
2 0.227892 0.502052 0.046253 0.070539
1 0.199286 0.551448 0.046303 0.069213
