0 0.265899 0.445936 0.040489 0.067639
6 0.390107 0.341232 0.034481 0.058581
11 0.413636 0.291300 0.048198 0.115377
6 0.419795 0.375952 0.035708 0.061111
6 0.477280 0.330848 0.034018 0.057649
0 0.486255 0.385741 0.037014 0.062440
6 0.556531 0.316070 0.032619 0.056452
6 0.533707 0.431711 0.039861 0.065744
5 0.547920 0.475134 0.058472 0.141134
0 0.638722 0.388256 0.036267 0.061432
1 0.644552 0.487264 0.047278 0.078694
0 0.723236 0.373836 0.036597 0.061032
0 0.740689 0.349752 0.034421 0.059511
7 0.736167 0.468021 0.047209 0.074772
