7 0.615989 0.362111 0.037011 0.060579
7 0.725592 0.457669 0.041779 0.065985
11 0.772269 0.469645 0.055628 0.118436
1 0.500450 0.319094 0.036944 0.060046
6 0.670470 0.478927 0.036925 0.059587
6 0.712513 0.516429 0.038419 0.061197
6 0.757492 0.555367 0.039110 0.063611
8 0.474363 0.357323 0.037146 0.067636
6 0.580341 0.460179 0.035893 0.059127
0 0.423806 0.377806 0.033485 0.056518
6 0.487452 0.445165 0.035083 0.058783
0 0.522517 0.478775 0.037480 0.061253
0 0.430058 0.460370 0.036425 0.059722
8 0.336939 0.438861 0.043218 0.073733
3 0.367576 0.470873 0.042579 0.083717
0 0.431648 0.558175 0.039342 0.063843
5 0.305954 0.473188 0.052457 0.120787
0 0.400592 0.627078 0.042791 0.067755
0 0.436941 0.675675 0.044630 0.070159
3 0.207657 0.474636 0.045294 0.083320
1 0.361088 0.699983 0.051766 0.082632
