7 0.210489 0.658438 0.056171 0.077358
8 0.210336 0.589110 0.058284 0.076687
9 0.219435 0.523552 0.050807 0.078604
10 0.216953 0.461453 0.063039 0.098813
11 0.223280 0.401579 0.062923 0.108476
9 0.227113 0.370597 0.045152 0.074772
8 0.229345 0.330008 0.046012 0.067007
7 0.232176 0.291533 0.041601 0.060969
6 0.296860 0.650835 0.043330 0.064322
6 0.298778 0.584216 0.041604 0.061819
6 0.297244 0.521424 0.039110 0.059911
6 0.296429 0.466830 0.037672 0.058092
6 0.295471 0.418575 0.036333 0.056462
6 0.297675 0.370928 0.034795 0.055896
6 0.297197 0.328743 0.033264 0.055694
6 0.295855 0.290352 0.031921 0.053105
0 0.494765 0.395501 0.035470 0.058185
0 0.691815 0.604438 0.043902 0.063267
0 0.673143 0.540622 0.041273 0.060377
0 0.655754 0.483232 0.038479 0.058661
0 0.639797 0.432021 0.037080 0.057851
0 0.613768 0.342750 0.033350 0.054653
0 0.599091 0.302141 0.032487 0.054521
0 0.587672 0.265529 0.032685 0.053188
1 0.778294 0.592736 0.057447 0.074144
2 0.754388 0.524939 0.055906 0.073853
3 0.730638 0.466311 0.047381 0.079487
4 0.711500 0.408206 0.054249 0.096610
5 0.695871 0.356877 0.055493 0.109190
3 0.677187 0.327346 0.040837 0.076591
2 0.663800 0.290600 0.040582 0.066386
1 0.648571 0.257191 0.039696 0.060876
