7 0.506101 0.319102 0.039861 0.062312
11 0.759987 0.362814 0.051766 0.107903
1 0.426371 0.339962 0.041220 0.065665
6 0.674702 0.414210 0.037130 0.057011
8 0.396863 0.380691 0.040731 0.074054
6 0.589188 0.438365 0.036994 0.057563
6 0.718254 0.478396 0.038929 0.058942
0 0.366265 0.429578 0.037616 0.059011
6 0.502154 0.468527 0.039342 0.058806
0 0.569049 0.485514 0.038343 0.059514
6 0.774229 0.542102 0.040721 0.060460
0 0.474605 0.514636 0.038535 0.058188
3 0.446477 0.559674 0.045929 0.080810
0 0.586055 0.608791 0.040582 0.059831
5 0.417682 0.598140 0.056184 0.114157
0 0.638180 0.688474 0.043218 0.062788
0 0.715666 0.712001 0.044335 0.064306
