7 0.452991 0.266758 0.031088 0.050724
8 0.497092 0.281506 0.030890 0.058515
9 0.539562 0.299664 0.032153 0.061101
11 0.631000 0.327469 0.039878 0.090876
7 0.783730 0.406834 0.037943 0.055718
6 0.424132 0.296789 0.027318 0.044577
6 0.651123 0.398224 0.030962 0.048313
6 0.702359 0.420703 0.031637 0.048793
6 0.755514 0.442702 0.032497 0.049272
6 0.432920 0.346037 0.028598 0.046571
6 0.574299 0.406842 0.029907 0.048122
10 0.356295 0.337717 0.038919 0.078509
6 0.495934 0.419542 0.030387 0.048409
0 0.544160 0.440795 0.032209 0.049944
0 0.461052 0.451149 0.032209 0.048985
8 0.509554 0.473085 0.036548 0.063829
0 0.285476 0.418112 0.031343 0.048320
0 0.375159 0.463801 0.032593 0.049752
4 0.423781 0.477512 0.041412 0.081194
2 0.434281 0.548500 0.038343 0.067966
0 0.487968 0.583646 0.034798 0.051954
0 0.543332 0.611781 0.035096 0.052437
0 0.600172 0.642649 0.037004 0.053968
1 0.203568 0.486065 0.041673 0.059114
3 0.298158 0.535276 0.039782 0.068634
5 0.396619 0.580002 0.047900 0.097457
3 0.448657 0.621349 0.041217 0.069881
1 0.561948 0.688196 0.042817 0.065585
