7 0.275688 0.497019 0.044722 0.072378
11 0.213004 0.317250 0.048866 0.111260
1 0.358846 0.526305 0.045536 0.073813
6 0.295734 0.363947 0.035390 0.057755
0 0.440635 0.515342 0.039623 0.063026
6 0.373500 0.389869 0.036108 0.058158
6 0.346022 0.317695 0.033710 0.056157
6 0.460961 0.411782 0.036233 0.059127
0 0.438406 0.374707 0.035946 0.057993
6 0.384525 0.272282 0.032913 0.053843
8 0.608679 0.522373 0.050625 0.077358
0 0.522388 0.401285 0.036746 0.059911
3 0.587502 0.381276 0.042080 0.079755
0 0.541081 0.318686 0.033882 0.055784
5 0.646670 0.356662 0.049120 0.112735
0 0.575964 0.274249 0.033085 0.054788
0 0.553662 0.243828 0.032688 0.053588
