6 0.446610 0.544109 0.041382 0.068138
11 0.375103 0.535415 0.057149 0.136505
0 0.673705 0.442770 0.039144 0.063747
6 0.484476 0.492105 0.038185 0.065585
6 0.345117 0.521901 0.040182 0.065906
6 0.510838 0.441858 0.037226 0.061911
0 0.448682 0.457389 0.038211 0.063707
6 0.243981 0.503814 0.039808 0.064970
5 0.568158 0.331215 0.046521 0.116782
0 0.331346 0.409793 0.036508 0.060790
1 0.486184 0.342827 0.037480 0.063241
0 0.239881 0.394934 0.036614 0.060913
0 0.173223 0.408381 0.038409 0.061908
7 0.401878 0.330766 0.037864 0.061908
