1 0.284778 0.482599 0.046475 0.077646
6 0.393608 0.354173 0.035747 0.059782
11 0.410842 0.298833 0.048866 0.116528
0 0.366544 0.499661 0.042976 0.069818
6 0.432685 0.391615 0.037348 0.062252
6 0.479251 0.333733 0.034884 0.059239
7 0.414664 0.549618 0.050136 0.081577
3 0.440503 0.497680 0.052698 0.096630
6 0.485775 0.430289 0.038343 0.064772
0 0.502642 0.397131 0.039702 0.063826
6 0.555240 0.309997 0.032821 0.056786
8 0.498943 0.555827 0.053105 0.089630
0 0.551250 0.440828 0.040099 0.066703
0 0.655308 0.385040 0.038009 0.062169
5 0.687120 0.469778 0.057149 0.137348
0 0.735632 0.360650 0.036415 0.061445
0 0.746081 0.331726 0.035218 0.060311
