7 0.695020 0.463659 0.039861 0.064944
7 0.586567 0.513386 0.041700 0.066224
11 0.473981 0.547672 0.050615 0.111005
1 0.755012 0.383345 0.039944 0.061353
6 0.490628 0.500612 0.034597 0.056653
6 0.432254 0.526495 0.036141 0.057037
6 0.372816 0.552999 0.037298 0.057897
8 0.666918 0.365962 0.037546 0.068631
6 0.510565 0.441129 0.034405 0.055407
0 0.627029 0.342409 0.032483 0.052457
6 0.521931 0.383950 0.032593 0.053588
0 0.471928 0.405152 0.034173 0.054696
0 0.492568 0.350688 0.032755 0.054081
3 0.602781 0.258137 0.035549 0.068568
8 0.508194 0.296624 0.034683 0.065106
3 0.458844 0.312937 0.036544 0.070694
0 0.356511 0.359046 0.032619 0.053588
5 0.429955 0.271564 0.041987 0.100939
0 0.271200 0.347710 0.032017 0.053323
0 0.215415 0.367447 0.034018 0.054054
1 0.186430 0.331063 0.036809 0.060909
