7 0.636257 0.649600 0.056270 0.086468
11 0.275149 0.622179 0.064881 0.139001
1 0.811334 0.591824 0.055043 0.084071
6 0.369024 0.584853 0.046587 0.072470
6 0.281648 0.584086 0.046491 0.072278
6 0.193588 0.583292 0.047050 0.070698
8 0.718120 0.523925 0.049560 0.092983
6 0.458161 0.531832 0.045278 0.070813
0 0.706174 0.479931 0.045000 0.069848
6 0.535048 0.475304 0.043343 0.068743
0 0.455701 0.475208 0.043810 0.068638
8 0.778261 0.421212 0.047546 0.088191
3 0.695990 0.416197 0.050023 0.093261
0 0.539091 0.425645 0.043254 0.068327
3 0.537798 0.369534 0.045628 0.089054
0 0.387538 0.376106 0.040182 0.066703
5 0.538977 0.310741 0.054110 0.126310
0 0.314755 0.330628 0.038743 0.065185
0 0.241062 0.329109 0.040582 0.064547
