7 0.192728 0.614484 0.054352 0.081680
8 0.197877 0.545650 0.056720 0.082841
9 0.209876 0.481536 0.050519 0.085890
10 0.212283 0.418535 0.061313 0.107097
11 0.222128 0.356131 0.060162 0.117910
7 0.238780 0.243611 0.040820 0.067183
6 0.281187 0.613929 0.045245 0.069689
6 0.287946 0.548312 0.043810 0.065949
6 0.301901 0.330291 0.037864 0.061032
6 0.303467 0.285622 0.037292 0.059914
6 0.306176 0.245000 0.034110 0.057434
6 0.366815 0.376098 0.037612 0.061038
6 0.447766 0.477928 0.040837 0.065109
6 0.445351 0.420008 0.039458 0.062695
0 0.440987 0.370711 0.038343 0.061257
0 0.521174 0.416916 0.039782 0.062979
8 0.517068 0.363740 0.048330 0.074134
0 0.621837 0.601063 0.045532 0.068158
0 0.601682 0.476359 0.041300 0.064226
4 0.593221 0.402819 0.052910 0.104692
0 0.675094 0.470567 0.041617 0.063826
0 0.646035 0.321124 0.036944 0.060040
0 0.634646 0.277201 0.036978 0.059752
0 0.626341 0.237060 0.035546 0.058393
1 0.791119 0.589092 0.055982 0.078892
3 0.755997 0.457832 0.048661 0.086161
5 0.729830 0.341209 0.058667 0.119130
3 0.717070 0.309130 0.048201 0.083056
2 0.706119 0.269167 0.045532 0.072950
1 0.693811 0.232070 0.043482 0.066376
