0 0.717854 0.580574 0.045000 0.064329
6 0.392472 0.654430 0.046108 0.063938
11 0.306359 0.659104 0.064603 0.114848
6 0.457130 0.571462 0.042751 0.063843
6 0.294585 0.599628 0.046174 0.063271
0 0.433538 0.505742 0.043399 0.063112
6 0.193995 0.554119 0.044577 0.060949
5 0.616693 0.320322 0.053975 0.118853
6 0.477652 0.370942 0.039206 0.061925
0 0.327338 0.401811 0.041296 0.063151
1 0.529778 0.303277 0.043776 0.071098
0 0.235081 0.361491 0.040837 0.063036
0 0.159684 0.376154 0.042338 0.063426
7 0.440192 0.269418 0.043618 0.070073
