7 0.306888 0.649726 0.046971 0.067295
8 0.294444 0.583859 0.047222 0.065106
11 0.271093 0.392884 0.054547 0.098545
7 0.248806 0.261422 0.039206 0.062308
6 0.382264 0.637535 0.039494 0.056280
6 0.331247 0.349315 0.034702 0.053393
6 0.321748 0.300837 0.033886 0.053122
6 0.312493 0.255802 0.032817 0.051458
6 0.446883 0.559426 0.039064 0.055493
6 0.402230 0.390632 0.034990 0.053009
10 0.527265 0.602128 0.053261 0.090876
6 0.483472 0.427728 0.035278 0.053585
0 0.468452 0.377214 0.034616 0.052523
0 0.545977 0.420372 0.035870 0.054236
8 0.537087 0.362831 0.045344 0.062884
0 0.671989 0.584079 0.039144 0.054322
0 0.631772 0.467100 0.036984 0.052963
4 0.597690 0.347688 0.046875 0.088479
0 0.580736 0.313125 0.035228 0.053122
9 0.655147 0.343937 0.040261 0.068925
0 0.622915 0.257206 0.033310 0.052963
0 0.607455 0.214392 0.031954 0.051997
1 0.813871 0.555007 0.050486 0.063267
3 0.764431 0.433750 0.044286 0.070073
5 0.724754 0.321404 0.054983 0.098813
3 0.703646 0.285503 0.039302 0.070939
1 0.667867 0.203077 0.038545 0.059712
