7 0.596357 0.239861 0.034018 0.056905
8 0.622116 0.271774 0.036878 0.062841
9 0.643828 0.304089 0.036716 0.070169
10 0.671865 0.333277 0.047738 0.088095
11 0.699066 0.368507 0.052801 0.105255
7 0.795625 0.523309 0.047851 0.066386
6 0.545294 0.254286 0.029292 0.049795
6 0.564965 0.287703 0.031220 0.050995
6 0.666326 0.446412 0.035278 0.055311
6 0.696090 0.493047 0.036524 0.056366
6 0.729258 0.542128 0.038442 0.057900
6 0.583452 0.415384 0.034484 0.054854
6 0.475856 0.347411 0.031713 0.053922
6 0.498259 0.389029 0.033383 0.054401
0 0.522662 0.429850 0.035761 0.056650
0 0.436308 0.403189 0.034282 0.055387
8 0.457156 0.439302 0.042407 0.069696
0 0.323398 0.295398 0.032755 0.053390
0 0.356037 0.371195 0.033952 0.055188
4 0.375132 0.399730 0.046012 0.091736
0 0.297323 0.385741 0.035017 0.056184
2 0.326857 0.467677 0.042655 0.070360
0 0.346005 0.522827 0.038102 0.058075
0 0.368333 0.574927 0.039702 0.059272
0 0.389079 0.631529 0.041617 0.062060
1 0.203558 0.316019 0.038743 0.061911
3 0.229049 0.391564 0.041696 0.075093
5 0.258800 0.467584 0.053009 0.111260
3 0.274729 0.531520 0.045628 0.077841
1 0.311521 0.648158 0.048492 0.074451
