1 0.349392 0.522262 0.043710 0.069597
6 0.319615 0.402675 0.034144 0.056052
11 0.307070 0.344684 0.045899 0.106981
0 0.436693 0.560752 0.038611 0.061842
6 0.391078 0.433231 0.036614 0.056984
6 0.374737 0.360637 0.032953 0.055321
6 0.472394 0.460359 0.036283 0.057583
0 0.455997 0.422189 0.035069 0.056958
6 0.419139 0.318600 0.031888 0.052457
7 0.535890 0.449712 0.039861 0.065265
5 0.641574 0.505582 0.052798 0.115377
0 0.565352 0.373545 0.032821 0.054590
0 0.606858 0.331506 0.032751 0.053323
0 0.589983 0.300253 0.032685 0.052457
