7 0.265772 0.367632 0.047371 0.077249
11 0.361043 0.218034 0.049924 0.125387
1 0.282713 0.453249 0.052338 0.084931
6 0.411002 0.280046 0.037288 0.064610
6 0.428930 0.251529 0.039011 0.063555
6 0.446901 0.224635 0.036620 0.061147
8 0.392804 0.419439 0.050040 0.092589
6 0.456391 0.315708 0.038919 0.067679
0 0.472002 0.430855 0.044977 0.075347
6 0.516113 0.351895 0.040645 0.069881
0 0.530726 0.318527 0.042331 0.068786
8 0.533137 0.472439 0.056366 0.095764
0 0.587149 0.359881 0.042447 0.071898
3 0.623581 0.479054 0.056594 0.109742
3 0.667784 0.357533 0.048889 0.097970
0 0.692110 0.302836 0.039861 0.067021
5 0.743798 0.345780 0.059633 0.143948
0 0.776038 0.276442 0.038823 0.066528
0 0.784139 0.247589 0.038919 0.064226
