7 0.656930 0.574851 0.047292 0.076448
11 0.358765 0.640114 0.059633 0.132021
1 0.690785 0.515417 0.045136 0.073651
6 0.406199 0.590961 0.041505 0.066048
6 0.454226 0.527550 0.039782 0.064034
6 0.309092 0.560574 0.041505 0.064706
0 0.628666 0.430794 0.037464 0.060470
6 0.490364 0.465144 0.038823 0.061544
0 0.424020 0.483309 0.038727 0.062404
6 0.210693 0.536224 0.040645 0.062599
8 0.656640 0.367933 0.040741 0.075728
0 0.470079 0.425600 0.037864 0.061253
3 0.444487 0.380451 0.043042 0.081961
0 0.314524 0.420496 0.037414 0.061442
5 0.425509 0.332343 0.051534 0.115493
0 0.225640 0.400007 0.036015 0.060112
0 0.157639 0.415751 0.038479 0.061243
