7 0.736154 0.644874 0.050152 0.076726
8 0.652771 0.620111 0.048505 0.083879
11 0.428049 0.547039 0.054067 0.107788
7 0.216930 0.509251 0.049950 0.070076
6 0.749301 0.585413 0.041756 0.061429
6 0.385188 0.491784 0.038102 0.057596
6 0.318571 0.475250 0.038810 0.057252
6 0.252469 0.459406 0.038013 0.055784
9 0.765094 0.517632 0.047741 0.080304
6 0.690461 0.505294 0.039110 0.059471
6 0.476376 0.459752 0.036429 0.057275
10 0.786890 0.460293 0.058284 0.098449
6 0.562634 0.420875 0.037100 0.056174
0 0.496898 0.407485 0.036905 0.056174
0 0.585410 0.375379 0.036746 0.058555
8 0.519410 0.350223 0.039144 0.074692
0 0.805595 0.372120 0.037943 0.058327
0 0.671364 0.344823 0.036267 0.057517
4 0.604740 0.315020 0.044745 0.093294
0 0.481807 0.304739 0.033886 0.055919
2 0.562300 0.268656 0.037867 0.072133
0 0.441966 0.252249 0.033151 0.055053
0 0.384382 0.240599 0.033419 0.054120
1 0.829631 0.282054 0.045056 0.064147
3 0.698423 0.250739 0.038981 0.073813
5 0.579135 0.213791 0.044977 0.107212
3 0.520984 0.216260 0.037384 0.073413
1 0.407188 0.198960 0.036233 0.061736
