7 0.755947 0.244370 0.045294 0.069897
8 0.767063 0.290231 0.048889 0.074292
11 0.795197 0.433146 0.069983 0.126167
7 0.834863 0.661429 0.061425 0.083856
6 0.686062 0.249944 0.036224 0.060390
6 0.718474 0.519684 0.045691 0.067087
6 0.727240 0.588497 0.046657 0.067774
6 0.738558 0.663590 0.048591 0.069983
9 0.615805 0.240260 0.043019 0.082708
6 0.615891 0.295440 0.038297 0.062348
6 0.635030 0.455842 0.042513 0.065843
10 0.551749 0.228836 0.048419 0.101806
6 0.550351 0.400832 0.040985 0.064051
0 0.553464 0.456804 0.042100 0.066465
0 0.478390 0.396860 0.040661 0.063905
8 0.468024 0.451521 0.054249 0.079755
0 0.411987 0.249411 0.036680 0.061111
0 0.404200 0.342993 0.039544 0.063188
4 0.394140 0.436270 0.055562 0.108029
0 0.389215 0.516237 0.043218 0.065906
2 0.310499 0.448695 0.053406 0.079468
0 0.296114 0.585656 0.046806 0.067979
0 0.284392 0.660567 0.049610 0.070625
1 0.273082 0.246513 0.042659 0.069580
3 0.253305 0.336749 0.046815 0.084894
5 0.227864 0.430671 0.068743 0.126858
3 0.216944 0.508631 0.054411 0.088115
1 0.186194 0.655380 0.063657 0.085602
