1 0.735008 0.397593 0.039144 0.064841
6 0.666721 0.525352 0.039064 0.063905
11 0.652670 0.534449 0.055658 0.132682
0 0.663975 0.386913 0.034418 0.057715
6 0.618791 0.477981 0.037305 0.062946
6 0.572971 0.545483 0.039064 0.066224
7 0.619883 0.348651 0.038277 0.061389
6 0.566868 0.435364 0.034749 0.060152
0 0.549023 0.465423 0.037146 0.062388
6 0.480546 0.570407 0.040820 0.067341
3 0.559473 0.331918 0.037768 0.076687
0 0.507282 0.422287 0.035628 0.059831
0 0.394529 0.473947 0.036081 0.062642
5 0.404894 0.350610 0.045437 0.116068
0 0.299851 0.496204 0.037672 0.064610
0 0.268765 0.531548 0.041009 0.066501
