7 0.426867 0.679858 0.039704 0.062471
8 0.387021 0.635994 0.040898 0.065583
9 0.351748 0.594858 0.038535 0.065374
10 0.319287 0.551493 0.047689 0.082041
11 0.287858 0.512632 0.049577 0.088232
9 0.259484 0.491652 0.036611 0.061846
8 0.232821 0.459409 0.039997 0.058857
7 0.205957 0.434168 0.038346 0.051924
6 0.479491 0.648379 0.034548 0.051458
6 0.439714 0.608275 0.032637 0.050436
6 0.404977 0.569017 0.031120 0.049206
6 0.372319 0.533314 0.030511 0.047930
6 0.341580 0.500490 0.029717 0.046299
6 0.310563 0.468239 0.029290 0.046322
6 0.281169 0.440633 0.028815 0.044867
6 0.255055 0.412842 0.027493 0.044069
0 0.478561 0.427275 0.027480 0.045293
0 0.705109 0.499818 0.030277 0.047370
0 0.662354 0.466494 0.029622 0.045710
0 0.624189 0.437065 0.028893 0.045492
0 0.588963 0.409406 0.028298 0.044658
0 0.523866 0.359339 0.026429 0.044199
0 0.492889 0.334663 0.025576 0.042881
0 0.462967 0.311974 0.025518 0.041885
1 0.745923 0.471947 0.036546 0.054388
2 0.704178 0.437687 0.035374 0.059626
3 0.665024 0.407456 0.033551 0.061032
4 0.628669 0.375703 0.035182 0.074388
5 0.592586 0.344865 0.036331 0.085316
3 0.560737 0.331286 0.029958 0.058717
2 0.529687 0.309458 0.029219 0.054521
1 0.501410 0.292196 0.027572 0.047542
