7 0.273916 0.306483 0.040378 0.064535
9 0.406847 0.300068 0.039782 0.075410
10 0.468851 0.293529 0.046243 0.095130
7 0.598592 0.304836 0.039144 0.064482
11 0.668018 0.284637 0.047852 0.110778
6 0.265921 0.351795 0.035814 0.056917
6 0.334979 0.350384 0.034749 0.057318
6 0.402643 0.351587 0.035150 0.057445
9 0.538078 0.341854 0.041227 0.077008
6 0.604974 0.350929 0.034414 0.057516
6 0.671857 0.348467 0.036012 0.057116
6 0.738602 0.347695 0.036208 0.057715
8 0.399294 0.388127 0.042272 0.077360
8 0.607061 0.386468 0.042083 0.077070
6 0.464552 0.442445 0.037412 0.060710
0 0.533145 0.495031 0.039460 0.060439
2 0.380988 0.546014 0.048083 0.084548
4 0.692347 0.534189 0.054870 0.104681
0 0.217012 0.612062 0.044193 0.064417
0 0.302249 0.611895 0.042337 0.063346
0 0.380236 0.611058 0.046540 0.064772
3 0.458468 0.598770 0.049658 0.085892
0 0.618224 0.609071 0.043519 0.064417
0 0.701906 0.610041 0.043376 0.064788
0 0.783771 0.607972 0.043695 0.065026
5 0.373688 0.653117 0.063939 0.123571
1 0.459858 0.669313 0.050804 0.079180
3 0.627826 0.667524 0.051536 0.090186
2 0.714111 0.666143 0.052572 0.092487
1 0.793942 0.671351 0.053145 0.078958
