7 0.562593 0.643921 0.042562 0.071130
9 0.443573 0.596190 0.041605 0.081481
7 0.394666 0.583447 0.040264 0.065827
11 0.243711 0.508864 0.047500 0.108086
6 0.599183 0.612856 0.036146 0.061709
6 0.538488 0.593569 0.034508 0.058714
6 0.484123 0.573527 0.033219 0.058180
6 0.333257 0.521235 0.031820 0.053721
6 0.286178 0.507157 0.031686 0.052725
6 0.242642 0.492576 0.030889 0.049346
9 0.471468 0.520241 0.037480 0.075247
3 0.586914 0.478050 0.037546 0.073092
8 0.536076 0.468511 0.035387 0.065505
6 0.489142 0.460138 0.030023 0.050394
0 0.749342 0.471563 0.032194 0.052565
0 0.693185 0.456842 0.031221 0.051191
0 0.644997 0.443317 0.030221 0.050260
3 0.595197 0.423722 0.034749 0.068213
0 0.505330 0.407090 0.029079 0.047943
0 0.461297 0.394920 0.027627 0.046663
0 0.419007 0.383703 0.028568 0.045986
5 0.669536 0.399681 0.041872 0.098236
1 0.621278 0.407583 0.032510 0.053311
2 0.489403 0.369417 0.031787 0.058691
1 0.450605 0.363232 0.030690 0.050592
