7 0.868488 0.342471 0.048486 0.067663
7 0.822899 0.501541 0.053044 0.072614
11 0.770545 0.684541 0.071559 0.115124
6 0.796924 0.328162 0.037793 0.059033
6 0.782607 0.379010 0.039147 0.058555
6 0.763823 0.432184 0.040999 0.060046
6 0.704093 0.609618 0.043480 0.062119
6 0.686737 0.678579 0.044860 0.064515
6 0.662923 0.748511 0.045853 0.065186
9 0.671152 0.458555 0.047930 0.081576
3 0.548787 0.365991 0.044001 0.079372
8 0.528841 0.421330 0.046589 0.072471
6 0.503612 0.479512 0.039782 0.060951
9 0.450444 0.593649 0.050270 0.082826
0 0.469771 0.248293 0.034951 0.058447
0 0.443981 0.295085 0.036680 0.058249
0 0.418226 0.339803 0.037637 0.059814
3 0.395828 0.382173 0.044678 0.078604
0 0.333760 0.497038 0.041986 0.060586
0 0.299253 0.558700 0.043135 0.062868
0 0.264730 0.623823 0.044479 0.063076
5 0.353612 0.301170 0.051624 0.112367
1 0.325967 0.369359 0.043535 0.070618
2 0.220747 0.533143 0.054756 0.078337
1 0.187837 0.593853 0.056462 0.075251
