7 0.809023 0.381501 0.041139 0.062708
9 0.792977 0.430534 0.042907 0.086504
10 0.782305 0.452765 0.053561 0.108083
7 0.757244 0.538709 0.047171 0.079255
11 0.740280 0.553281 0.059466 0.144115
6 0.745986 0.378265 0.033672 0.057194
6 0.736536 0.405358 0.034551 0.057982
6 0.721805 0.434146 0.036507 0.061032
6 0.675588 0.533883 0.040739 0.068548
6 0.663371 0.574100 0.042021 0.071976
6 0.643241 0.615856 0.044098 0.075488
8 0.654854 0.421764 0.040827 0.072760
9 0.640182 0.444751 0.043809 0.087041
6 0.570576 0.447563 0.035482 0.061377
8 0.480814 0.465571 0.048887 0.077262
4 0.406895 0.559116 0.060391 0.119059
2 0.463893 0.400347 0.039701 0.071976
0 0.451012 0.353970 0.030007 0.054144
0 0.428358 0.378937 0.033154 0.054652
0 0.404653 0.403822 0.035413 0.057533
3 0.385464 0.419373 0.040980 0.081559
0 0.327624 0.489159 0.038633 0.063363
0 0.294479 0.525083 0.040410 0.066637
0 0.260589 0.563076 0.042943 0.069785
5 0.346162 0.370186 0.049681 0.115378
1 0.321891 0.421260 0.039701 0.065423
3 0.259010 0.472560 0.043809 0.087614
2 0.222106 0.510952 0.048314 0.081292
1 0.188804 0.548683 0.051305 0.076494
