6 0.619613 0.298208 0.032220 0.055452
6 0.643815 0.364567 0.034590 0.057917
6 0.543823 0.488628 0.038812 0.064430
6 0.553683 0.532765 0.040452 0.065374
3 0.449329 0.364492 0.041432 0.080983
6 0.489976 0.591317 0.043298 0.069899
0 0.379095 0.345698 0.034616 0.057314
9 0.390148 0.448049 0.046299 0.086273
11 0.404590 0.519271 0.057148 0.131276
0 0.401960 0.598547 0.043776 0.070218
0 0.312147 0.316283 0.033883 0.057051
6 0.318368 0.421419 0.038343 0.057708
5 0.318675 0.434033 0.053503 0.126224
0 0.321997 0.553555 0.042419 0.067982
