7 0.125609 0.391805 0.043457 0.067262
7 0.377819 0.319435 0.038477 0.064639
11 0.493421 0.264668 0.045091 0.110664
6 0.149385 0.428963 0.037812 0.061442
6 0.217052 0.407591 0.036429 0.060951
6 0.283805 0.389282 0.036491 0.059580
6 0.466909 0.334588 0.033350 0.057451
6 0.521623 0.316506 0.033395 0.057139
6 0.576432 0.299582 0.032617 0.055348
9 0.374935 0.393494 0.042370 0.081768
9 0.532904 0.385050 0.041699 0.082536
3 0.471266 0.501540 0.045534 0.089342
0 0.724642 0.424538 0.038424 0.061999
0 0.289108 0.632747 0.044382 0.069785
0 0.368729 0.603621 0.042497 0.067829
5 0.439375 0.554417 0.057148 0.130033
6 0.504914 0.551981 0.040264 0.066702
2 0.578420 0.520184 0.046781 0.085316
0 0.637646 0.503805 0.039590 0.064225
0 0.702910 0.480884 0.039518 0.064053
1 0.545433 0.592923 0.047930 0.079948
1 0.808039 0.493481 0.046572 0.074450
