7 0.504417 0.561608 0.042578 0.065026
6 0.733359 0.457135 0.034948 0.053789
6 0.608892 0.485454 0.035068 0.053044
11 0.351196 0.528770 0.052041 0.103665
3 0.505565 0.405306 0.038258 0.068301
6 0.383507 0.435199 0.033870 0.052565
6 0.322378 0.447357 0.034482 0.052324
9 0.369543 0.384840 0.038421 0.072214
6 0.242347 0.416543 0.034674 0.053809
0 0.580096 0.311042 0.030023 0.050195
0 0.232503 0.373506 0.033470 0.052643
0 0.614294 0.267406 0.029355 0.048730
6 0.455682 0.297290 0.030622 0.049762
0 0.282700 0.326808 0.031234 0.051260
5 0.436834 0.242686 0.039678 0.096283
1 0.325936 0.278732 0.034339 0.057640
