7 0.231066 0.588426 0.049580 0.078682
9 0.247244 0.490812 0.045928 0.085413
7 0.258600 0.459163 0.045052 0.069818
11 0.277609 0.333952 0.046130 0.109974
6 0.310916 0.590454 0.044255 0.069098
6 0.316069 0.542806 0.039782 0.066536
6 0.323127 0.499170 0.038258 0.063750
6 0.337251 0.388569 0.034417 0.057048
6 0.338089 0.358540 0.033685 0.055518
6 0.341825 0.329395 0.031221 0.053320
8 0.395708 0.492988 0.043519 0.075632
9 0.396792 0.451270 0.044001 0.082057
3 0.472215 0.527736 0.047165 0.090205
6 0.532134 0.418945 0.034548 0.058516
0 0.704658 0.583431 0.042585 0.068698
0 0.692773 0.534007 0.040749 0.064466
0 0.684102 0.493410 0.040260 0.063350
3 0.670052 0.445076 0.045247 0.083877
0 0.654111 0.385804 0.033835 0.056504
0 0.646014 0.354546 0.033018 0.055654
0 0.639014 0.325233 0.033118 0.053812
5 0.753883 0.465353 0.052591 0.122855
1 0.740286 0.449121 0.045339 0.068366
2 0.708698 0.345944 0.039303 0.067741
1 0.699310 0.322604 0.039941 0.059779
