7 0.212472 0.482892 0.040075 0.061312
9 0.304941 0.416323 0.036667 0.068701
10 0.345662 0.383221 0.042562 0.084665
7 0.423929 0.342256 0.033646 0.055599
11 0.463376 0.298831 0.038535 0.094134
6 0.257098 0.510711 0.034157 0.054723
6 0.303693 0.477041 0.032887 0.053190
6 0.349681 0.446478 0.032344 0.052702
6 0.392070 0.417765 0.030462 0.050863
9 0.429731 0.381326 0.035700 0.067822
6 0.469777 0.362567 0.029424 0.050127
6 0.503242 0.337201 0.028431 0.048770
6 0.537230 0.313276 0.027793 0.047764
8 0.393942 0.463021 0.037611 0.067637
8 0.511400 0.375929 0.035150 0.064619
0 0.567069 0.455596 0.032451 0.052617
2 0.541851 0.541779 0.040661 0.071735
4 0.622856 0.463939 0.044059 0.089954
0 0.507150 0.653058 0.038265 0.059912
0 0.554800 0.609287 0.036748 0.057448
0 0.596126 0.571089 0.036003 0.057542
3 0.631074 0.526924 0.041602 0.076784
0 0.705918 0.469478 0.034030 0.053682
0 0.741414 0.437964 0.033617 0.052992
0 0.773149 0.407422 0.032288 0.052454
5 0.652051 0.579167 0.051211 0.110293
1 0.689787 0.557863 0.041299 0.067419
3 0.764023 0.483729 0.040579 0.075889
2 0.799108 0.453387 0.040358 0.067868
1 0.826745 0.427746 0.040260 0.060583
