7 0.257235 0.493639 0.043818 0.068828
6 0.330711 0.643340 0.046396 0.078607
3 0.335010 0.584170 0.051191 0.101576
6 0.330033 0.557917 0.041699 0.070137
6 0.329577 0.461569 0.036107 0.059193
11 0.323353 0.411009 0.047760 0.114434
6 0.453027 0.429023 0.032617 0.055052
9 0.519694 0.440063 0.039688 0.079372
6 0.503223 0.401354 0.032884 0.052917
0 0.647498 0.573175 0.041781 0.069339
0 0.564539 0.399580 0.030954 0.052389
0 0.750116 0.610728 0.043936 0.074535
6 0.680703 0.500566 0.037611 0.063040
0 0.632059 0.419230 0.032399 0.054476
5 0.748197 0.465562 0.050937 0.125752
1 0.708610 0.435973 0.038743 0.062070
