7 0.171431 0.461257 0.042660 0.067741
11 0.482598 0.303249 0.044518 0.107324
6 0.212772 0.492811 0.037080 0.061377
6 0.270213 0.465495 0.036169 0.059525
6 0.326580 0.440508 0.035680 0.059115
6 0.478579 0.370376 0.032952 0.056520
6 0.521987 0.348641 0.031553 0.054053
6 0.565937 0.328151 0.031556 0.053522
3 0.566370 0.458631 0.042656 0.083102
9 0.610407 0.434378 0.041315 0.078991
0 0.756453 0.422350 0.035641 0.058698
0 0.447614 0.657759 0.041380 0.067731
0 0.509683 0.621302 0.040355 0.065566
5 0.564577 0.566449 0.054525 0.126452
6 0.612676 0.558708 0.038346 0.064570
7 0.711984 0.499722 0.042972 0.069977
0 0.761421 0.474061 0.037484 0.060967
1 0.670122 0.588805 0.045439 0.075462
1 0.860334 0.472482 0.044001 0.068636
