7 0.245514 0.657158 0.051882 0.082591
11 0.220459 0.347000 0.052038 0.118161
6 0.329495 0.651680 0.046491 0.070840
6 0.321006 0.595597 0.042819 0.068701
6 0.315117 0.542923 0.042018 0.067103
6 0.296986 0.405339 0.038105 0.062467
6 0.287837 0.366963 0.038265 0.060234
6 0.283083 0.329421 0.035612 0.057650
9 0.383714 0.478294 0.047161 0.086276
3 0.516048 0.415234 0.044980 0.085469
0 0.548713 0.305832 0.035654 0.058669
0 0.735107 0.606204 0.043138 0.069212
0 0.712157 0.550902 0.042497 0.065104
5 0.696846 0.478882 0.055352 0.125479
6 0.672629 0.459860 0.039222 0.062708
7 0.640579 0.374917 0.042956 0.068350
0 0.623571 0.336921 0.035775 0.059818
1 0.746849 0.448332 0.044896 0.073174
1 0.673446 0.293014 0.039795 0.065983
