7 0.164753 0.530949 0.049941 0.074867
7 0.292119 0.353797 0.044095 0.067021
11 0.346525 0.258180 0.046702 0.110430
6 0.235890 0.549712 0.042497 0.065264
6 0.268229 0.499071 0.040072 0.063460
6 0.301131 0.452231 0.038825 0.063187
6 0.383776 0.328483 0.035215 0.058516
6 0.404106 0.292070 0.034215 0.057116
6 0.427466 0.257887 0.032087 0.055586
9 0.395719 0.412619 0.044863 0.082536
9 0.511393 0.338576 0.042083 0.080999
3 0.511707 0.481310 0.046657 0.087380
6 0.552363 0.401715 0.036615 0.060645
0 0.676343 0.295698 0.035283 0.058050
0 0.610662 0.628971 0.043330 0.068158
0 0.633794 0.570506 0.042562 0.064801
5 0.656313 0.498454 0.056982 0.122578
3 0.669341 0.462983 0.045094 0.086963
2 0.691725 0.420947 0.047741 0.076113
0 0.706429 0.384946 0.037155 0.059932
0 0.723739 0.343477 0.035622 0.059609
1 0.759486 0.438138 0.044896 0.072533
1 0.803924 0.313060 0.042139 0.066836
