7 0.527529 0.688325 0.045215 0.074053
9 0.408727 0.615900 0.045150 0.080238
10 0.357648 0.577039 0.051533 0.099274
7 0.258104 0.530661 0.043936 0.065664
11 0.207331 0.482360 0.054388 0.106706
6 0.571528 0.646488 0.039743 0.061243
6 0.511559 0.614227 0.036986 0.059593
6 0.456704 0.581255 0.035999 0.059046
6 0.404883 0.550822 0.035781 0.057139
9 0.351426 0.515667 0.041224 0.076934
6 0.304829 0.494697 0.034827 0.055840
6 0.257052 0.470825 0.034450 0.054808
6 0.213410 0.445146 0.033551 0.052923
8 0.499281 0.535701 0.040501 0.074372
8 0.347896 0.456032 0.039626 0.071816
0 0.483522 0.421126 0.032884 0.053828
2 0.620770 0.430843 0.038343 0.070553
4 0.519937 0.375133 0.041755 0.088112
0 0.759661 0.455892 0.035085 0.055534
0 0.701753 0.430049 0.033018 0.053392
0 0.649442 0.406603 0.032419 0.052992
3 0.600054 0.378760 0.037673 0.071322
0 0.508361 0.343148 0.033669 0.051790
0 0.461313 0.321904 0.030179 0.050592
0 0.417586 0.302222 0.029691 0.049131
1 0.793210 0.421462 0.038952 0.061777
5 0.585482 0.313615 0.042331 0.100537
3 0.539710 0.306483 0.034909 0.068779
2 0.495107 0.288649 0.033685 0.063574
1 0.454507 0.275420 0.032354 0.056452
