7 0.384881 0.291917 0.032686 0.054655
9 0.489588 0.304370 0.034417 0.065837
7 0.539429 0.319829 0.033818 0.056449
11 0.708221 0.329212 0.042562 0.099271
6 0.364045 0.323664 0.029359 0.049059
6 0.417785 0.332770 0.029346 0.048984
6 0.470983 0.343527 0.029824 0.049795
6 0.636896 0.373590 0.030954 0.051257
6 0.695078 0.381893 0.032513 0.050648
6 0.752520 0.391904 0.032487 0.051855
8 0.451392 0.368584 0.034671 0.066302
9 0.503818 0.377459 0.035866 0.069977
6 0.525579 0.468857 0.032565 0.053145
0 0.240368 0.500023 0.035059 0.054922
0 0.303447 0.513717 0.035951 0.054642
0 0.360658 0.526574 0.034844 0.056676
3 0.422904 0.528965 0.040931 0.076400
0 0.548031 0.565737 0.037676 0.056917
0 0.617078 0.581641 0.036904 0.057676
0 0.686372 0.595620 0.037673 0.058857
5 0.334202 0.547721 0.053145 0.110430
1 0.400457 0.579580 0.042100 0.067741
3 0.531219 0.606580 0.043057 0.080283
2 0.601224 0.623560 0.043906 0.080042
1 0.667482 0.642751 0.043617 0.070840
