6 0.140677 0.337684 0.041406 0.065771
6 0.294093 0.303613 0.039873 0.064238
6 0.561079 0.348542 0.039541 0.066465
6 0.628215 0.332461 0.039385 0.065182
11 0.589368 0.378631 0.057839 0.124248
6 0.734683 0.363854 0.040850 0.064707
0 0.307427 0.544395 0.046494 0.068828
3 0.470265 0.489465 0.051768 0.091566
9 0.550327 0.473153 0.052340 0.089268
0 0.771917 0.421203 0.043040 0.065856
0 0.242057 0.636785 0.049128 0.071019
6 0.497729 0.562300 0.046396 0.071416
5 0.578989 0.515763 0.061787 0.128708
0 0.734658 0.496087 0.044655 0.067422
