7 0.153864 0.435215 0.042578 0.067819
11 0.448835 0.261356 0.044056 0.106865
6 0.199238 0.467142 0.037676 0.060645
6 0.253605 0.436699 0.036279 0.059180
6 0.307480 0.408773 0.036107 0.059115
6 0.450073 0.331167 0.032686 0.056383
6 0.490614 0.307091 0.031455 0.053975
6 0.531810 0.284614 0.031621 0.053089
3 0.549017 0.421917 0.041758 0.081211
9 0.589414 0.395412 0.040645 0.077744
0 0.729082 0.378179 0.034909 0.056956
0 0.454544 0.629777 0.041029 0.066143
0 0.510825 0.590216 0.039411 0.063376
5 0.561071 0.533945 0.053698 0.121198
6 0.604149 0.523027 0.037477 0.062643
0 0.739243 0.431309 0.036826 0.059115
1 0.756396 0.485277 0.042793 0.070169
