7 0.181644 0.629455 0.060104 0.086657
7 0.228008 0.389741 0.052109 0.075921
11 0.246828 0.272778 0.057516 0.121820
6 0.274469 0.631943 0.050807 0.074004
6 0.282876 0.562990 0.047165 0.072373
6 0.292856 0.500096 0.044385 0.069593
6 0.315449 0.340895 0.039544 0.064043
6 0.317860 0.297487 0.037744 0.062109
6 0.324445 0.255942 0.035413 0.060446
9 0.380869 0.432537 0.050996 0.089437
3 0.545807 0.480607 0.051191 0.095361
8 0.540295 0.431196 0.052725 0.083877
6 0.537155 0.383659 0.038984 0.064785
9 0.530767 0.281510 0.044385 0.085508
0 0.729106 0.620496 0.049079 0.073910
0 0.717804 0.548726 0.047354 0.069977
0 0.709312 0.489829 0.044860 0.069020
3 0.695153 0.424079 0.051074 0.092025
0 0.681637 0.334019 0.039564 0.064066
0 0.674256 0.288110 0.039111 0.062790
0 0.666598 0.245942 0.037051 0.061025
5 0.792590 0.461102 0.064326 0.132516
1 0.766501 0.378275 0.047214 0.076849
2 0.747822 0.277637 0.046302 0.076784
1 0.737017 0.242064 0.045374 0.069896
