7 0.711802 0.376899 0.032119 0.051592
9 0.717119 0.430607 0.036335 0.069339
10 0.717734 0.457614 0.044056 0.086530
11 0.718711 0.486802 0.045000 0.105042
9 0.723275 0.539263 0.041139 0.076768
7 0.727601 0.637826 0.044668 0.070697
6 0.659279 0.378057 0.027738 0.046426
6 0.659618 0.406691 0.028623 0.047321
6 0.657570 0.438324 0.030889 0.049596
6 0.655519 0.470811 0.031123 0.051426
6 0.653462 0.546982 0.034229 0.053809
6 0.656030 0.591188 0.036488 0.057533
6 0.653703 0.637485 0.036878 0.060778
8 0.601484 0.432155 0.034030 0.059434
8 0.591930 0.540262 0.039382 0.067021
0 0.474549 0.496175 0.031501 0.052357
4 0.410519 0.484227 0.044671 0.085700
0 0.405111 0.374032 0.027969 0.045537
0 0.394076 0.402575 0.030208 0.046667
0 0.381973 0.431826 0.031152 0.048665
3 0.374688 0.453971 0.035391 0.067500
0 0.345007 0.532839 0.033021 0.052858
0 0.328276 0.575729 0.035348 0.055918
0 0.311452 0.621532 0.036810 0.057900
1 0.355820 0.370465 0.031673 0.050814
2 0.342284 0.395566 0.035016 0.057318
5 0.298740 0.473509 0.049232 0.100540
3 0.281590 0.525195 0.040342 0.072214
2 0.260389 0.570091 0.046820 0.068561
1 0.242568 0.613288 0.047852 0.066712
