7 0.219028 0.537938 0.039144 0.056449
9 0.283654 0.468662 0.033389 0.061510
10 0.310933 0.435493 0.040101 0.075570
11 0.337770 0.402466 0.040260 0.086273
9 0.362187 0.389434 0.029824 0.057982
7 0.408856 0.348309 0.027959 0.045713
6 0.268818 0.555010 0.031439 0.050039
6 0.300264 0.519894 0.030345 0.047985
6 0.331597 0.487764 0.029124 0.046654
6 0.359788 0.458451 0.026673 0.045117
6 0.409611 0.404784 0.025739 0.043382
6 0.430034 0.380752 0.025381 0.042161
6 0.450916 0.358407 0.023577 0.040771
8 0.377904 0.495301 0.035482 0.059248
8 0.451616 0.409964 0.030954 0.054453
0 0.522949 0.464777 0.027435 0.046214
4 0.576510 0.463089 0.037480 0.078411
0 0.539144 0.633869 0.034030 0.053923
0 0.564523 0.590524 0.032191 0.050566
0 0.586014 0.552944 0.031286 0.050316
0 0.640457 0.457852 0.028180 0.045879
0 0.657295 0.429242 0.028132 0.045267
0 0.671934 0.402515 0.027682 0.044378
1 0.600146 0.649608 0.039342 0.063975
2 0.622287 0.604017 0.040264 0.065267
3 0.643431 0.561040 0.037865 0.069339
5 0.676553 0.478927 0.041068 0.093636
3 0.694181 0.460176 0.033740 0.064993
2 0.710560 0.434136 0.031940 0.055518
1 0.722432 0.410701 0.031009 0.050706
