6 0.243615 0.546971 0.033604 0.050003
6 0.336001 0.471227 0.032451 0.047975
3 0.468457 0.489691 0.037962 0.064896
6 0.545441 0.425723 0.030420 0.047930
6 0.581260 0.394766 0.029902 0.048320
6 0.663156 0.388262 0.031156 0.046732
0 0.477562 0.644837 0.034512 0.048568
9 0.602269 0.521576 0.037767 0.062773
11 0.672285 0.437700 0.044746 0.089033
0 0.713216 0.420137 0.031087 0.047331
0 0.482515 0.729644 0.035947 0.050166
6 0.608962 0.598957 0.033418 0.050980
5 0.648997 0.543910 0.045430 0.089036
0 0.724048 0.483524 0.032887 0.048662
