6 0.274901 0.349533 0.038271 0.062868
6 0.420884 0.354468 0.037783 0.063109
11 0.631497 0.376071 0.055632 0.130169
6 0.633665 0.445334 0.041009 0.068232
6 0.708784 0.448444 0.041781 0.067422
6 0.797288 0.500096 0.044577 0.067822
0 0.298135 0.539639 0.043060 0.070378
3 0.462179 0.533844 0.050615 0.098353
9 0.545615 0.537070 0.049655 0.093958
0 0.799565 0.559761 0.047067 0.073812
0 0.195719 0.592925 0.045898 0.073506
6 0.449007 0.600863 0.048314 0.074082
0 0.713618 0.611989 0.046572 0.074290
5 0.444510 0.632077 0.064053 0.144805
