7 0.351377 0.294541 0.042500 0.062070
6 0.237762 0.517865 0.040941 0.056458
6 0.328332 0.413942 0.037412 0.055059
6 0.444928 0.278882 0.033151 0.053454
11 0.474009 0.217904 0.045003 0.102148
3 0.479077 0.410854 0.042946 0.072952
6 0.584432 0.285062 0.033551 0.055072
9 0.607166 0.346820 0.041891 0.071035
6 0.672261 0.264020 0.034339 0.053587
0 0.525005 0.589230 0.039782 0.053682
0 0.734149 0.291074 0.034671 0.054479
0 0.550360 0.689852 0.041859 0.054958
6 0.662349 0.512031 0.038903 0.056478
0 0.762052 0.359805 0.036611 0.054590
5 0.731893 0.524378 0.054938 0.099941
1 0.799526 0.430430 0.047041 0.066061
