7 0.693633 0.609601 0.045918 0.074196
7 0.404123 0.568444 0.043617 0.070618
11 0.266590 0.524863 0.054111 0.119818
6 0.706061 0.570252 0.039277 0.065225
6 0.632640 0.560732 0.037214 0.062643
6 0.561685 0.549894 0.037347 0.062178
6 0.359098 0.520104 0.036348 0.060443
6 0.293234 0.513006 0.037874 0.060550
6 0.230187 0.503249 0.035947 0.059245
9 0.511670 0.492422 0.041699 0.080716
9 0.401576 0.436305 0.039017 0.078223
3 0.607340 0.425511 0.039590 0.078509
6 0.484025 0.420837 0.032992 0.056400
0 0.325939 0.368438 0.032087 0.053522
0 0.757075 0.390695 0.034508 0.056077
0 0.692174 0.383363 0.032754 0.054121
8 0.632329 0.369966 0.036826 0.070140
3 0.574595 0.362440 0.037386 0.074053
2 0.514305 0.355218 0.036214 0.069564
0 0.459819 0.356156 0.031553 0.052988
0 0.401447 0.348866 0.030550 0.052269
5 0.644230 0.324312 0.043942 0.106403
1 0.533898 0.332624 0.038278 0.058581
1 0.365796 0.312817 0.034189 0.057913
