7 0.801722 0.507054 0.039622 0.062936
7 0.583783 0.588455 0.041217 0.068460
11 0.460150 0.610060 0.052038 0.122581
6 0.760181 0.481785 0.033285 0.054984
6 0.709712 0.500926 0.033870 0.054880
6 0.655547 0.518993 0.034486 0.056917
6 0.486515 0.577777 0.034450 0.058861
6 0.428522 0.601366 0.036348 0.060791
6 0.365928 0.622202 0.038132 0.061709
9 0.566061 0.498807 0.038919 0.075824
9 0.420470 0.504357 0.038727 0.076208
3 0.549842 0.425991 0.035563 0.071702
8 0.502622 0.445968 0.035947 0.066338
6 0.449933 0.467235 0.030954 0.053122
0 0.252961 0.491950 0.034033 0.055280
0 0.586297 0.364315 0.028512 0.048538
0 0.537751 0.378517 0.028457 0.048708
0 0.492375 0.391286 0.028558 0.048809
3 0.446702 0.398260 0.034512 0.068382
2 0.391606 0.413560 0.034508 0.065505
0 0.343809 0.434463 0.031289 0.051393
0 0.287650 0.450465 0.032018 0.052591
5 0.464132 0.348423 0.041182 0.097204
1 0.373670 0.393577 0.035146 0.054993
1 0.209823 0.437751 0.037080 0.058646
