7 0.812938 0.307601 0.041299 0.068138
9 0.792275 0.377319 0.043711 0.089723
7 0.775067 0.425033 0.047451 0.075729
11 0.728916 0.550897 0.063112 0.142458
6 0.746030 0.301509 0.036221 0.060576
6 0.733849 0.337896 0.034821 0.061663
6 0.716769 0.377327 0.039014 0.063841
6 0.663843 0.511074 0.042100 0.069499
6 0.647923 0.564678 0.046302 0.073431
6 0.625981 0.619385 0.046670 0.075443
9 0.629253 0.394071 0.045439 0.089821
3 0.594188 0.308024 0.042178 0.083014
8 0.486709 0.377609 0.049173 0.076976
6 0.464146 0.423252 0.038675 0.064974
0 0.431320 0.260728 0.033219 0.057848
0 0.406330 0.294613 0.035081 0.058913
0 0.381266 0.327129 0.037904 0.060957
3 0.359588 0.353550 0.043714 0.084743
0 0.297256 0.443490 0.041126 0.066335
0 0.262161 0.491576 0.043040 0.068444
0 0.226048 0.541592 0.044577 0.070768
5 0.318607 0.291517 0.051992 0.120208
1 0.291919 0.351401 0.042979 0.070537
2 0.184797 0.473058 0.055120 0.084743
1 0.149749 0.521678 0.056940 0.080042
