7 0.866504 0.346696 0.041230 0.066432
11 0.772332 0.550763 0.059469 0.138317
6 0.800778 0.341152 0.036191 0.059355
6 0.786727 0.374119 0.035465 0.059274
6 0.769678 0.408055 0.037858 0.061110
6 0.712944 0.522451 0.042080 0.066816
6 0.698154 0.566460 0.041413 0.069020
6 0.675674 0.610750 0.042656 0.071097
3 0.524238 0.438034 0.046589 0.086849
9 0.504271 0.474141 0.045723 0.089342
0 0.371092 0.555272 0.041618 0.068460
0 0.493338 0.302174 0.032712 0.056699
0 0.468758 0.332629 0.034606 0.057230
5 0.443464 0.335195 0.047969 0.117448
6 0.423713 0.393962 0.035283 0.060514
7 0.368504 0.459764 0.043695 0.071416
0 0.336466 0.502845 0.039469 0.064948
1 0.358783 0.380160 0.039941 0.067025
1 0.294816 0.450080 0.044958 0.071032
