7 0.725304 0.485757 0.045693 0.059274
6 0.662443 0.318577 0.034215 0.049193
3 0.655701 0.366222 0.040166 0.065088
6 0.656061 0.425215 0.035866 0.049368
6 0.644206 0.605711 0.038105 0.048571
11 0.647853 0.660817 0.057171 0.086849
6 0.495951 0.654487 0.038984 0.049450
6 0.488377 0.727928 0.039411 0.050459
9 0.437028 0.578797 0.044303 0.064072
0 0.408726 0.351250 0.033792 0.050247
0 0.334308 0.714422 0.040837 0.050498
0 0.357853 0.296157 0.032620 0.050459
6 0.324375 0.451452 0.035749 0.049993
0 0.280145 0.637697 0.040264 0.050166
5 0.254027 0.431418 0.055677 0.092946
1 0.221491 0.564710 0.048984 0.061159
