7 0.181079 0.366035 0.037679 0.059512
7 0.399673 0.282650 0.034561 0.057526
11 0.499209 0.229909 0.040931 0.092311
6 0.209163 0.410941 0.034225 0.051536
6 0.267572 0.386206 0.033086 0.051390
6 0.325195 0.365316 0.032552 0.050195
6 0.482132 0.303359 0.029824 0.049329
6 0.528345 0.282650 0.029756 0.049128
6 0.575138 0.263831 0.029092 0.047331
9 0.410433 0.377495 0.037676 0.066624
9 0.549891 0.372002 0.036715 0.066146
3 0.424217 0.488060 0.039782 0.067773
8 0.476523 0.460897 0.039941 0.065505
6 0.529502 0.443293 0.031953 0.049847
0 0.719338 0.416012 0.034827 0.049687
0 0.371436 0.648496 0.037624 0.052962
0 0.436453 0.615897 0.036813 0.051924
0 0.493187 0.588257 0.035788 0.052406
3 0.546004 0.551317 0.040980 0.068460
0 0.653721 0.505824 0.034876 0.049935
0 0.707028 0.480617 0.036113 0.050094
5 0.531704 0.622430 0.050153 0.093636
1 0.639103 0.576410 0.044495 0.062148
2 0.753805 0.517422 0.048027 0.068730
1 0.799312 0.496838 0.047132 0.058981
