6 0.773682 0.632671 0.048411 0.074294
6 0.597868 0.599561 0.045534 0.071497
11 0.390661 0.474313 0.060046 0.127962
6 0.413455 0.449714 0.040420 0.065586
6 0.344451 0.437970 0.040179 0.064385
6 0.297718 0.379129 0.039303 0.064066
0 0.753618 0.403439 0.040550 0.066527
9 0.533118 0.361506 0.046003 0.087425
0 0.330360 0.335106 0.039463 0.062790
0 0.846273 0.369823 0.041061 0.065667
6 0.627114 0.340067 0.039476 0.062907
3 0.554837 0.322529 0.044290 0.085814
0 0.420573 0.307648 0.037064 0.062308
5 0.641587 0.271146 0.049971 0.122441
