7 0.217412 0.376213 0.036745 0.058395
9 0.335241 0.346855 0.034909 0.067741
7 0.390454 0.342557 0.034749 0.057770
11 0.553918 0.289774 0.040550 0.097008
6 0.229860 0.413026 0.032754 0.052790
6 0.291032 0.399214 0.031953 0.052204
6 0.351312 0.387959 0.031289 0.051536
6 0.520553 0.352371 0.029512 0.050648
6 0.572799 0.339733 0.029733 0.049375
6 0.624953 0.328304 0.030023 0.049727
8 0.367505 0.415371 0.036826 0.068542
9 0.423123 0.402287 0.037152 0.070615
6 0.444165 0.444126 0.032340 0.054033
8 0.526574 0.461929 0.038031 0.069658
2 0.420384 0.535827 0.041029 0.074674
0 0.304199 0.621138 0.038184 0.059593
0 0.378451 0.601693 0.037227 0.058392
0 0.445345 0.583944 0.035469 0.058955
3 0.506776 0.557342 0.041221 0.077965
0 0.634466 0.534486 0.036263 0.056165
0 0.698651 0.518791 0.036038 0.056637
0 0.758784 0.502150 0.035947 0.056253
5 0.467340 0.610212 0.053008 0.114434
1 0.535799 0.608211 0.042445 0.070055
3 0.667835 0.569987 0.043138 0.080521
2 0.733221 0.554090 0.042900 0.076689
1 0.790653 0.542892 0.043330 0.066527
