7 0.301248 0.356969 0.044202 0.066237
6 0.228255 0.556540 0.043327 0.067389
3 0.271156 0.492581 0.050501 0.089954
6 0.303066 0.454686 0.039076 0.064105
6 0.393395 0.332764 0.033952 0.057435
11 0.412223 0.274447 0.047487 0.112227
6 0.534271 0.318065 0.033418 0.057581
6 0.553438 0.282327 0.032897 0.055807
9 0.574642 0.356061 0.042272 0.080716
0 0.558089 0.566470 0.043268 0.066969
0 0.679364 0.303008 0.033949 0.057194
0 0.614442 0.648424 0.046331 0.071895
6 0.675443 0.479985 0.041029 0.065186
0 0.725998 0.349334 0.036149 0.059313
5 0.752944 0.466637 0.056598 0.125339
1 0.782355 0.395928 0.046221 0.070553
