7 0.675783 0.666188 0.052223 0.087194
9 0.512677 0.619912 0.050960 0.099733
10 0.443128 0.593385 0.057148 0.119954
7 0.304977 0.575371 0.048887 0.076400
11 0.234676 0.532516 0.061012 0.131842
6 0.703058 0.622887 0.045114 0.073652
6 0.622764 0.605265 0.043145 0.071416
6 0.547891 0.586553 0.041296 0.070169
6 0.343228 0.537837 0.038877 0.065505
6 0.279131 0.525308 0.038665 0.064788
6 0.218411 0.510713 0.036107 0.063509
8 0.579036 0.538867 0.045332 0.086081
9 0.513875 0.522560 0.044977 0.089495
8 0.379624 0.496315 0.042946 0.081673
6 0.542839 0.494474 0.037344 0.062575
0 0.511948 0.448436 0.035205 0.060231
2 0.663092 0.435366 0.042467 0.078031
4 0.422560 0.383208 0.044977 0.095133
0 0.812570 0.437860 0.037145 0.060869
0 0.742640 0.425877 0.035547 0.059274
0 0.678117 0.414629 0.035706 0.058477
3 0.619666 0.396322 0.040452 0.080332
0 0.504954 0.385029 0.032676 0.055918
0 0.448626 0.374784 0.032565 0.055309
0 0.394574 0.365174 0.032617 0.054528
5 0.700780 0.361823 0.047393 0.114342
1 0.640262 0.376006 0.038011 0.062376
3 0.528039 0.349157 0.037067 0.074850
2 0.473592 0.342801 0.036266 0.068532
1 0.425044 0.338963 0.035309 0.058877
