7 0.173169 0.465833 0.042803 0.059043
8 0.218205 0.424469 0.041208 0.065104
9 0.262689 0.387700 0.036667 0.064385
10 0.301087 0.348988 0.044056 0.081328
11 0.339408 0.311138 0.042793 0.092347
9 0.373358 0.293548 0.033551 0.063307
8 0.410130 0.266989 0.031953 0.058874
7 0.440369 0.242814 0.031396 0.053089
6 0.221562 0.497782 0.034284 0.051038
6 0.266009 0.456704 0.032819 0.050062
6 0.309507 0.419790 0.031898 0.050205
6 0.349813 0.385550 0.030290 0.048984
6 0.422285 0.320968 0.028789 0.047881
6 0.452736 0.291143 0.027848 0.046602
6 0.483830 0.263896 0.026826 0.045534
6 0.490695 0.463939 0.031820 0.048529
0 0.525978 0.427772 0.031240 0.049242
0 0.484997 0.661076 0.037865 0.053682
0 0.527671 0.607638 0.036279 0.051592
0 0.564767 0.561201 0.035225 0.052480
0 0.660662 0.441453 0.032673 0.049209
0 0.691134 0.404676 0.032021 0.049066
0 0.717964 0.370197 0.030622 0.048662
1 0.545122 0.695820 0.043610 0.065664
2 0.585827 0.639731 0.044746 0.068675
3 0.623241 0.589040 0.042191 0.070456
4 0.657962 0.536864 0.051094 0.087523
5 0.690023 0.488475 0.052917 0.095244
3 0.719850 0.459544 0.040605 0.069251
2 0.749854 0.423128 0.045215 0.063105
1 0.773285 0.392769 0.042533 0.056917
