7 0.808809 0.251143 0.047376 0.068079
9 0.782850 0.389095 0.049176 0.072181
10 0.767095 0.453805 0.058896 0.089609
7 0.734642 0.614491 0.052246 0.064131
11 0.715067 0.695120 0.061566 0.084479
6 0.733867 0.243646 0.040820 0.057194
6 0.720218 0.311475 0.040475 0.055788
6 0.702544 0.381813 0.042464 0.054928
6 0.649287 0.604816 0.042656 0.050407
6 0.635690 0.685309 0.045247 0.052435
6 0.616497 0.767277 0.045534 0.049528
8 0.624183 0.366769 0.050039 0.063844
9 0.609824 0.431388 0.048971 0.068636
8 0.569707 0.588807 0.057279 0.059515
6 0.531665 0.423032 0.040439 0.053096
0 0.437531 0.476569 0.044242 0.053275
4 0.363895 0.703919 0.078799 0.077995
2 0.399619 0.323851 0.056270 0.067487
0 0.379237 0.193760 0.040739 0.056387
0 0.356610 0.259098 0.042406 0.054922
0 0.335457 0.323613 0.043213 0.054642
3 0.316729 0.382422 0.054258 0.065762
0 0.268138 0.524989 0.048171 0.050804
0 0.241986 0.601846 0.050566 0.050247
0 0.216916 0.679269 0.051956 0.049274
5 0.259966 0.294572 0.072054 0.098285
1 0.242743 0.373617 0.055439 0.065742
3 0.191024 0.512505 0.059814 0.061657
2 0.160295 0.587209 0.068538 0.059339
1 0.138719 0.657378 0.067868 0.060622
