7 0.350218 0.546813 0.047370 0.073574
6 0.652056 0.612358 0.042568 0.066383
6 0.517231 0.556120 0.039704 0.064388
11 0.382979 0.418499 0.054408 0.114342
6 0.420929 0.402629 0.035947 0.058317
6 0.368034 0.382332 0.033073 0.057516
9 0.459331 0.357892 0.040452 0.079854
6 0.351842 0.326646 0.034616 0.056917
0 0.729971 0.413454 0.036986 0.060312
0 0.394670 0.293563 0.034450 0.055531
0 0.827676 0.397798 0.037624 0.061273
6 0.645521 0.338403 0.036615 0.058115
3 0.585890 0.312874 0.039463 0.077806
0 0.480775 0.281585 0.032884 0.056387
5 0.675228 0.279346 0.047070 0.111673
1 0.566217 0.264056 0.038424 0.063750
