7 0.252233 0.467912 0.040423 0.054801
8 0.285771 0.428532 0.039076 0.059115
9 0.320329 0.392337 0.034551 0.059447
10 0.349006 0.355218 0.042848 0.074674
11 0.377871 0.318573 0.042793 0.085238
9 0.405584 0.300977 0.030687 0.058314
8 0.433719 0.274938 0.029958 0.053424
7 0.457039 0.250890 0.028512 0.047653
6 0.300584 0.489100 0.031481 0.047386
6 0.333882 0.450163 0.030622 0.046543
6 0.367588 0.414419 0.028958 0.046266
6 0.398044 0.381213 0.027493 0.044867
6 0.452568 0.318719 0.025964 0.043825
6 0.475324 0.290265 0.025296 0.043604
6 0.499289 0.263625 0.024430 0.041872
6 0.516566 0.376021 0.027513 0.045322
0 0.562109 0.394834 0.028626 0.046465
0 0.560970 0.591351 0.033822 0.050729
0 0.590955 0.543179 0.032620 0.048330
0 0.617186 0.500854 0.032119 0.049261
0 0.641852 0.461759 0.031569 0.047770
0 0.685487 0.390461 0.030094 0.046676
0 0.707033 0.356237 0.029157 0.046068
0 0.725941 0.324465 0.027507 0.045212
1 0.620378 0.612609 0.039876 0.062178
2 0.648032 0.562458 0.040068 0.062598
3 0.674425 0.514539 0.038343 0.067184
4 0.696260 0.467297 0.043522 0.082249
5 0.718656 0.422746 0.040951 0.090876
3 0.740475 0.397126 0.034922 0.064785
2 0.761515 0.365213 0.035628 0.057438
1 0.777043 0.337077 0.034150 0.052259
