7 0.746794 0.326764 0.034512 0.053763
8 0.730391 0.360060 0.037396 0.060791
9 0.711717 0.394347 0.035387 0.067262
10 0.692233 0.425866 0.040547 0.083783
11 0.669185 0.462440 0.045550 0.096240
9 0.648713 0.517215 0.039541 0.069671
8 0.620090 0.566400 0.040264 0.063750
7 0.596719 0.619696 0.042272 0.063844
6 0.695308 0.315822 0.029157 0.046930
6 0.676982 0.350177 0.029089 0.047399
6 0.655221 0.386053 0.030514 0.048727
6 0.632201 0.422106 0.030156 0.049063
6 0.584084 0.505760 0.032783 0.049984
6 0.561178 0.552331 0.033620 0.051725
6 0.533242 0.598962 0.034837 0.052591
6 0.501221 0.429159 0.030013 0.048708
0 0.479663 0.375116 0.029346 0.047985
0 0.452412 0.407383 0.029909 0.048496
0 0.459504 0.255013 0.026351 0.044935
0 0.433869 0.285282 0.027074 0.045101
0 0.408254 0.315710 0.028024 0.046198
0 0.324432 0.416001 0.031611 0.048044
0 0.290373 0.455871 0.033949 0.048662
0 0.256449 0.497459 0.035085 0.050133
1 0.416475 0.241676 0.030221 0.049661
2 0.389813 0.267438 0.032419 0.055983
3 0.363006 0.294998 0.032087 0.060381
4 0.333005 0.320062 0.042897 0.075970
5 0.304009 0.348200 0.048219 0.090684
3 0.272923 0.395672 0.038262 0.063109
2 0.236375 0.435319 0.044176 0.061113
1 0.204463 0.474710 0.044935 0.057448
