6 0.244899 0.516377 0.036146 0.059714
6 0.312487 0.450553 0.033750 0.056517
11 0.450848 0.354681 0.043135 0.103529
6 0.503201 0.383050 0.030023 0.052721
6 0.526562 0.357728 0.030273 0.052083
7 0.533392 0.419277 0.037148 0.061211
9 0.555578 0.385080 0.038499 0.072295
6 0.600659 0.339588 0.030557 0.050993
0 0.516655 0.530968 0.035615 0.059313
1 0.612596 0.401737 0.036344 0.060648
0 0.658148 0.350031 0.030234 0.052145
0 0.553084 0.583535 0.038024 0.062708
6 0.626457 0.476574 0.034215 0.057848
3 0.645511 0.433947 0.039688 0.077262
0 0.691672 0.385866 0.032673 0.053255
5 0.689971 0.461366 0.047897 0.113330
