6 0.770073 0.227607 0.040452 0.062982
6 0.748556 0.334565 0.041507 0.064417
11 0.565514 0.393228 0.061152 0.122855
6 0.547635 0.481924 0.043857 0.065983
6 0.528944 0.544616 0.044495 0.065905
6 0.425661 0.601133 0.047643 0.070169
0 0.466585 0.230130 0.039225 0.063587
3 0.429806 0.326449 0.049463 0.087617
9 0.409723 0.383634 0.050612 0.088493
0 0.333493 0.582666 0.047741 0.069479
0 0.414451 0.169069 0.038480 0.063177
6 0.356304 0.320615 0.040407 0.064785
5 0.331165 0.351772 0.058639 0.125726
0 0.280535 0.500033 0.046572 0.067422
