7 0.210070 0.331335 0.039144 0.057435
9 0.327747 0.298045 0.035306 0.064626
10 0.381245 0.279233 0.040342 0.081403
11 0.435190 0.259642 0.040492 0.093522
9 0.485195 0.258353 0.033483 0.064505
8 0.538465 0.248343 0.033232 0.062227
7 0.587199 0.238115 0.032152 0.054922
6 0.225226 0.375106 0.033011 0.050205
6 0.285659 0.358294 0.031820 0.049928
6 0.345312 0.344567 0.032487 0.049206
6 0.401922 0.330692 0.030290 0.049261
6 0.511170 0.302773 0.029424 0.049063
6 0.561453 0.288231 0.029456 0.047542
6 0.611813 0.275404 0.029069 0.047096
8 0.363079 0.378836 0.037012 0.066637
4 0.468371 0.446400 0.043903 0.082246
0 0.519627 0.443333 0.033317 0.050020
0 0.310796 0.626152 0.038662 0.052402
0 0.384338 0.602179 0.037783 0.052243
0 0.451025 0.579842 0.036621 0.053109
0 0.633750 0.519660 0.035866 0.050726
0 0.695199 0.500667 0.035710 0.051270
0 0.752969 0.480876 0.037148 0.051126
1 0.330155 0.685042 0.047048 0.065456
2 0.404847 0.655846 0.045781 0.074310
3 0.474660 0.633577 0.044059 0.070169
5 0.606058 0.577026 0.053145 0.093727
3 0.669917 0.566589 0.044385 0.069499
2 0.733779 0.544359 0.047546 0.070840
1 0.788724 0.529238 0.048568 0.060553
