7 0.651004 0.551126 0.043857 0.069577
11 0.462720 0.620337 0.055674 0.117217
6 0.768628 0.434754 0.034150 0.056650
3 0.712803 0.449771 0.041061 0.075010
6 0.662484 0.484683 0.036237 0.058187
6 0.487944 0.564119 0.037080 0.059580
6 0.360986 0.625498 0.040501 0.062467
6 0.360500 0.507327 0.036188 0.057357
9 0.388442 0.436978 0.040452 0.076976
0 0.236401 0.454622 0.035225 0.056530
0 0.581206 0.285729 0.029235 0.049928
0 0.531927 0.304092 0.029681 0.050540
5 0.484450 0.297832 0.041068 0.101921
6 0.437430 0.340286 0.030355 0.052389
0 0.271494 0.400122 0.033470 0.054242
1 0.298223 0.346105 0.037467 0.059515
