7 0.358159 0.549416 0.044333 0.068779
6 0.565309 0.625897 0.040410 0.063988
3 0.512630 0.575754 0.044193 0.082249
6 0.461289 0.550786 0.037214 0.059912
6 0.330480 0.455732 0.034150 0.055254
11 0.286390 0.409666 0.051634 0.106292
6 0.254525 0.403641 0.032155 0.052523
6 0.389079 0.377965 0.031895 0.052057
9 0.469253 0.369095 0.036904 0.072214
0 0.694185 0.456517 0.034951 0.055651
0 0.437371 0.309139 0.029157 0.049528
0 0.788141 0.457915 0.035215 0.056383
6 0.639168 0.379336 0.032562 0.052754
0 0.513154 0.310765 0.028405 0.049538
5 0.675633 0.331571 0.042100 0.101462
1 0.590090 0.306689 0.034085 0.055586
