7 0.183717 0.335791 0.040579 0.065664
7 0.444577 0.295685 0.038184 0.064938
11 0.568688 0.255822 0.046934 0.110661
6 0.194670 0.377137 0.037223 0.059678
6 0.264757 0.364963 0.035615 0.059580
6 0.333337 0.355731 0.036016 0.058180
6 0.527848 0.324307 0.033743 0.057708
6 0.587793 0.313377 0.034349 0.056051
6 0.647899 0.302952 0.034150 0.055853
9 0.416385 0.374562 0.042275 0.080713
9 0.572310 0.389766 0.042907 0.081445
3 0.476577 0.503576 0.048219 0.088298
6 0.545630 0.504891 0.039144 0.063428
0 0.755368 0.460578 0.038945 0.061774
0 0.263610 0.609377 0.043424 0.067679
0 0.347736 0.592275 0.041989 0.066621
5 0.422217 0.555493 0.057285 0.125752
3 0.494873 0.550096 0.047363 0.088623
2 0.574526 0.539346 0.047451 0.086178
0 0.640947 0.531842 0.040898 0.064225
0 0.714277 0.518389 0.039980 0.063971
1 0.590853 0.593537 0.048984 0.077360
1 0.816180 0.549453 0.049463 0.075690
