7 0.157620 0.561816 0.049850 0.067676
9 0.218521 0.447454 0.043135 0.071224
4 0.247114 0.389557 0.053838 0.092070
7 0.296561 0.309647 0.040934 0.063076
11 0.321436 0.247873 0.047279 0.099847
6 0.227910 0.582848 0.040501 0.057116
6 0.256496 0.523208 0.037868 0.056462
6 0.285726 0.468680 0.037214 0.055452
6 0.360060 0.322570 0.034111 0.054242
6 0.378633 0.279959 0.033118 0.052822
6 0.399544 0.239313 0.031947 0.052454
8 0.350243 0.478955 0.045055 0.068444
9 0.373805 0.428503 0.042370 0.071706
6 0.441509 0.446453 0.035628 0.055758
8 0.527959 0.404300 0.044538 0.067168
2 0.557521 0.530306 0.044098 0.068346
0 0.588071 0.671639 0.040661 0.057835
0 0.607956 0.604041 0.039460 0.055758
0 0.625259 0.544919 0.038981 0.056797
3 0.637948 0.484033 0.043617 0.074388
0 0.670868 0.390187 0.035309 0.054209
0 0.685618 0.341991 0.034831 0.054229
0 0.698517 0.296174 0.033949 0.053929
5 0.697500 0.545047 0.054870 0.103415
1 0.711121 0.500485 0.041527 0.067064
3 0.739316 0.393099 0.042819 0.074212
2 0.754342 0.348335 0.044095 0.065758
1 0.763569 0.306611 0.042100 0.061829
