7 0.184753 0.399578 0.039870 0.062549
7 0.356522 0.341073 0.035869 0.060231
11 0.511193 0.267026 0.040837 0.100654
6 0.212087 0.436499 0.034883 0.055785
6 0.272716 0.413200 0.033883 0.055189
6 0.331929 0.393154 0.033454 0.054160
6 0.493538 0.334818 0.030358 0.052246
6 0.541328 0.315576 0.030456 0.051868
6 0.588755 0.297812 0.030179 0.051315
9 0.418638 0.397454 0.038057 0.073620
3 0.430697 0.491885 0.041699 0.079180
8 0.485397 0.467743 0.040501 0.072933
6 0.541707 0.451719 0.033792 0.055521
9 0.646497 0.398786 0.038919 0.071706
0 0.371927 0.642059 0.041009 0.063109
0 0.442062 0.609588 0.038727 0.061064
0 0.503249 0.582554 0.037611 0.060980
3 0.559152 0.543564 0.043942 0.081790
0 0.674316 0.502197 0.037383 0.057845
0 0.730326 0.477713 0.037012 0.056917
0 0.781680 0.452630 0.035788 0.056400
5 0.544435 0.603605 0.054665 0.117607
1 0.658146 0.565985 0.045055 0.071130
2 0.780033 0.507790 0.045632 0.076784
1 0.828556 0.487975 0.045244 0.067103
