6 0.787606 0.467521 0.040947 0.063910
6 0.653713 0.519891 0.041781 0.064307
11 0.409544 0.523234 0.057839 0.122165
6 0.372236 0.498203 0.040488 0.063828
6 0.302899 0.523379 0.041227 0.063516
9 0.341652 0.441387 0.046683 0.086947
6 0.194492 0.500863 0.042083 0.066048
0 0.566320 0.320168 0.036585 0.060231
7 0.379404 0.384484 0.044479 0.070648
1 0.310540 0.403797 0.046016 0.073252
0 0.166017 0.450389 0.041527 0.065225
0 0.592874 0.262723 0.035788 0.058955
6 0.413110 0.322498 0.036585 0.060394
3 0.349240 0.336953 0.043024 0.081673
0 0.211429 0.385153 0.038743 0.062708
5 0.379137 0.259440 0.049199 0.116615
