6 0.782477 0.509131 0.042018 0.064147
6 0.628452 0.536514 0.042178 0.063555
3 0.512793 0.432052 0.045781 0.080869
6 0.366707 0.464077 0.040023 0.061670
6 0.284497 0.423102 0.039209 0.062214
6 0.204206 0.435514 0.041641 0.063385
0 0.616058 0.324136 0.036549 0.059515
9 0.412533 0.345422 0.042852 0.081481
11 0.272790 0.354730 0.053698 0.116504
0 0.198146 0.383071 0.039919 0.060967
0 0.663468 0.272386 0.035758 0.058516
6 0.468973 0.302311 0.035628 0.058555
5 0.401649 0.287410 0.050270 0.115264
0 0.262152 0.329714 0.036042 0.060104
