7 0.552243 0.342669 0.028958 0.048861
9 0.611724 0.382225 0.031689 0.062445
10 0.640477 0.399867 0.038187 0.077969
7 0.706538 0.461410 0.034482 0.055521
11 0.744320 0.473060 0.041641 0.097318
6 0.511605 0.358966 0.027461 0.044157
6 0.539875 0.381457 0.026351 0.044880
6 0.567769 0.405623 0.027894 0.046533
9 0.630890 0.448556 0.033870 0.065264
6 0.663029 0.483691 0.030225 0.048796
6 0.700965 0.511536 0.033291 0.050059
6 0.736846 0.541279 0.031621 0.051647
8 0.524468 0.415804 0.031794 0.058874
8 0.618561 0.495173 0.035482 0.064772
6 0.505798 0.461676 0.028848 0.048171
0 0.486118 0.507347 0.030635 0.049674
2 0.379403 0.466483 0.035283 0.060700
4 0.435519 0.517700 0.040550 0.083975
0 0.284832 0.436011 0.028896 0.047432
0 0.310244 0.463981 0.030345 0.048210
0 0.335086 0.491646 0.030622 0.049593
3 0.362214 0.509932 0.036680 0.068301
0 0.417072 0.581112 0.032673 0.052868
0 0.448501 0.617694 0.033311 0.054639
0 0.483104 0.653976 0.035348 0.056318
5 0.281828 0.488493 0.044001 0.098737
1 0.309230 0.536532 0.036748 0.059352
3 0.362993 0.598573 0.040941 0.074079
2 0.393073 0.637599 0.040417 0.070459
1 0.423224 0.676177 0.040661 0.066383
