6 0.258602 0.554552 0.045374 0.076370
6 0.328507 0.473184 0.042100 0.070299
11 0.523841 0.390026 0.056458 0.132240
6 0.545920 0.384238 0.038011 0.064635
6 0.565645 0.356024 0.039544 0.062640
6 0.650614 0.331204 0.036611 0.061510
0 0.608649 0.550625 0.045632 0.075059
3 0.649648 0.457463 0.049349 0.098239
9 0.668050 0.422285 0.050033 0.093294
0 0.723236 0.338804 0.036829 0.062386
0 0.672596 0.610796 0.048792 0.081292
6 0.727495 0.479878 0.042738 0.072614
0 0.775456 0.374855 0.038984 0.065023
5 0.810160 0.453735 0.060228 0.144710
