7 0.606689 0.419364 0.031087 0.047796
8 0.626463 0.436707 0.035160 0.055999
9 0.644982 0.455539 0.033682 0.064639
10 0.664297 0.472272 0.041061 0.081882
11 0.686768 0.488861 0.043483 0.102702
9 0.713071 0.530614 0.039222 0.073812
8 0.738078 0.566191 0.041221 0.069258
7 0.770542 0.603211 0.043538 0.066702
6 0.559937 0.425612 0.026286 0.043991
6 0.577153 0.446672 0.026462 0.044600
6 0.593184 0.469412 0.028092 0.047197
6 0.610824 0.492661 0.029180 0.049150
6 0.654043 0.549015 0.032422 0.053454
6 0.681449 0.580594 0.034759 0.056325
6 0.707697 0.615065 0.035283 0.059447
4 0.448021 0.495615 0.038249 0.085124
0 0.461032 0.534980 0.031777 0.053587
0 0.314338 0.448421 0.027757 0.047064
0 0.320495 0.472467 0.029622 0.048132
0 0.326847 0.497363 0.030811 0.050977
0 0.351278 0.584850 0.035081 0.057982
0 0.360627 0.623268 0.037705 0.062389
0 0.372616 0.663958 0.039684 0.065221
1 0.260923 0.451104 0.032686 0.051725
2 0.264383 0.472000 0.034827 0.061032
3 0.266950 0.493273 0.035632 0.071182
5 0.279499 0.535174 0.047624 0.112913
3 0.283302 0.585965 0.043252 0.082132
2 0.288691 0.629378 0.044479 0.076113
1 0.296777 0.670049 0.046732 0.075013
