7 0.402603 0.333063 0.037946 0.062643
11 0.581237 0.286006 0.043483 0.107786
6 0.216514 0.404132 0.035814 0.058714
3 0.287342 0.385682 0.040837 0.080062
6 0.352056 0.382677 0.034352 0.057249
6 0.541030 0.352142 0.033089 0.056120
6 0.657231 0.331540 0.033018 0.054388
6 0.641813 0.413831 0.034948 0.058848
9 0.600908 0.459875 0.042754 0.080706
0 0.766146 0.490700 0.039010 0.061243
0 0.261011 0.649774 0.044671 0.068636
0 0.349051 0.631481 0.043617 0.066862
6 0.502181 0.597596 0.043704 0.067965
0 0.726471 0.551971 0.040872 0.064105
5 0.528301 0.630413 0.060599 0.130293
1 0.687363 0.618968 0.050137 0.079850
