7 0.554867 0.693464 0.042083 0.064336
9 0.435575 0.627591 0.041859 0.067422
7 0.384622 0.598656 0.041673 0.060566
11 0.223682 0.499427 0.056478 0.092142
6 0.591081 0.645615 0.037878 0.053320
6 0.531527 0.615202 0.034902 0.051764
6 0.475326 0.583657 0.034225 0.051702
6 0.318457 0.498826 0.033314 0.050407
6 0.267964 0.475285 0.034118 0.049541
6 0.221379 0.449621 0.033617 0.049196
8 0.511688 0.531787 0.039385 0.068060
9 0.461921 0.507078 0.039062 0.065583
6 0.496185 0.467524 0.032897 0.049040
2 0.473822 0.395785 0.036348 0.066224
0 0.750968 0.422660 0.033083 0.050794
0 0.693280 0.397529 0.031820 0.049395
0 0.642998 0.374245 0.031452 0.049596
3 0.591001 0.348174 0.036149 0.065371
0 0.494876 0.310161 0.030215 0.048102
0 0.447430 0.288652 0.029678 0.048724
0 0.400892 0.268732 0.030020 0.047321
5 0.671296 0.320550 0.043021 0.092832
1 0.619180 0.314637 0.034616 0.056253
3 0.523662 0.268050 0.033952 0.065026
2 0.476940 0.248102 0.033073 0.062598
1 0.434489 0.234154 0.031953 0.055117
