7 0.360544 0.322806 0.041406 0.067435
11 0.553188 0.270649 0.050934 0.118851
6 0.167404 0.391740 0.039144 0.064762
6 0.240679 0.379310 0.037679 0.063574
6 0.313120 0.369299 0.037627 0.062575
6 0.514572 0.337661 0.036025 0.060954
6 0.575850 0.326452 0.035280 0.059779
6 0.637134 0.316302 0.035817 0.059180
3 0.527863 0.439575 0.046702 0.092373
9 0.593018 0.427140 0.045918 0.089150
0 0.767012 0.452630 0.040182 0.066621
0 0.263898 0.601063 0.046572 0.075251
0 0.352347 0.582785 0.044961 0.072757
5 0.431035 0.539251 0.060130 0.141628
6 0.505505 0.549800 0.043216 0.071735
0 0.731263 0.504946 0.043040 0.069307
1 0.698363 0.560407 0.051074 0.083236
