7 0.651943 0.639222 0.044766 0.072279
11 0.260076 0.509775 0.050107 0.114160
6 0.674691 0.600047 0.039941 0.062549
6 0.605791 0.582746 0.036921 0.060472
6 0.539883 0.563680 0.036081 0.060244
6 0.352816 0.512264 0.034831 0.058154
6 0.292534 0.498114 0.035225 0.057360
6 0.236232 0.482246 0.035934 0.056517
9 0.503612 0.500293 0.040420 0.077799
3 0.411904 0.432826 0.038424 0.073971
0 0.355539 0.353270 0.031618 0.052204
0 0.774229 0.418340 0.034167 0.055352
0 0.710806 0.404188 0.032673 0.053363
5 0.655903 0.367070 0.044287 0.106289
6 0.597803 0.379276 0.031608 0.052790
7 0.489536 0.351385 0.035550 0.057835
0 0.432881 0.339823 0.030788 0.051702
1 0.619411 0.346152 0.036667 0.059193
1 0.406097 0.298387 0.033887 0.057783
