7 0.791356 0.347489 0.038877 0.062308
7 0.756546 0.505488 0.042754 0.070072
11 0.733812 0.579416 0.056322 0.123962
6 0.728621 0.344720 0.035140 0.055254
6 0.720013 0.381047 0.033353 0.056182
6 0.707990 0.419325 0.035680 0.057451
6 0.670851 0.545846 0.037881 0.061712
6 0.662583 0.593937 0.040277 0.064372
6 0.647578 0.643529 0.040260 0.065905
9 0.629676 0.442067 0.041891 0.080332
9 0.528771 0.518717 0.043714 0.081445
3 0.436535 0.420431 0.040452 0.077744
0 0.350050 0.603244 0.040420 0.064307
0 0.430177 0.317127 0.032809 0.053988
0 0.412036 0.352126 0.032503 0.053275
5 0.390778 0.361536 0.046243 0.109512
6 0.376613 0.422131 0.035068 0.057119
2 0.350259 0.456823 0.043376 0.073014
0 0.332847 0.501631 0.037373 0.059434
0 0.308107 0.547384 0.038343 0.061351
1 0.292471 0.447310 0.041139 0.065186
1 0.212002 0.580443 0.049466 0.072279
