7 0.600519 0.572279 0.044176 0.071257
6 0.772739 0.444648 0.035628 0.057917
6 0.666636 0.490674 0.036331 0.059818
11 0.457944 0.501462 0.051650 0.118483
6 0.418213 0.493524 0.035215 0.058779
6 0.360964 0.515794 0.036745 0.059355
3 0.549160 0.387459 0.038984 0.077008
9 0.383602 0.451354 0.040550 0.080618
6 0.261367 0.506470 0.037812 0.061377
0 0.558739 0.353538 0.033311 0.054076
0 0.226576 0.471994 0.036908 0.059834
0 0.572575 0.311076 0.031087 0.052523
6 0.425109 0.364230 0.032555 0.054854
0 0.256729 0.422287 0.034818 0.057314
5 0.389064 0.314546 0.043825 0.107210
1 0.279827 0.371680 0.037611 0.062773
