7 0.437725 0.607889 0.042539 0.069899
11 0.252373 0.542020 0.050384 0.120231
6 0.668874 0.617549 0.037865 0.064147
3 0.599596 0.591090 0.043600 0.086400
6 0.533050 0.589551 0.036667 0.062311
6 0.346383 0.550094 0.035150 0.059434
6 0.286364 0.539657 0.035417 0.058981
6 0.229561 0.527394 0.034629 0.057848
9 0.432412 0.458524 0.036986 0.074932
0 0.353164 0.423307 0.031289 0.052201
0 0.767339 0.471626 0.033311 0.055199
0 0.704352 0.460708 0.032064 0.053923
5 0.649910 0.425495 0.042907 0.108014
6 0.593065 0.441925 0.030400 0.052757
0 0.430195 0.412109 0.030358 0.050859
1 0.504167 0.396844 0.034284 0.055986
