7 0.656909 0.634334 0.042848 0.068923
9 0.523374 0.599079 0.040420 0.078366
10 0.465409 0.577957 0.045439 0.094710
11 0.406328 0.557160 0.046517 0.107679
9 0.349827 0.559897 0.038424 0.074294
8 0.295435 0.546182 0.038981 0.069421
7 0.241258 0.539875 0.040420 0.059281
6 0.674053 0.596699 0.036146 0.058314
6 0.608550 0.583359 0.033818 0.056185
6 0.546333 0.568529 0.034072 0.055143
6 0.488896 0.554562 0.032220 0.054255
6 0.378024 0.530238 0.031354 0.052324
6 0.324687 0.520594 0.030957 0.051585
6 0.275405 0.509082 0.030622 0.050482
8 0.567941 0.527355 0.035882 0.068643
0 0.505607 0.451325 0.028630 0.047598
4 0.521899 0.412609 0.038441 0.077360
0 0.741488 0.438022 0.029492 0.047464
0 0.685824 0.428921 0.029069 0.046657
0 0.634365 0.420137 0.027826 0.046133
0 0.494041 0.397145 0.026572 0.044212
0 0.448099 0.389180 0.025742 0.043880
0 0.403840 0.381678 0.026572 0.043271
1 0.753841 0.411839 0.032396 0.051426
2 0.699678 0.398949 0.032910 0.059434
3 0.650146 0.389163 0.032520 0.062389
5 0.555037 0.362196 0.035563 0.088669
3 0.509466 0.367181 0.030423 0.059382
2 0.465371 0.362069 0.029225 0.054867
1 0.426024 0.359188 0.027790 0.047373
