7 0.400964 0.302254 0.038809 0.062842
6 0.167518 0.394920 0.036279 0.060381
6 0.301657 0.363944 0.035788 0.058473
11 0.541068 0.281071 0.046243 0.112917
6 0.540000 0.381221 0.035365 0.059818
6 0.598130 0.366699 0.034268 0.059512
3 0.366989 0.459888 0.044961 0.085986
9 0.567222 0.408065 0.042562 0.082152
6 0.692227 0.383084 0.036283 0.059046
0 0.326828 0.530133 0.040342 0.065423
0 0.728188 0.422018 0.037464 0.061510
0 0.275111 0.596867 0.043138 0.068923
6 0.494321 0.533394 0.039704 0.066383
0 0.698408 0.476004 0.039141 0.063109
5 0.529790 0.548674 0.055908 0.130863
1 0.672171 0.532061 0.045534 0.075924
