6 0.649814 0.279834 0.035814 0.059049
6 0.657524 0.365518 0.037705 0.062949
11 0.591678 0.480330 0.057314 0.125726
6 0.517503 0.504202 0.040339 0.064147
6 0.516816 0.557469 0.042259 0.067100
7 0.443763 0.448327 0.045918 0.073047
9 0.441825 0.492568 0.049274 0.089434
6 0.436366 0.618270 0.045856 0.070537
0 0.380042 0.315356 0.037214 0.059977
0 0.345674 0.616968 0.045215 0.070537
0 0.316475 0.272645 0.036615 0.059977
6 0.300277 0.400353 0.039062 0.063109
3 0.297165 0.439551 0.048542 0.088574
0 0.274201 0.556691 0.044769 0.068252
5 0.223883 0.373888 0.055078 0.124235
1 0.201803 0.497796 0.049447 0.077409
