7 0.732521 0.370715 0.037210 0.059580
11 0.796318 0.527158 0.054831 0.132682
6 0.673568 0.373499 0.036458 0.054310
6 0.680511 0.399613 0.032884 0.055319
6 0.686209 0.427026 0.034827 0.058076
6 0.711792 0.520658 0.040941 0.064108
6 0.725853 0.556567 0.043932 0.066702
6 0.734012 0.594199 0.041143 0.069421
9 0.626914 0.445710 0.041699 0.082344
3 0.564614 0.508042 0.044977 0.088460
0 0.418049 0.596413 0.042178 0.070059
0 0.369712 0.376074 0.034339 0.055586
0 0.366893 0.401942 0.033545 0.054730
5 0.360306 0.401533 0.047396 0.117793
6 0.362148 0.457077 0.036348 0.060195
7 0.358631 0.486595 0.042419 0.069180
0 0.353813 0.520726 0.036234 0.064323
0 0.348001 0.558774 0.040807 0.067301
1 0.291216 0.454020 0.041221 0.067500
1 0.263748 0.594351 0.048792 0.078219
