7 0.738237 0.430885 0.041937 0.064707
6 0.693857 0.317402 0.029557 0.051862
3 0.681971 0.343245 0.038304 0.072240
6 0.677549 0.386893 0.033815 0.053988
6 0.649533 0.510562 0.036579 0.058206
11 0.645715 0.536030 0.054111 0.119268
6 0.630662 0.611139 0.040609 0.064173
6 0.499136 0.535402 0.037471 0.059111
9 0.451232 0.473231 0.042178 0.079085
0 0.335145 0.568333 0.039945 0.062070
0 0.415477 0.291411 0.030290 0.050394
0 0.398647 0.323337 0.030557 0.050592
6 0.364767 0.388496 0.032412 0.053919
0 0.296242 0.511224 0.037946 0.059115
5 0.303605 0.359455 0.047048 0.106520
1 0.253568 0.457088 0.043138 0.065824
