7 0.806247 0.535221 0.044336 0.067500
11 0.391615 0.616906 0.054525 0.115264
6 0.774154 0.492834 0.036348 0.058395
6 0.709521 0.509027 0.037279 0.057318
6 0.643345 0.523766 0.037464 0.058952
6 0.440244 0.569212 0.037891 0.059857
6 0.371442 0.588612 0.038145 0.060713
6 0.300625 0.603882 0.039941 0.060778
3 0.439546 0.409368 0.041507 0.076882
9 0.379128 0.423177 0.041139 0.078607
0 0.227106 0.413639 0.036660 0.057598
0 0.638166 0.293149 0.032607 0.053688
0 0.577773 0.305378 0.032617 0.053457
5 0.521283 0.291908 0.045553 0.106751
6 0.464697 0.328950 0.032786 0.055029
0 0.277264 0.362985 0.034482 0.056185
1 0.443882 0.287581 0.037464 0.061191
7 0.326593 0.310456 0.037412 0.062376
