7 0.829336 0.374902 0.041139 0.063268
7 0.697420 0.519857 0.045244 0.070169
11 0.616810 0.586069 0.056322 0.121058
6 0.771315 0.355583 0.033730 0.056139
6 0.740942 0.388556 0.034684 0.056117
6 0.705853 0.422425 0.035788 0.057598
6 0.593800 0.534622 0.037464 0.059993
6 0.556152 0.578164 0.039212 0.063034
6 0.512103 0.621408 0.040182 0.064066
9 0.613177 0.423001 0.041797 0.079180
3 0.538540 0.341064 0.038441 0.075625
8 0.505037 0.376636 0.040335 0.071416
6 0.465877 0.413950 0.033949 0.057256
9 0.382453 0.476979 0.043057 0.082201
0 0.275861 0.497044 0.037946 0.060378
0 0.513553 0.255750 0.030179 0.052425
0 0.476758 0.283480 0.031510 0.052708
0 0.440970 0.309411 0.031934 0.053828
3 0.406800 0.330840 0.038822 0.074961
0 0.322259 0.400394 0.035788 0.056797
0 0.274840 0.435384 0.036348 0.058236
5 0.393918 0.267004 0.043714 0.105140
1 0.318745 0.341457 0.038343 0.062549
2 0.221038 0.404619 0.043776 0.073411
1 0.176208 0.440667 0.044766 0.067585
