7 0.157803 0.358676 0.042007 0.066703
10 0.318676 0.269845 0.044289 0.093294
7 0.365833 0.258814 0.036944 0.061445
11 0.459729 0.192255 0.042335 0.104220
6 0.456286 0.263965 0.033340 0.055033
6 0.499291 0.240954 0.032219 0.053390
6 0.541458 0.219200 0.030992 0.052804
6 0.352998 0.371749 0.035069 0.057526
6 0.287813 0.467245 0.038079 0.060245
6 0.343619 0.437497 0.036346 0.058955
3 0.399115 0.393919 0.042755 0.082440
6 0.446030 0.374015 0.035017 0.058049
0 0.492479 0.409337 0.037146 0.058476
4 0.594952 0.339787 0.051075 0.093866
0 0.723993 0.330450 0.035387 0.055046
0 0.431819 0.592287 0.041739 0.063376
0 0.489183 0.552989 0.039940 0.062110
9 0.538356 0.508105 0.043776 0.079881
0 0.686233 0.419241 0.036878 0.059315
0 0.729049 0.390878 0.037146 0.056954
5 0.782677 0.340372 0.060460 0.111260
1 0.486650 0.634643 0.048492 0.077011
1 0.830334 0.391693 0.048009 0.065906
