7 0.178047 0.309190 0.041339 0.067169
7 0.439942 0.279319 0.039382 0.065185
11 0.570564 0.241374 0.047854 0.113654
10 0.398935 0.309048 0.047394 0.099504
6 0.589826 0.298484 0.035149 0.058872
6 0.651619 0.290799 0.033839 0.057695
6 0.346209 0.368920 0.036346 0.060579
6 0.545876 0.344372 0.035747 0.059980
6 0.290217 0.417530 0.039011 0.062308
6 0.432637 0.394132 0.038204 0.063575
6 0.232953 0.466339 0.039742 0.063241
3 0.312169 0.448925 0.046687 0.089630
0 0.451523 0.436602 0.039064 0.063905
4 0.594757 0.403618 0.051994 0.104563
0 0.754907 0.438034 0.039140 0.062629
0 0.264620 0.561739 0.041779 0.068942
0 0.344448 0.549190 0.042070 0.068036
9 0.417394 0.525314 0.047163 0.089821
0 0.640689 0.502267 0.041379 0.066544
0 0.709350 0.491197 0.040420 0.065185
5 0.788074 0.455855 0.060050 0.127411
1 0.281558 0.609031 0.050847 0.082249
1 0.588988 0.558983 0.048889 0.078125
