10 0.299167 0.508745 0.054067 0.109970
6 0.228912 0.364382 0.037811 0.060913
11 0.217080 0.305585 0.048889 0.115146
6 0.374633 0.512098 0.039008 0.065638
6 0.319375 0.392374 0.037612 0.061376
6 0.280397 0.323434 0.036495 0.058317
6 0.475914 0.545101 0.040103 0.066941
6 0.421564 0.457971 0.038413 0.063509
9 0.384697 0.372149 0.042464 0.081290
3 0.539056 0.520385 0.047966 0.090876
0 0.491467 0.447075 0.039018 0.063555
0 0.639583 0.568102 0.043737 0.068234
0 0.513065 0.365298 0.035787 0.059835
0 0.467393 0.297366 0.035017 0.056716
0 0.548785 0.323740 0.034084 0.057983
4 0.660542 0.362136 0.049120 0.099504
5 0.610895 0.291518 0.047278 0.115377
