7 0.538902 0.199096 0.036349 0.060863
10 0.642025 0.294109 0.048026 0.093945
7 0.680790 0.345079 0.042817 0.064306
11 0.770349 0.414554 0.060876 0.111396
6 0.552730 0.292118 0.034110 0.055757
6 0.666255 0.416250 0.037212 0.058188
6 0.709193 0.460627 0.037546 0.058647
6 0.753128 0.508618 0.039742 0.059716
9 0.566513 0.387409 0.041412 0.077417
6 0.377298 0.257841 0.032751 0.054960
6 0.404754 0.293507 0.033548 0.056558
3 0.441407 0.326319 0.041028 0.078221
6 0.475979 0.373877 0.035747 0.057179
0 0.415154 0.397141 0.037226 0.058396
4 0.385605 0.456763 0.050959 0.099041
0 0.498636 0.628036 0.041207 0.063108
0 0.201546 0.319661 0.037146 0.057437
0 0.229198 0.360680 0.037609 0.057781
0 0.259061 0.404110 0.037943 0.057983
0 0.353573 0.546933 0.042338 0.061776
0 0.389021 0.599648 0.041872 0.062510
1 0.134658 0.337371 0.045215 0.067421
5 0.311645 0.615304 0.059355 0.115536
1 0.352740 0.691262 0.050711 0.077741
