7 0.590565 0.289911 0.034749 0.056918
8 0.612507 0.314134 0.035549 0.065106
9 0.636614 0.337776 0.036825 0.073813
10 0.662788 0.359549 0.045245 0.091749
11 0.690944 0.382588 0.048661 0.112272
9 0.721109 0.430327 0.039878 0.078320
8 0.753805 0.467854 0.045532 0.072533
7 0.789000 0.509365 0.045823 0.068446
6 0.537389 0.300086 0.028681 0.050926
6 0.559091 0.326364 0.031554 0.052192
6 0.582976 0.354196 0.030754 0.054253
6 0.608249 0.384383 0.032675 0.054878
6 0.662350 0.450529 0.035202 0.057745
6 0.692596 0.485198 0.035747 0.059782
6 0.723729 0.522569 0.037576 0.061343
6 0.512540 0.431610 0.033790 0.056720
0 0.447994 0.441460 0.035466 0.058714
2 0.408178 0.486147 0.042837 0.075060
0 0.256644 0.337482 0.032507 0.054421
0 0.272629 0.367464 0.033552 0.055985
0 0.289239 0.398608 0.034008 0.056528
0 0.306129 0.430524 0.036187 0.059196
0 0.343472 0.502123 0.037705 0.062070
0 0.364547 0.540531 0.038743 0.063905
0 0.386982 0.585332 0.040724 0.066028
1 0.193943 0.342740 0.037411 0.062040
2 0.210685 0.370028 0.038651 0.069137
3 0.223872 0.397477 0.042467 0.080331
4 0.241351 0.423067 0.048866 0.098423
5 0.258596 0.451204 0.052040 0.119544
3 0.272687 0.503798 0.044401 0.085354
1 0.311597 0.594317 0.046971 0.076399
