10 0.485243 0.229423 0.047966 0.094210
6 0.544239 0.219917 0.034550 0.056184
11 0.603044 0.179519 0.052179 0.106842
6 0.334398 0.364881 0.037877 0.057116
4 0.397887 0.324036 0.050384 0.096075
6 0.521662 0.293737 0.036901 0.057421
6 0.633356 0.243811 0.034749 0.056558
6 0.299778 0.448722 0.040020 0.058476
6 0.432983 0.387207 0.037745 0.058581
3 0.335023 0.496596 0.048545 0.075116
0 0.469258 0.443854 0.040261 0.056319
0 0.295703 0.593535 0.043482 0.058439
9 0.506258 0.496058 0.045823 0.070939
0 0.634497 0.445818 0.039702 0.056558
0 0.757927 0.388497 0.041779 0.055519
0 0.736830 0.469668 0.042979 0.056399
5 0.807207 0.427877 0.072933 0.103413
