7 0.689689 0.643390 0.050966 0.080681
9 0.528834 0.601035 0.048072 0.088003
10 0.453932 0.576832 0.055906 0.109854
11 0.376992 0.551323 0.057563 0.122440
7 0.156925 0.525853 0.050615 0.073333
6 0.708024 0.591233 0.041220 0.066462
6 0.629962 0.573983 0.041472 0.064573
6 0.551883 0.557826 0.041379 0.064864
9 0.401973 0.517359 0.048773 0.087999
6 0.331275 0.508838 0.039878 0.062788
6 0.261683 0.495231 0.039808 0.061978
6 0.194363 0.480068 0.039144 0.061829
6 0.575433 0.508171 0.039464 0.062467
8 0.360025 0.455134 0.044864 0.082259
2 0.616518 0.401792 0.043234 0.081290
0 0.565149 0.356500 0.036548 0.060380
0 0.786875 0.353628 0.037811 0.060847
0 0.717264 0.341906 0.037146 0.060552
0 0.649220 0.330420 0.035549 0.058717
0 0.459304 0.296374 0.035149 0.057979
0 0.399550 0.285729 0.034683 0.057715
0 0.335293 0.272743 0.034699 0.057517
1 0.801500 0.311270 0.042563 0.066812
2 0.731619 0.295837 0.041412 0.077070
3 0.666635 0.282707 0.040341 0.078046
4 0.602581 0.264595 0.044673 0.094805
5 0.479215 0.233862 0.046935 0.113075
1 0.361298 0.234977 0.038145 0.063571
