7 0.582007 0.354107 0.036984 0.060073
7 0.724585 0.478022 0.041379 0.064147
11 0.811510 0.529301 0.056134 0.117675
10 0.630552 0.449729 0.046012 0.095026
6 0.711331 0.534314 0.036346 0.059825
6 0.753408 0.571427 0.037543 0.060777
6 0.796536 0.610175 0.039064 0.061991
6 0.542781 0.446371 0.033618 0.056511
6 0.450217 0.427097 0.033151 0.056508
6 0.522998 0.493848 0.035949 0.058581
6 0.369241 0.410281 0.033151 0.055384
3 0.396844 0.435732 0.041412 0.079276
0 0.463563 0.510056 0.037345 0.060979
4 0.530638 0.572164 0.050959 0.103185
0 0.551490 0.693252 0.042021 0.066941
0 0.250506 0.442044 0.036349 0.057837
0 0.280327 0.475813 0.037097 0.059339
9 0.312343 0.499509 0.042371 0.081769
0 0.408609 0.626214 0.040420 0.064868
0 0.444780 0.667776 0.041141 0.065572
5 0.480799 0.691171 0.057563 0.128929
1 0.187806 0.454416 0.042021 0.066782
1 0.302892 0.598018 0.046591 0.073237
