7 0.205585 0.658366 0.061012 0.094557
10 0.176811 0.474643 0.063912 0.121336
7 0.161002 0.402521 0.049464 0.076372
11 0.152174 0.335484 0.058813 0.128237
6 0.302462 0.645451 0.048647 0.079401
6 0.272513 0.531356 0.045152 0.073525
9 0.245337 0.424932 0.048208 0.094441
6 0.237429 0.392573 0.040023 0.066224
6 0.226721 0.355184 0.039494 0.063938
6 0.218153 0.319633 0.037146 0.061845
6 0.355121 0.518492 0.044256 0.073016
9 0.327459 0.414271 0.047450 0.090876
6 0.465537 0.555007 0.045136 0.074372
8 0.423476 0.449922 0.047546 0.084547
2 0.596657 0.470896 0.050423 0.087328
0 0.569337 0.432822 0.040360 0.068555
2 0.542685 0.386723 0.046508 0.082440
0 0.484772 0.286622 0.034749 0.059593
0 0.735615 0.568185 0.047851 0.075410
0 0.699787 0.514798 0.045294 0.072295
0 0.668204 0.466371 0.042368 0.068925
3 0.637454 0.412452 0.047970 0.092371
0 0.589997 0.346906 0.037870 0.062907
0 0.568955 0.313519 0.036825 0.061673
1 0.818313 0.550663 0.057421 0.085030
4 0.711607 0.393034 0.054180 0.110777
5 0.636420 0.276310 0.049349 0.122626
1 0.609944 0.269694 0.039782 0.065744
