11 0.595088 0.291690 0.047278 0.112500
10 0.427464 0.357517 0.046792 0.098419
6 0.615896 0.346240 0.035470 0.057804
6 0.676143 0.338142 0.033562 0.056528
6 0.375759 0.414390 0.036081 0.060711
6 0.573203 0.388874 0.035149 0.059593
9 0.639064 0.368573 0.040357 0.081577
6 0.321835 0.460104 0.039782 0.062708
6 0.462106 0.436716 0.037956 0.062440
6 0.265365 0.506245 0.039461 0.063509
3 0.343674 0.487821 0.046587 0.089841
0 0.481976 0.475324 0.039110 0.064034
4 0.623813 0.441038 0.052454 0.103644
0 0.643199 0.495676 0.039302 0.064706
0 0.783945 0.472566 0.039940 0.063188
0 0.299041 0.594332 0.041779 0.069259
0 0.377540 0.581718 0.042745 0.068700
0 0.740352 0.522614 0.040261 0.065427
5 0.816896 0.485714 0.059216 0.128790
7 0.627019 0.584724 0.049005 0.077576
