7 0.847839 0.294388 0.043614 0.070840
9 0.820828 0.371430 0.045784 0.089382
10 0.809157 0.408922 0.057811 0.111978
11 0.792045 0.450403 0.060288 0.131825
9 0.780179 0.520532 0.052050 0.096435
7 0.747521 0.646954 0.056749 0.086177
6 0.776971 0.288370 0.036349 0.061190
6 0.761976 0.327381 0.038013 0.063175
6 0.748398 0.370099 0.039302 0.065106
6 0.732786 0.415537 0.040645 0.065856
6 0.696665 0.516913 0.043337 0.069097
6 0.679697 0.572059 0.045532 0.072206
6 0.658543 0.630668 0.046095 0.073419
8 0.673977 0.354177 0.044957 0.077070
8 0.619769 0.496157 0.049286 0.083479
3 0.621443 0.294416 0.043231 0.083972
6 0.563431 0.432525 0.040169 0.065281
0 0.441895 0.367285 0.040033 0.064187
2 0.387154 0.451668 0.049752 0.083495
0 0.447034 0.241253 0.034947 0.059246
0 0.424373 0.277915 0.035949 0.060645
0 0.400025 0.316786 0.037464 0.061111
0 0.318818 0.444608 0.041273 0.066167
0 0.289234 0.492832 0.042669 0.068899
0 0.251432 0.548446 0.044656 0.071257
1 0.383709 0.228738 0.039375 0.066703
2 0.361262 0.261394 0.042371 0.076015
3 0.332975 0.295521 0.043595 0.084547
4 0.306348 0.326938 0.050843 0.103876
5 0.241729 0.405941 0.062255 0.126994
1 0.174745 0.527199 0.054802 0.080840
