6 0.281533 0.405129 0.035387 0.057354
11 0.271858 0.350747 0.046012 0.109279
6 0.413145 0.538027 0.036548 0.062642
6 0.366278 0.429064 0.036558 0.058188
10 0.344015 0.380767 0.044861 0.094134
6 0.330805 0.367411 0.033310 0.054729
6 0.507898 0.567012 0.037880 0.063575
6 0.459777 0.487574 0.036081 0.060777
9 0.427594 0.409487 0.039686 0.077262
3 0.569180 0.542753 0.046204 0.087616
0 0.527102 0.476683 0.036544 0.060443
0 0.664734 0.586561 0.040473 0.065437
0 0.551872 0.401124 0.035483 0.056984
0 0.509952 0.338905 0.033674 0.054200
4 0.654643 0.441683 0.047163 0.099504
0 0.587622 0.362151 0.033393 0.055519
5 0.647770 0.329894 0.045691 0.110708
