7 0.323527 0.211475 0.041141 0.067421
10 0.525994 0.221657 0.047841 0.101343
7 0.594173 0.241726 0.041858 0.069418
11 0.743735 0.235309 0.057146 0.119679
6 0.446141 0.274767 0.036746 0.061108
6 0.663153 0.299778 0.037867 0.061429
6 0.736434 0.305779 0.039408 0.062642
6 0.810521 0.314395 0.039302 0.061448
6 0.270506 0.355790 0.038677 0.063247
6 0.340344 0.366271 0.039610 0.062907
3 0.420972 0.364049 0.046779 0.088958
6 0.494383 0.380529 0.040453 0.063843
9 0.645355 0.390848 0.046703 0.087312
0 0.480212 0.438424 0.042341 0.064864
0 0.804721 0.543780 0.045724 0.067004
0 0.203398 0.531782 0.045532 0.067024
0 0.286491 0.542353 0.045668 0.066372
0 0.370561 0.553244 0.044256 0.067110
4 0.451875 0.550584 0.059702 0.111696
0 0.621819 0.587252 0.045820 0.068254
0 0.707834 0.598813 0.048313 0.068446
1 0.172560 0.596205 0.060489 0.082345
5 0.705347 0.657756 0.072553 0.127715
1 0.800856 0.684841 0.060231 0.083161
