7 0.177181 0.476179 0.047067 0.072186
10 0.291863 0.335207 0.051650 0.096974
7 0.357462 0.274547 0.038502 0.063102
11 0.388122 0.217804 0.044286 0.107672
6 0.243798 0.499931 0.040407 0.061845
6 0.318262 0.408079 0.037477 0.059914
6 0.415394 0.289385 0.033287 0.056250
6 0.441710 0.254628 0.032619 0.055188
6 0.468661 0.222379 0.031554 0.054163
9 0.446738 0.335453 0.040261 0.077487
9 0.474514 0.296622 0.039140 0.075969
6 0.416419 0.492588 0.038413 0.062774
6 0.475412 0.397976 0.036617 0.060873
0 0.608652 0.435852 0.038079 0.061445
2 0.629717 0.387803 0.043145 0.071577
0 0.699881 0.276336 0.034451 0.054755
0 0.596129 0.612267 0.043614 0.066703
0 0.624679 0.555341 0.041779 0.063988
0 0.651559 0.502497 0.040261 0.063267
3 0.674416 0.445223 0.045632 0.083304
0 0.720182 0.368352 0.037308 0.059593
0 0.740228 0.329719 0.034881 0.058247
1 0.675488 0.634420 0.050089 0.079084
4 0.747979 0.456763 0.052685 0.105026
5 0.813970 0.322012 0.055632 0.117470
1 0.827920 0.302978 0.043426 0.066048
