10 0.381265 0.494077 0.056134 0.115952
6 0.301739 0.503512 0.041541 0.068168
11 0.228228 0.463089 0.064464 0.132791
6 0.635547 0.497999 0.042073 0.069034
6 0.408972 0.465058 0.039782 0.067391
6 0.263647 0.449145 0.040741 0.065856
6 0.734033 0.459729 0.042338 0.067421
6 0.574646 0.444286 0.040741 0.065377
3 0.742865 0.407183 0.047761 0.092765
0 0.591991 0.400942 0.042017 0.066224
0 0.830344 0.390468 0.042083 0.066815
0 0.475177 0.348545 0.036108 0.062308
4 0.405645 0.324335 0.047738 0.102282
0 0.340015 0.333553 0.036187 0.060632
0 0.429215 0.309496 0.035228 0.059183
5 0.366614 0.273892 0.049418 0.119266
9 0.512946 0.274110 0.038823 0.079802
