7 0.407741 0.294618 0.039306 0.063985
9 0.529524 0.310184 0.039206 0.081577
10 0.591486 0.312913 0.046935 0.100423
11 0.658704 0.314931 0.049418 0.122440
9 0.726214 0.342672 0.043942 0.084087
7 0.869444 0.373399 0.045456 0.070456
6 0.380317 0.327394 0.033948 0.059034
6 0.441367 0.338643 0.034838 0.059514
6 0.505200 0.349349 0.034990 0.060866
6 0.708388 0.386457 0.038409 0.062576
6 0.779177 0.397717 0.038664 0.064626
6 0.852062 0.410989 0.039382 0.064616
6 0.478810 0.381060 0.036978 0.062067
8 0.686880 0.412057 0.044765 0.083591
6 0.585967 0.442194 0.039150 0.065506
0 0.463937 0.511197 0.042755 0.070172
2 0.614289 0.536366 0.050847 0.093638
0 0.213137 0.506586 0.041604 0.068634
0 0.284033 0.522166 0.042259 0.070218
0 0.358100 0.538623 0.042338 0.070856
0 0.586057 0.590187 0.047530 0.074851
0 0.667419 0.607976 0.046577 0.075569
0 0.758380 0.629314 0.049848 0.076928
1 0.169167 0.546887 0.053393 0.081577
2 0.245805 0.556944 0.052801 0.093406
3 0.320160 0.572875 0.052801 0.100771
4 0.397474 0.580721 0.059497 0.123267
5 0.558467 0.612070 0.064600 0.149246
1 0.732692 0.680225 0.057057 0.091448
