7 0.478176 0.276195 0.033952 0.056452
10 0.620757 0.310769 0.041786 0.089150
7 0.727498 0.357844 0.038343 0.061508
11 0.789378 0.354370 0.048313 0.112040
6 0.443656 0.303897 0.030030 0.051392
6 0.539137 0.335589 0.031230 0.053254
6 0.700772 0.390719 0.034415 0.056247
6 0.759046 0.409177 0.035149 0.057249
6 0.819778 0.429778 0.036349 0.057983
9 0.607984 0.393047 0.038727 0.077265
9 0.665293 0.413208 0.040341 0.077956
6 0.413246 0.373267 0.033231 0.054491
6 0.519906 0.410026 0.034507 0.057037
3 0.377136 0.395086 0.040503 0.078128
0 0.439423 0.480091 0.037226 0.060394
2 0.496524 0.493320 0.043856 0.080126
0 0.682307 0.580432 0.041141 0.065665
0 0.239410 0.448090 0.037067 0.057675
0 0.289993 0.469732 0.036905 0.060073
0 0.342436 0.492569 0.036267 0.059193
0 0.510974 0.566908 0.040645 0.064993
0 0.572173 0.593844 0.040820 0.065744
1 0.187078 0.479286 0.048251 0.068459
4 0.347518 0.536963 0.055354 0.106015
5 0.524640 0.617803 0.059081 0.130030
1 0.596799 0.669307 0.050423 0.080810
