10 0.650567 0.483104 0.057860 0.096167
6 0.462798 0.592351 0.039861 0.057996
11 0.396000 0.604464 0.056941 0.106865
6 0.656116 0.425359 0.036227 0.053753
6 0.485231 0.504104 0.037341 0.056984
9 0.424826 0.529681 0.044177 0.076048
6 0.361543 0.568763 0.038826 0.057897
6 0.668798 0.356518 0.035413 0.053578
6 0.562898 0.410021 0.035281 0.053654
0 0.525346 0.365746 0.035215 0.056386
0 0.644621 0.266723 0.032993 0.053922
4 0.436014 0.336534 0.046015 0.092130
0 0.378586 0.372140 0.035559 0.055754
0 0.253267 0.423791 0.038677 0.058317
0 0.288189 0.357196 0.035546 0.055787
5 0.219864 0.358069 0.054940 0.109325
3 0.368867 0.267983 0.038343 0.072692
