7 0.374365 0.770255 0.050807 0.079266
1 0.244850 0.559836 0.046491 0.072854
11 0.184912 0.449188 0.052040 0.114157
10 0.345468 0.574646 0.051994 0.103300
6 0.248171 0.456493 0.037679 0.059580
6 0.222262 0.414934 0.036415 0.058247
6 0.442350 0.621513 0.039210 0.062887
6 0.348464 0.483330 0.037960 0.059239
9 0.314565 0.431996 0.042563 0.078125
6 0.549654 0.651982 0.039461 0.062556
6 0.470541 0.554225 0.038145 0.060380
6 0.647214 0.681809 0.040837 0.063075
3 0.611146 0.617718 0.049236 0.084775
0 0.534590 0.535689 0.038479 0.060380
4 0.474788 0.431500 0.052731 0.097457
0 0.529268 0.436276 0.035308 0.058313
0 0.463158 0.356014 0.033882 0.056253
0 0.774423 0.642341 0.042827 0.062388
0 0.731430 0.592626 0.040473 0.061978
0 0.551458 0.382603 0.034504 0.056362
5 0.522594 0.320069 0.049005 0.108591
1 0.837323 0.619645 0.051763 0.070936
