10 0.416243 0.344525 0.041124 0.089051
4 0.319562 0.390527 0.047847 0.095360
6 0.553471 0.367011 0.032014 0.053922
11 0.607118 0.334150 0.042655 0.107388
6 0.339750 0.436696 0.034560 0.058194
6 0.521462 0.405653 0.033062 0.056306
6 0.632371 0.382642 0.032288 0.054987
6 0.293226 0.480878 0.039077 0.060711
6 0.425155 0.452692 0.035933 0.059272
3 0.315225 0.501715 0.045324 0.087655
0 0.449238 0.486513 0.038105 0.061670
0 0.259552 0.566157 0.041339 0.066905
0 0.605403 0.496725 0.036984 0.062397
0 0.731753 0.469142 0.036481 0.060513
0 0.701604 0.516624 0.038439 0.063843
5 0.768651 0.478342 0.055906 0.125063
9 0.671549 0.559105 0.045784 0.089494
