10 0.284385 0.296842 0.050615 0.104563
6 0.555936 0.270951 0.039411 0.060446
11 0.617209 0.235185 0.049835 0.120093
6 0.305248 0.351620 0.037414 0.063373
6 0.511925 0.319015 0.036905 0.062791
9 0.577280 0.296027 0.041987 0.084355
6 0.640308 0.294229 0.036614 0.061111
6 0.248089 0.404793 0.040265 0.065982
6 0.397149 0.375149 0.038585 0.065026
3 0.269684 0.432502 0.048773 0.093290
0 0.419105 0.417925 0.041220 0.066941
0 0.204236 0.505526 0.045053 0.071257
4 0.517222 0.429385 0.055238 0.111812
0 0.590010 0.436270 0.040933 0.067487
0 0.735711 0.406834 0.040899 0.065830
0 0.692278 0.464236 0.044015 0.069339
5 0.724894 0.482855 0.062394 0.139282
