7 0.258403 0.704067 0.053876 0.085126
9 0.232424 0.574048 0.051534 0.090185
10 0.219243 0.511374 0.057698 0.110982
11 0.207946 0.449249 0.056825 0.123889
9 0.193014 0.415833 0.046703 0.086964
7 0.170413 0.332955 0.043902 0.069785
6 0.346356 0.691232 0.045245 0.071419
6 0.329256 0.629228 0.044173 0.069739
6 0.310848 0.569767 0.042755 0.067867
6 0.267310 0.413170 0.039408 0.063641
6 0.252632 0.369071 0.037546 0.062070
6 0.241531 0.326935 0.037004 0.060298
6 0.389112 0.556796 0.041538 0.067579
8 0.338234 0.399099 0.044497 0.075010
2 0.430074 0.432745 0.047622 0.079372
0 0.594163 0.462912 0.039974 0.065374
0 0.751734 0.614175 0.045691 0.069659
0 0.719435 0.555660 0.043604 0.067371
0 0.690327 0.501706 0.040979 0.065582
0 0.614605 0.362426 0.038211 0.061577
0 0.592343 0.322269 0.035347 0.060245
0 0.570856 0.280375 0.034828 0.058476
1 0.832060 0.596344 0.054927 0.078310
2 0.795817 0.536905 0.054927 0.081944
3 0.763318 0.479714 0.048409 0.086948
4 0.735394 0.423342 0.054940 0.104772
5 0.683552 0.325809 0.053697 0.119818
1 0.635746 0.269431 0.040341 0.067024
