7 0.813664 0.507257 0.046204 0.075823
7 0.533406 0.567093 0.047354 0.078512
11 0.375337 0.571683 0.058942 0.141488
10 0.565790 0.495309 0.052685 0.112847
6 0.350177 0.562467 0.044335 0.070456
6 0.271883 0.576824 0.042417 0.070856
6 0.605083 0.467307 0.038247 0.063932
6 0.396956 0.505344 0.041458 0.066462
6 0.640107 0.419332 0.036425 0.061991
6 0.508672 0.447269 0.037278 0.063042
6 0.671753 0.379215 0.035384 0.059514
3 0.604132 0.378562 0.043806 0.085410
0 0.480810 0.412606 0.038902 0.064147
4 0.342230 0.414977 0.051624 0.108082
0 0.324636 0.404919 0.038823 0.062946
0 0.180992 0.428676 0.039610 0.064897
0 0.610410 0.326230 0.034616 0.058915
0 0.549965 0.335742 0.036108 0.059593
9 0.492416 0.336811 0.039864 0.081081
0 0.235088 0.386746 0.037345 0.062044
5 0.162386 0.367773 0.054249 0.126445
1 0.582806 0.297270 0.038343 0.063985
1 0.346023 0.331677 0.040341 0.065906
