11 0.656396 0.311086 0.042851 0.101710
10 0.477979 0.349727 0.041508 0.087999
6 0.663056 0.365666 0.035000 0.054401
6 0.417584 0.399416 0.032351 0.054256
6 0.604120 0.402533 0.032672 0.054643
9 0.669559 0.392140 0.038264 0.074372
6 0.728057 0.399977 0.033151 0.055119
6 0.346134 0.436996 0.034815 0.056187
6 0.480643 0.434598 0.033793 0.056478
0 0.480430 0.477087 0.035946 0.058247
0 0.264084 0.520392 0.038902 0.060473
4 0.406576 0.506538 0.049924 0.101230
0 0.620850 0.524970 0.037672 0.060390
3 0.694383 0.513352 0.044573 0.083204
0 0.768391 0.523790 0.039223 0.060073
0 0.702226 0.572230 0.040661 0.062788
5 0.787265 0.552262 0.065417 0.122024
