7 0.164866 0.361825 0.040142 0.063975
9 0.295830 0.335744 0.038505 0.075979
10 0.357388 0.318008 0.045053 0.092794
11 0.420607 0.300155 0.044401 0.108247
7 0.595883 0.289020 0.037467 0.060711
6 0.179482 0.402333 0.036028 0.058952
6 0.246268 0.390918 0.035638 0.057199
6 0.311984 0.378700 0.034550 0.057381
9 0.438424 0.346725 0.039223 0.075248
6 0.501913 0.345157 0.032728 0.055308
6 0.560928 0.333869 0.033952 0.054755
6 0.618905 0.323661 0.032553 0.054319
6 0.328480 0.414563 0.036267 0.058876
8 0.523325 0.372184 0.039223 0.074051
2 0.369238 0.490213 0.045532 0.080235
2 0.393892 0.536882 0.045284 0.083717
0 0.464226 0.528022 0.039702 0.063267
0 0.261792 0.626030 0.043056 0.067662
0 0.340501 0.608239 0.041941 0.065823
0 0.416796 0.590992 0.042335 0.065185
0 0.628031 0.543806 0.039812 0.063108
0 0.694926 0.529195 0.037278 0.062444
0 0.765974 0.514380 0.039494 0.061829
1 0.281190 0.677860 0.050231 0.080331
3 0.441791 0.632822 0.048793 0.092503
4 0.515602 0.606283 0.054411 0.110893
5 0.662568 0.567417 0.058667 0.125476
1 0.800074 0.557786 0.048647 0.073575
