6 0.718859 0.498241 0.043763 0.072295
11 0.745308 0.521189 0.068743 0.144666
6 0.551023 0.321053 0.038476 0.066048
6 0.607498 0.454018 0.043376 0.070377
6 0.661386 0.557794 0.046217 0.074101
6 0.458970 0.284964 0.037345 0.064570
6 0.498527 0.368616 0.040407 0.067900
9 0.530255 0.449906 0.050040 0.097087
10 0.558363 0.493456 0.063082 0.122440
3 0.396104 0.282067 0.046012 0.089716
0 0.421601 0.375141 0.041938 0.069097
0 0.312713 0.259726 0.039805 0.063631
0 0.369091 0.479028 0.044735 0.072612
0 0.403500 0.592520 0.046240 0.077487
4 0.267178 0.371323 0.056458 0.116217
0 0.300752 0.542397 0.046591 0.075635
5 0.209631 0.520121 0.066095 0.145936
