7 0.158996 0.456267 0.042986 0.066852
10 0.293657 0.348079 0.047163 0.090873
7 0.332515 0.332482 0.036267 0.059673
11 0.408228 0.257328 0.041872 0.101574
6 0.301420 0.413123 0.035017 0.056319
6 0.420370 0.322384 0.031872 0.053042
6 0.453198 0.295807 0.030556 0.051792
6 0.486023 0.270724 0.030023 0.050794
9 0.434296 0.362940 0.037500 0.073737
6 0.321834 0.530268 0.038271 0.061045
6 0.366577 0.493776 0.035866 0.059352
6 0.445696 0.419568 0.034150 0.057384
9 0.553631 0.320483 0.037388 0.073175
3 0.423866 0.506319 0.044286 0.083009
0 0.500417 0.442049 0.036415 0.058515
2 0.591318 0.425038 0.041796 0.070936
4 0.625390 0.380936 0.045966 0.095384
0 0.689254 0.336382 0.033218 0.053724
0 0.500552 0.615355 0.040675 0.064699
0 0.542758 0.569479 0.039861 0.062867
0 0.581868 0.527179 0.038611 0.061104
0 0.683778 0.418566 0.036108 0.057596
0 0.713300 0.386903 0.034286 0.056518
1 0.567966 0.642563 0.048313 0.077646
5 0.779544 0.383634 0.052110 0.114458
1 0.804117 0.371419 0.042659 0.064226
