10 0.234610 0.462397 0.048313 0.101601
4 0.304615 0.530046 0.052728 0.109742
6 0.300971 0.420931 0.034964 0.056194
11 0.302388 0.370774 0.044517 0.108704
6 0.382315 0.545013 0.037784 0.064868
6 0.373485 0.448641 0.037156 0.058313
6 0.360759 0.395370 0.033085 0.054187
6 0.467278 0.581473 0.039861 0.067583
6 0.444975 0.507054 0.036346 0.061991
9 0.433562 0.435091 0.039392 0.078449
3 0.537183 0.566468 0.046971 0.092216
0 0.514840 0.505332 0.036591 0.062391
0 0.622723 0.618993 0.042404 0.069699
0 0.562164 0.445660 0.035215 0.057318
0 0.539426 0.391159 0.030956 0.053310
0 0.608998 0.417558 0.032619 0.054785
5 0.601047 0.367555 0.043138 0.108132
