11 0.239439 0.509097 0.052735 0.122024
6 0.279337 0.501772 0.037384 0.061508
6 0.220577 0.483148 0.035658 0.059530
6 0.566427 0.540605 0.037946 0.062844
10 0.503983 0.505729 0.049924 0.104104
6 0.382148 0.483902 0.036187 0.060549
9 0.317894 0.458204 0.041892 0.080139
6 0.667859 0.522431 0.037946 0.061911
6 0.533781 0.487841 0.036829 0.059993
0 0.565865 0.453128 0.037212 0.061310
4 0.655446 0.423932 0.048082 0.100079
0 0.481506 0.391944 0.034150 0.058049
0 0.365777 0.361402 0.033710 0.056078
0 0.810400 0.442657 0.036587 0.060552
0 0.454360 0.350600 0.033562 0.056194
5 0.399231 0.309466 0.045830 0.111260
3 0.598456 0.342979 0.039206 0.077169
