7 0.158717 0.357111 0.039782 0.065856
9 0.275141 0.312055 0.038905 0.076207
10 0.327201 0.285961 0.044289 0.092715
11 0.381276 0.259365 0.044405 0.108247
7 0.522346 0.227604 0.035460 0.058476
6 0.196113 0.393259 0.036987 0.059435
6 0.253848 0.371903 0.035281 0.057530
6 0.310499 0.349979 0.035351 0.057140
6 0.467545 0.291121 0.032417 0.054253
6 0.513864 0.272502 0.032550 0.054203
6 0.559674 0.255838 0.030565 0.052424
6 0.346262 0.380833 0.035559 0.058803
9 0.401733 0.352444 0.040582 0.077249
8 0.504608 0.311839 0.038714 0.072751
2 0.495706 0.362834 0.040069 0.073333
0 0.531457 0.460423 0.038264 0.061032
0 0.401501 0.582426 0.041316 0.064983
0 0.463261 0.551852 0.040139 0.063843
0 0.521849 0.523246 0.039874 0.062510
0 0.679163 0.446490 0.037282 0.060374
0 0.727232 0.423821 0.037480 0.058515
0 0.777755 0.399777 0.037063 0.057120
1 0.450182 0.623123 0.046892 0.077966
2 0.510832 0.584635 0.047067 0.085605
3 0.571693 0.553423 0.046971 0.088287
4 0.626756 0.517359 0.054114 0.104772
5 0.735481 0.458064 0.060737 0.119540
1 0.828312 0.430971 0.046491 0.066941
