6 0.449912 0.557779 0.041458 0.065903
11 0.388009 0.560600 0.057288 0.129620
6 0.619201 0.411734 0.037305 0.060552
6 0.459449 0.489079 0.039011 0.063509
6 0.344365 0.549864 0.040807 0.065840
6 0.621174 0.356177 0.034749 0.058075
6 0.522735 0.408059 0.036541 0.059180
9 0.412444 0.447354 0.043856 0.084358
3 0.577884 0.323758 0.041303 0.079726
0 0.477703 0.376696 0.036815 0.061111
10 0.370501 0.410010 0.050136 0.102943
0 0.583717 0.287971 0.035311 0.056399
0 0.327259 0.397030 0.037348 0.061111
0 0.207588 0.449516 0.039408 0.063575
0 0.230853 0.393968 0.037480 0.060979
4 0.297813 0.305058 0.046703 0.095592
5 0.194451 0.339254 0.050384 0.117331
