7 0.265413 0.708241 0.053843 0.080443
10 0.202528 0.503257 0.060050 0.104795
7 0.183557 0.460513 0.050248 0.073095
11 0.146601 0.335195 0.058552 0.114114
6 0.350761 0.686667 0.044173 0.065913
6 0.300812 0.557393 0.041313 0.063555
6 0.238795 0.389583 0.039144 0.060794
6 0.218641 0.342421 0.038505 0.060152
6 0.202431 0.297034 0.037004 0.058763
9 0.334064 0.416868 0.044960 0.079947
9 0.311491 0.365458 0.044676 0.080526
6 0.484909 0.573348 0.041458 0.063271
6 0.423800 0.458406 0.038823 0.060582
3 0.553383 0.540941 0.047837 0.083495
0 0.562612 0.422077 0.037679 0.060179
2 0.531867 0.368418 0.044058 0.076267
0 0.459873 0.240873 0.033151 0.057116
0 0.729734 0.571014 0.044018 0.063429
0 0.692174 0.511637 0.040942 0.061978
0 0.658104 0.456457 0.038542 0.060711
0 0.570081 0.313735 0.036147 0.058118
0 0.544479 0.271916 0.034084 0.057583
1 0.802718 0.546819 0.055357 0.072937
4 0.693735 0.373330 0.054421 0.098466
5 0.609077 0.233476 0.049279 0.111673
1 0.579315 0.213608 0.039464 0.065026
