7 0.385956 0.214711 0.037784 0.061353
10 0.557811 0.239344 0.044577 0.095380
7 0.618558 0.264415 0.038942 0.064372
11 0.751037 0.269972 0.049236 0.115724
6 0.359005 0.252632 0.032434 0.054881
6 0.475193 0.278259 0.033019 0.056650
6 0.664478 0.320719 0.036680 0.058515
6 0.731354 0.333586 0.036280 0.059977
6 0.799443 0.348955 0.037788 0.059676
9 0.574107 0.339177 0.041316 0.079940
9 0.640933 0.354560 0.043234 0.079947
6 0.355455 0.342768 0.035724 0.058360
6 0.485220 0.370843 0.037067 0.059755
3 0.328224 0.377136 0.044405 0.081673
0 0.455648 0.416832 0.038981 0.061190
2 0.495678 0.474836 0.046316 0.084646
0 0.718502 0.545188 0.042738 0.065370
0 0.192230 0.461551 0.042338 0.061587
0 0.258694 0.479605 0.040820 0.061908
0 0.326037 0.498439 0.038145 0.061978
0 0.536415 0.558032 0.042467 0.066144
0 0.609597 0.578866 0.045933 0.066144
1 0.147713 0.508442 0.055599 0.074530
4 0.357525 0.554621 0.060050 0.109626
5 0.580974 0.621930 0.061703 0.126306
1 0.667054 0.663189 0.052917 0.080982
