7 0.503404 0.215759 0.035215 0.057715
9 0.589716 0.256854 0.036746 0.073826
10 0.635420 0.273614 0.044577 0.091739
7 0.734464 0.337736 0.041508 0.063171
11 0.792642 0.344788 0.052731 0.113604
6 0.462143 0.240389 0.030456 0.052867
6 0.504144 0.263317 0.031673 0.053532
6 0.549185 0.287474 0.032351 0.054921
9 0.646169 0.330316 0.040103 0.076928
6 0.696190 0.367776 0.034550 0.056915
6 0.749148 0.395390 0.036147 0.058849
6 0.804307 0.425119 0.037014 0.058915
6 0.506455 0.309727 0.033552 0.055255
8 0.653381 0.386243 0.040923 0.074868
2 0.413275 0.353151 0.040837 0.074385
2 0.364646 0.383404 0.042467 0.075923
0 0.412285 0.419428 0.037679 0.060780
0 0.226943 0.358816 0.037384 0.058188
0 0.269769 0.387596 0.037778 0.059081
0 0.315620 0.417743 0.036267 0.058793
0 0.459473 0.514527 0.040182 0.063347
0 0.512052 0.549286 0.040903 0.063829
0 0.570951 0.589563 0.042417 0.067183
1 0.171405 0.382609 0.043380 0.068221
3 0.259916 0.437488 0.044864 0.083687
4 0.307513 0.461319 0.051382 0.103241
5 0.405169 0.526020 0.055767 0.123132
1 0.513947 0.623603 0.048489 0.077887
