10 0.799268 0.476741 0.061703 0.110843
4 0.720223 0.471625 0.056366 0.108819
6 0.717316 0.600865 0.044097 0.067966
11 0.714873 0.637102 0.067087 0.135830
6 0.644363 0.387817 0.037067 0.062149
6 0.630382 0.533444 0.042563 0.067292
6 0.628596 0.652639 0.045440 0.070840
6 0.575341 0.337827 0.035880 0.061111
6 0.569883 0.427799 0.039302 0.062979
9 0.554773 0.518806 0.048409 0.091548
3 0.511310 0.325053 0.043327 0.082632
0 0.495347 0.421098 0.040013 0.064107
0 0.456746 0.292452 0.035417 0.058581
0 0.396748 0.515240 0.040982 0.066544
0 0.369234 0.635002 0.045453 0.071815
0 0.304421 0.565261 0.045767 0.068538
5 0.280546 0.600175 0.064464 0.132381
