11 0.331731 0.713767 0.063773 0.127546
6 0.320213 0.671187 0.047450 0.068730
6 0.232779 0.678603 0.045374 0.068462
6 0.624638 0.576996 0.042563 0.063647
10 0.554239 0.567330 0.064306 0.108476
6 0.390048 0.593808 0.043231 0.066432
9 0.303917 0.596963 0.050731 0.087655
6 0.679939 0.509769 0.042563 0.062216
6 0.528350 0.527560 0.039782 0.062149
0 0.511128 0.469507 0.041237 0.065423
4 0.567584 0.399603 0.058092 0.103413
0 0.347131 0.427002 0.039944 0.064474
3 0.268879 0.427083 0.048313 0.085701
0 0.187963 0.437855 0.042097 0.065665
0 0.684178 0.357030 0.038264 0.061429
0 0.260873 0.383431 0.042579 0.064785
5 0.178991 0.360719 0.055906 0.124005
