7 0.144263 0.267970 0.047738 0.074676
10 0.373419 0.244330 0.052685 0.105255
7 0.517437 0.249626 0.046495 0.071257
11 0.594598 0.224130 0.061703 0.118022
6 0.154431 0.325810 0.041944 0.065437
6 0.233725 0.322343 0.041941 0.063972
6 0.313064 0.316281 0.041300 0.064547
9 0.463831 0.297579 0.046875 0.082440
6 0.538671 0.302295 0.039061 0.062388
6 0.608657 0.296711 0.039544 0.061353
6 0.678522 0.292588 0.041700 0.060678
6 0.324499 0.370329 0.042371 0.065856
9 0.482034 0.353864 0.047507 0.084778
8 0.421243 0.417378 0.048042 0.087811
2 0.355327 0.486050 0.050959 0.089150
2 0.375392 0.555101 0.053105 0.092219
0 0.459749 0.553327 0.045820 0.067870
0 0.780612 0.519509 0.049272 0.063938
0 0.207154 0.656214 0.050804 0.071415
0 0.301710 0.644291 0.048651 0.069818
0 0.392452 0.632603 0.047450 0.069213
3 0.479516 0.611974 0.053720 0.091911
0 0.645612 0.603213 0.048505 0.067292
0 0.724600 0.593902 0.050569 0.066620
1 0.218919 0.732755 0.058380 0.087414
4 0.504039 0.679625 0.072054 0.116452
5 0.766510 0.650655 0.087768 0.122500
1 0.843189 0.653272 0.065473 0.079276
