10 0.644656 0.507444 0.063499 0.098929
6 0.339178 0.612685 0.043337 0.059980
11 0.258156 0.615387 0.061703 0.110847
6 0.604592 0.463950 0.038945 0.057583
6 0.393753 0.520233 0.041058 0.059673
9 0.318302 0.538284 0.048647 0.078221
6 0.240969 0.568165 0.042817 0.061111
6 0.641607 0.389388 0.037751 0.055886
6 0.509464 0.430053 0.037546 0.056475
3 0.611422 0.336863 0.042791 0.077649
0 0.483991 0.375276 0.038155 0.059435
0 0.647097 0.285329 0.035470 0.057596
4 0.394439 0.328899 0.049368 0.096726
0 0.326873 0.356898 0.037768 0.059239
0 0.179514 0.391959 0.040608 0.060711
0 0.238411 0.326058 0.038343 0.058717
5 0.158395 0.317376 0.062530 0.114435
