11 0.371154 0.312373 0.047626 0.115724
10 0.372201 0.404433 0.050268 0.104911
6 0.430670 0.351440 0.036346 0.058978
6 0.457551 0.319228 0.034018 0.057715
6 0.377674 0.513953 0.040182 0.065585
6 0.469873 0.401088 0.037305 0.060952
9 0.494592 0.354808 0.041796 0.080622
6 0.417475 0.576495 0.041690 0.068300
6 0.474940 0.487376 0.038876 0.065903
6 0.453634 0.639539 0.043135 0.069481
0 0.545187 0.504446 0.041121 0.065665
4 0.604188 0.410060 0.050731 0.104795
0 0.666764 0.444823 0.039540 0.063826
0 0.710532 0.370395 0.036429 0.060314
0 0.612321 0.683643 0.044656 0.072774
0 0.640256 0.631989 0.043218 0.070856
0 0.754740 0.421586 0.038185 0.062391
5 0.780210 0.358535 0.051187 0.122507
3 0.785698 0.506109 0.048313 0.091220
