11 0.358138 0.608995 0.051627 0.120231
10 0.533464 0.542756 0.048542 0.098013
6 0.339869 0.594292 0.040142 0.061978
6 0.268983 0.604238 0.037543 0.060856
6 0.572578 0.514211 0.034117 0.056696
6 0.384423 0.540093 0.036187 0.058638
9 0.316976 0.543614 0.041710 0.079755
6 0.608833 0.467812 0.032831 0.054481
6 0.488514 0.488566 0.033952 0.055255
6 0.641238 0.428401 0.031544 0.053654
0 0.466776 0.451875 0.034226 0.057249
4 0.341169 0.449778 0.046974 0.094616
0 0.327983 0.435899 0.035628 0.057037
0 0.197867 0.451799 0.034683 0.057050
0 0.592097 0.369800 0.032354 0.052523
0 0.536729 0.376996 0.032619 0.053456
0 0.248647 0.412282 0.033882 0.055919
5 0.182612 0.393919 0.048995 0.110198
3 0.352740 0.357621 0.037867 0.072457
