7 0.839173 0.554296 0.060198 0.077745
10 0.594835 0.594916 0.066601 0.109282
7 0.509643 0.626920 0.052533 0.078608
11 0.326776 0.651815 0.065430 0.117057
6 0.800976 0.492239 0.046819 0.062460
6 0.645043 0.525155 0.042976 0.063267
6 0.394959 0.576113 0.045374 0.064944
6 0.309793 0.597192 0.044765 0.067579
6 0.221357 0.613778 0.047133 0.065665
9 0.458796 0.480757 0.049233 0.084319
6 0.666763 0.381164 0.041779 0.061111
6 0.515683 0.415403 0.041313 0.060298
9 0.278138 0.447679 0.050615 0.085794
3 0.637121 0.318467 0.046485 0.083972
0 0.494368 0.353591 0.041779 0.064616
2 0.400813 0.306966 0.046012 0.083879
0 0.167232 0.348687 0.042738 0.065040
0 0.658925 0.216371 0.037480 0.061842
0 0.590999 0.227733 0.037745 0.061644
0 0.521455 0.238960 0.037546 0.061359
0 0.310274 0.271842 0.039702 0.063108
0 0.237603 0.283193 0.040582 0.063271
1 0.637254 0.166493 0.045056 0.069593
4 0.434492 0.184170 0.049005 0.101343
5 0.220737 0.203069 0.057288 0.121243
1 0.145460 0.236758 0.047692 0.074051
