10 0.343995 0.514955 0.047507 0.099044
6 0.365443 0.442298 0.030754 0.052004
11 0.374246 0.395365 0.040582 0.100354
6 0.407479 0.567364 0.036015 0.061911
6 0.424722 0.471379 0.033955 0.054385
9 0.425577 0.435498 0.034831 0.070698
6 0.427030 0.419616 0.031323 0.049378
6 0.479350 0.609552 0.038105 0.065744
6 0.477057 0.532067 0.033816 0.059107
3 0.546357 0.596961 0.047642 0.091739
0 0.545187 0.533598 0.037192 0.060106
0 0.625815 0.658330 0.043998 0.070456
4 0.606569 0.487811 0.045896 0.095132
0 0.605513 0.475661 0.033419 0.052778
0 0.596157 0.421612 0.029821 0.050658
0 0.657809 0.449812 0.032087 0.052070
5 0.655342 0.400026 0.042675 0.102837
