7 0.555878 0.282794 0.037946 0.061349
9 0.620182 0.327472 0.039544 0.079805
10 0.655053 0.347135 0.046819 0.099732
11 0.693697 0.367938 0.049696 0.123681
9 0.737176 0.416108 0.043942 0.086620
7 0.830174 0.493760 0.048727 0.074689
6 0.502075 0.299355 0.031888 0.055985
6 0.531888 0.324511 0.033631 0.056799
6 0.566141 0.351500 0.034015 0.058846
6 0.601258 0.380663 0.037384 0.060010
6 0.677879 0.444575 0.037874 0.063826
6 0.721040 0.478768 0.039150 0.066101
6 0.765544 0.515933 0.041604 0.067295
8 0.507492 0.360122 0.040658 0.075972
8 0.612252 0.453929 0.044286 0.082249
3 0.415026 0.341405 0.040549 0.081673
6 0.511635 0.442687 0.037556 0.062907
0 0.444709 0.462106 0.039015 0.064517
2 0.414907 0.515296 0.047487 0.086399
0 0.206665 0.371791 0.037265 0.059911
0 0.231470 0.402229 0.038747 0.062229
0 0.258662 0.434845 0.039144 0.063029
0 0.285175 0.467574 0.040582 0.065823
0 0.345678 0.542336 0.043056 0.069659
0 0.379559 0.582907 0.043714 0.071415
0 0.416858 0.631050 0.046587 0.074580
1 0.140446 0.384745 0.046799 0.069167
2 0.164717 0.413016 0.048429 0.077302
3 0.189253 0.441323 0.051534 0.090185
4 0.215041 0.467381 0.053714 0.111237
5 0.269894 0.537282 0.059299 0.138148
1 0.335926 0.651758 0.053968 0.087424
