4 0.571334 0.564362 0.055076 0.106567
3 0.425036 0.547948 0.046012 0.083495
6 0.280126 0.531615 0.038823 0.061062
11 0.211513 0.495417 0.059633 0.115265
6 0.586477 0.528003 0.039210 0.060979
6 0.378084 0.491098 0.037073 0.060112
10 0.308153 0.467310 0.051862 0.098257
6 0.242047 0.472758 0.036905 0.058796
6 0.676326 0.488267 0.039015 0.060106
6 0.530810 0.470394 0.037063 0.058075
0 0.547325 0.423848 0.036620 0.059818
0 0.765245 0.414759 0.037963 0.060106
0 0.436946 0.364625 0.034084 0.057120
0 0.308557 0.346624 0.033674 0.055919
0 0.392371 0.320708 0.033313 0.055278
5 0.332905 0.286721 0.047278 0.108819
9 0.470780 0.284638 0.036620 0.073429
