7 0.389904 0.171868 0.039782 0.064147
9 0.512183 0.208315 0.040357 0.076114
10 0.573451 0.220116 0.047510 0.095708
7 0.703681 0.273471 0.043598 0.066948
11 0.778163 0.277384 0.057146 0.110291
6 0.360825 0.218266 0.035149 0.056875
6 0.421777 0.238884 0.035281 0.056716
6 0.485508 0.258639 0.036108 0.057437
9 0.616248 0.293247 0.041987 0.074868
6 0.684436 0.324521 0.037146 0.058049
6 0.752621 0.345233 0.038151 0.058952
6 0.821796 0.368781 0.038810 0.057517
6 0.456746 0.304049 0.036680 0.057047
8 0.491642 0.370316 0.043218 0.079084
2 0.395088 0.397708 0.044573 0.078525
2 0.364320 0.454466 0.046300 0.080810
0 0.434534 0.486442 0.040661 0.060073
0 0.728447 0.593773 0.043297 0.060952
0 0.192287 0.465349 0.041617 0.059600
0 0.261235 0.491085 0.042259 0.060152
0 0.331956 0.517222 0.040903 0.060073
3 0.403401 0.534787 0.048218 0.081386
0 0.545580 0.598034 0.043039 0.060969
0 0.619671 0.625604 0.043806 0.060969
1 0.149525 0.519595 0.052629 0.073237
4 0.366981 0.588919 0.056594 0.100906
5 0.515233 0.648371 0.060162 0.108244
1 0.672348 0.722075 0.051925 0.074692
