7 0.324400 0.743988 0.050486 0.075410
9 0.275415 0.610966 0.048793 0.077745
10 0.251480 0.545387 0.053985 0.098836
7 0.206587 0.446662 0.044974 0.068859
11 0.184684 0.375959 0.052027 0.107394
6 0.403196 0.721756 0.041300 0.061832
6 0.375395 0.658018 0.041220 0.061591
6 0.346713 0.596331 0.039940 0.059845
9 0.295040 0.475516 0.044577 0.078896
6 0.274231 0.428120 0.037847 0.058204
6 0.251133 0.379640 0.036882 0.057116
6 0.231169 0.332363 0.036419 0.056478
6 0.418070 0.575160 0.039620 0.059593
8 0.465308 0.489907 0.044001 0.072758
2 0.561744 0.524636 0.048985 0.075728
2 0.628041 0.503538 0.049653 0.074484
0 0.593223 0.456326 0.037946 0.058313
0 0.482688 0.268566 0.033234 0.055579
0 0.760036 0.604253 0.043935 0.060238
0 0.722316 0.545618 0.039878 0.059048
0 0.687574 0.490228 0.038211 0.057718
0 0.596118 0.343745 0.036548 0.056518
0 0.568472 0.300089 0.034683 0.056250
1 0.829712 0.579573 0.053108 0.069788
3 0.753252 0.463619 0.045916 0.075539
4 0.720924 0.406131 0.054064 0.093743
5 0.659506 0.304448 0.051763 0.107784
1 0.601582 0.237495 0.040261 0.063363
