6 0.247283 0.459633 0.040929 0.066812
11 0.186161 0.410799 0.060172 0.126167
6 0.562222 0.506662 0.041667 0.067503
6 0.361232 0.437535 0.040208 0.065036
6 0.232085 0.398395 0.038826 0.063588
6 0.674377 0.483447 0.042404 0.066835
6 0.526958 0.441756 0.040476 0.064907
9 0.398492 0.387611 0.044769 0.085413
10 0.330549 0.361376 0.052685 0.104795
3 0.698054 0.430982 0.050155 0.092255
0 0.562975 0.398775 0.040274 0.066571
0 0.803013 0.425250 0.041700 0.066465
0 0.471751 0.324084 0.037417 0.062308
0 0.347047 0.287979 0.036481 0.061045
4 0.503616 0.275000 0.047854 0.101918
0 0.443952 0.274367 0.036825 0.060394
5 0.480551 0.216925 0.050797 0.118161
