11 0.433686 0.536569 0.060956 0.137318
10 0.539826 0.452953 0.054871 0.112731
6 0.396587 0.518671 0.043538 0.068433
6 0.323061 0.541475 0.043145 0.069980
6 0.625217 0.390929 0.039196 0.063843
6 0.429525 0.447634 0.041207 0.066372
9 0.357788 0.462272 0.047970 0.091567
6 0.647222 0.331794 0.037480 0.061637
6 0.524812 0.372080 0.037943 0.062070
0 0.488120 0.332148 0.039077 0.064507
0 0.629769 0.251619 0.036614 0.060314
0 0.326298 0.331204 0.038185 0.064306
0 0.186933 0.368563 0.041300 0.065744
0 0.592675 0.220337 0.034749 0.059246
4 0.422897 0.249820 0.049120 0.101571
0 0.229934 0.314330 0.038677 0.063641
5 0.156531 0.302550 0.054663 0.127546
3 0.330518 0.236640 0.043138 0.083208
