7 0.177485 0.516103 0.045136 0.073092
9 0.261728 0.426283 0.043522 0.081481
10 0.296923 0.380666 0.051419 0.098813
11 0.334630 0.334630 0.049001 0.114021
9 0.365777 0.314299 0.039940 0.077407
8 0.395982 0.284218 0.037705 0.071657
7 0.426298 0.255043 0.037054 0.061911
6 0.242346 0.540617 0.040837 0.063747
6 0.282746 0.496490 0.038476 0.061511
6 0.320147 0.453201 0.038151 0.061349
6 0.355921 0.412422 0.035466 0.060394
6 0.423694 0.337832 0.034550 0.057450
6 0.452445 0.303805 0.033535 0.056558
6 0.481817 0.271996 0.032351 0.055122
8 0.384239 0.465202 0.044339 0.078287
6 0.510800 0.409122 0.036746 0.059778
0 0.577710 0.428256 0.037067 0.060870
2 0.671293 0.399251 0.043135 0.073905
0 0.591324 0.656634 0.043806 0.069114
0 0.623186 0.602576 0.042497 0.066541
0 0.654061 0.552153 0.040503 0.065026
0 0.682110 0.506422 0.040979 0.064544
0 0.733724 0.422123 0.039008 0.061111
0 0.756146 0.383960 0.038185 0.060632
0 0.783155 0.344481 0.035549 0.059272
1 0.670124 0.679395 0.052054 0.081098
2 0.698145 0.619155 0.050040 0.085222
3 0.729653 0.564972 0.049120 0.089494
4 0.753323 0.508805 0.053935 0.108476
5 0.781214 0.454889 0.055906 0.124236
3 0.803239 0.431017 0.046815 0.084891
1 0.849823 0.358874 0.043423 0.068158
