6 0.360506 0.586417 0.045377 0.069256
11 0.279089 0.576903 0.063442 0.132021
6 0.624122 0.463077 0.041300 0.063985
6 0.408667 0.506614 0.042897 0.067103
6 0.254468 0.543981 0.044656 0.069259
6 0.658606 0.396820 0.040942 0.061974
6 0.522457 0.429813 0.039808 0.062973
9 0.378056 0.445522 0.047970 0.087884
3 0.624559 0.345693 0.046683 0.086081
0 0.491592 0.378565 0.040453 0.065569
0 0.658160 0.302318 0.037384 0.062070
0 0.324461 0.357708 0.040582 0.065185
10 0.247932 0.355648 0.054640 0.109279
0 0.172401 0.384783 0.042090 0.067774
4 0.435483 0.275956 0.052341 0.102725
0 0.227770 0.327424 0.040823 0.065265
5 0.207427 0.255437 0.053975 0.124511
