7 0.856073 0.596301 0.061353 0.062695
10 0.645023 0.673356 0.072586 0.079028
7 0.566463 0.710756 0.052483 0.059435
11 0.403732 0.769833 0.061313 0.080063
6 0.675741 0.583753 0.045536 0.050516
6 0.450334 0.668209 0.042659 0.050565
6 0.374021 0.699985 0.044669 0.049752
6 0.293720 0.730359 0.045040 0.050427
9 0.495331 0.560957 0.047970 0.062232
6 0.742890 0.399451 0.045628 0.050040
6 0.677102 0.419597 0.043456 0.050648
3 0.605331 0.445914 0.050615 0.061161
6 0.537316 0.474734 0.040142 0.049726
9 0.315706 0.546038 0.049805 0.065456
0 0.507120 0.405594 0.040542 0.055387
2 0.408108 0.361386 0.046012 0.073909
4 0.334727 0.377173 0.053032 0.090417
0 0.182283 0.435308 0.042940 0.056184
0 0.646019 0.221336 0.039742 0.056984
0 0.580299 0.241644 0.038555 0.056528
0 0.513464 0.262622 0.037477 0.055119
0 0.308284 0.325132 0.040423 0.056237
0 0.237579 0.346845 0.041058 0.056157
1 0.618474 0.160613 0.048727 0.066624
5 0.209000 0.262573 0.057563 0.102011
1 0.132636 0.299284 0.048657 0.070744
