7 0.837259 0.408436 0.041700 0.067183
7 0.766224 0.568396 0.046012 0.073333
11 0.722257 0.643686 0.057563 0.129620
10 0.707865 0.495906 0.050387 0.103876
6 0.669307 0.601804 0.039878 0.065757
6 0.647927 0.649413 0.042897 0.067900
6 0.622194 0.698795 0.042563 0.069018
6 0.664487 0.457543 0.037388 0.060106
6 0.618211 0.401870 0.034907 0.058317
3 0.597411 0.432973 0.042467 0.081481
6 0.577771 0.480385 0.036680 0.059778
6 0.581979 0.355422 0.034150 0.056650
0 0.511042 0.462373 0.038009 0.061644
4 0.450954 0.526450 0.050612 0.105942
0 0.324893 0.618591 0.041220 0.067183
0 0.459077 0.331384 0.033882 0.056518
0 0.433952 0.364077 0.035787 0.057037
9 0.412401 0.389147 0.040741 0.080522
0 0.322505 0.511824 0.039276 0.062312
0 0.292068 0.553614 0.039461 0.064226
5 0.251281 0.574142 0.057285 0.126028
1 0.399385 0.315212 0.038664 0.063909
1 0.288368 0.448150 0.042563 0.069593
