6 0.263948 0.501794 0.039676 0.062576
11 0.199876 0.458907 0.055493 0.119679
6 0.575860 0.525286 0.039411 0.063575
6 0.369400 0.471019 0.038211 0.061978
10 0.297176 0.441415 0.050959 0.102837
6 0.234139 0.441372 0.038264 0.060873
6 0.675428 0.494618 0.039474 0.062378
6 0.528566 0.463818 0.038919 0.060956
9 0.396278 0.419944 0.042946 0.080714
3 0.689178 0.442991 0.045724 0.086081
0 0.553462 0.419559 0.038413 0.062378
0 0.782131 0.429696 0.039276 0.063241
0 0.450026 0.350832 0.035417 0.059448
0 0.320878 0.321811 0.035347 0.058780
4 0.598690 0.329043 0.047163 0.098237
0 0.411190 0.302614 0.035007 0.057404
5 0.352629 0.262753 0.048313 0.114157
