10 0.354808 0.347120 0.043519 0.091448
6 0.498127 0.295628 0.030625 0.052255
11 0.541516 0.254719 0.040605 0.101918
6 0.342839 0.416438 0.034282 0.056786
6 0.493586 0.345441 0.032173 0.054196
6 0.577864 0.300021 0.030754 0.052126
6 0.326210 0.479195 0.037546 0.059845
6 0.435055 0.418494 0.034269 0.057913
0 0.478380 0.452366 0.037057 0.058859
0 0.347799 0.587482 0.042179 0.065374
4 0.574716 0.441964 0.048452 0.097870
0 0.624127 0.432106 0.035615 0.058194
3 0.669011 0.393651 0.040357 0.078413
0 0.715446 0.377978 0.034061 0.055863
0 0.718246 0.435258 0.036015 0.058380
5 0.771882 0.385180 0.057149 0.113330
9 0.512594 0.633938 0.047530 0.087712
