10 0.683249 0.408666 0.053720 0.113423
6 0.727556 0.465146 0.041620 0.070536
11 0.768831 0.471260 0.063912 0.146184
6 0.517860 0.348619 0.035549 0.062067
6 0.611731 0.442849 0.041458 0.068780
6 0.697128 0.517956 0.045374 0.074689
6 0.424072 0.329858 0.034983 0.061065
6 0.484960 0.388322 0.037864 0.065473
3 0.365116 0.330570 0.043598 0.087192
0 0.416415 0.401288 0.039782 0.066782
0 0.280726 0.324894 0.037384 0.061429
9 0.345979 0.404291 0.046587 0.093178
0 0.396334 0.488104 0.045056 0.072854
4 0.433171 0.508981 0.062560 0.126303
0 0.466438 0.576214 0.047130 0.079722
0 0.350863 0.547085 0.046243 0.077417
5 0.376095 0.562029 0.067784 0.159620
