11 0.800225 0.385511 0.059815 0.120440
6 0.749015 0.434554 0.038347 0.062976
6 0.803262 0.469595 0.040076 0.063509
6 0.500326 0.325972 0.035949 0.059352
6 0.640195 0.423886 0.037864 0.062983
9 0.699350 0.449777 0.046300 0.086657
6 0.400592 0.314013 0.035470 0.059593
6 0.497331 0.377634 0.037864 0.061432
0 0.443009 0.400711 0.038981 0.064067
10 0.256731 0.307956 0.050612 0.101918
4 0.343446 0.375217 0.050959 0.104911
0 0.482181 0.500364 0.040486 0.066144
0 0.593469 0.582297 0.043135 0.068707
0 0.197652 0.349144 0.038810 0.062176
0 0.479053 0.568345 0.043138 0.068780
5 0.532178 0.589187 0.061425 0.134312
3 0.312753 0.502644 0.049177 0.093370
