7 0.675428 0.316498 0.040605 0.067169
11 0.806364 0.319016 0.051763 0.120923
10 0.585332 0.322445 0.047067 0.099884
6 0.784512 0.378819 0.038264 0.062077
6 0.853484 0.393434 0.038502 0.062629
6 0.495212 0.355820 0.035813 0.060780
6 0.687358 0.400880 0.036984 0.062870
9 0.761832 0.404628 0.045245 0.087616
6 0.398193 0.374448 0.036882 0.061177
6 0.531738 0.402040 0.037477 0.062507
6 0.308310 0.392548 0.036587 0.060632
3 0.371554 0.401587 0.044769 0.087136
0 0.500832 0.439770 0.039276 0.064699
4 0.636766 0.459686 0.054868 0.108591
0 0.607290 0.515673 0.041538 0.067741
0 0.760799 0.551966 0.044289 0.068925
0 0.235079 0.470107 0.039974 0.064514
0 0.301814 0.486807 0.040903 0.066544
0 0.653638 0.576326 0.043730 0.070231
5 0.732894 0.572315 0.060794 0.138148
1 0.194426 0.506835 0.047450 0.076303
