7 0.855489 0.520418 0.047163 0.074481
9 0.735542 0.555103 0.047851 0.093519
10 0.676460 0.569213 0.058125 0.115952
7 0.543727 0.633780 0.049530 0.081878
11 0.467851 0.634947 0.061429 0.144114
6 0.802444 0.489959 0.038743 0.062774
6 0.746782 0.508527 0.038882 0.064302
6 0.688690 0.529430 0.040741 0.066432
9 0.564972 0.562859 0.047834 0.095294
6 0.492983 0.596053 0.042943 0.069977
6 0.426186 0.621645 0.043535 0.072054
6 0.352030 0.645852 0.043810 0.073237
6 0.644054 0.494878 0.037705 0.063188
8 0.455051 0.549302 0.049461 0.088095
2 0.558388 0.418920 0.041604 0.079084
2 0.516615 0.392307 0.041062 0.076928
0 0.460010 0.416032 0.036825 0.061190
0 0.205723 0.485714 0.040420 0.066303
0 0.588882 0.344843 0.033485 0.056319
0 0.535825 0.358910 0.035751 0.057649
0 0.480899 0.373647 0.034484 0.057851
0 0.307733 0.418995 0.037305 0.061911
0 0.246270 0.435527 0.037679 0.062642
1 0.552731 0.317490 0.035952 0.061243
3 0.446339 0.337338 0.039140 0.077566
4 0.392502 0.343882 0.044765 0.095284
5 0.273963 0.362642 0.049117 0.119173
1 0.146738 0.417414 0.042979 0.070298
