11 0.231100 0.495604 0.062120 0.139309
6 0.267121 0.475719 0.044633 0.070976
6 0.614540 0.497581 0.044140 0.071095
10 0.457731 0.444803 0.056601 0.117206
6 0.383343 0.441858 0.041779 0.070298
9 0.302500 0.416280 0.049431 0.093313
6 0.232692 0.411536 0.041858 0.068621
6 0.723355 0.464067 0.043297 0.070060
6 0.559453 0.433065 0.042847 0.068168
0 0.585899 0.385473 0.042659 0.070073
0 0.838500 0.394487 0.043767 0.070060
0 0.468355 0.313771 0.039686 0.066432
3 0.393938 0.291080 0.046587 0.089726
0 0.324446 0.284084 0.039011 0.065238
0 0.423510 0.263775 0.038826 0.065103
5 0.353714 0.218884 0.055093 0.127688
4 0.580982 0.235015 0.051210 0.107120
