7 0.171468 0.533676 0.050231 0.080235
9 0.239833 0.421769 0.048085 0.087196
10 0.267361 0.365954 0.054755 0.106749
11 0.297773 0.311053 0.052867 0.120784
9 0.320217 0.283361 0.044058 0.083628
7 0.367303 0.210212 0.040420 0.067341
6 0.250220 0.554730 0.044401 0.068502
6 0.281733 0.499640 0.042500 0.067262
6 0.309893 0.445590 0.041300 0.065665
6 0.337308 0.395719 0.039464 0.064944
6 0.388451 0.304315 0.037146 0.062388
6 0.409155 0.263558 0.037146 0.061190
6 0.431354 0.225359 0.035308 0.059196
3 0.386189 0.451797 0.048198 0.089970
8 0.454420 0.311414 0.042563 0.078509
6 0.504210 0.378679 0.038664 0.063429
0 0.634988 0.454856 0.041531 0.066624
2 0.671161 0.354005 0.049464 0.077070
0 0.660355 0.648317 0.047212 0.071978
0 0.678080 0.584314 0.045374 0.069580
0 0.695503 0.524778 0.044067 0.068036
0 0.739110 0.372796 0.040807 0.064243
0 0.751400 0.328904 0.037946 0.063667
0 0.766338 0.283411 0.038211 0.061644
1 0.750311 0.665061 0.055218 0.083879
2 0.763887 0.595967 0.056941 0.086835
3 0.779225 0.532811 0.053006 0.094828
4 0.793061 0.467971 0.060274 0.112140
5 0.820278 0.360030 0.063082 0.126858
1 0.839519 0.293651 0.048026 0.070364
