7 0.524856 0.236933 0.036141 0.059382
9 0.595936 0.283363 0.038056 0.075344
10 0.634443 0.303198 0.044864 0.094901
11 0.675795 0.325119 0.046935 0.113307
9 0.721771 0.371028 0.041220 0.079755
7 0.817950 0.443960 0.044001 0.068733
6 0.475698 0.259611 0.031554 0.053581
6 0.507988 0.285296 0.034673 0.054309
6 0.547469 0.312596 0.033019 0.055919
6 0.586455 0.341414 0.035622 0.056716
6 0.669704 0.404825 0.035949 0.059352
6 0.715665 0.437262 0.036680 0.061376
6 0.762548 0.473003 0.038476 0.061376
8 0.494544 0.328003 0.038823 0.072295
3 0.404053 0.315843 0.039917 0.077652
6 0.514038 0.416878 0.035483 0.059444
8 0.459739 0.438621 0.044001 0.077454
2 0.438013 0.503834 0.046475 0.080870
0 0.206379 0.365771 0.036349 0.057354
0 0.237454 0.396948 0.036481 0.058313
0 0.270853 0.430468 0.037388 0.059276
0 0.304220 0.463664 0.039226 0.062692
0 0.377343 0.538414 0.040261 0.063588
0 0.417206 0.578274 0.041700 0.065265
0 0.462068 0.625088 0.042979 0.067979
1 0.143246 0.385714 0.044864 0.066336
2 0.176014 0.414838 0.050023 0.073810
3 0.206865 0.446200 0.044405 0.083168
4 0.240157 0.473408 0.056022 0.102378
5 0.309934 0.545800 0.056872 0.123406
1 0.391572 0.654054 0.050089 0.079881
