7 0.183780 0.342479 0.042560 0.065797
10 0.381300 0.294945 0.045899 0.093634
7 0.502740 0.284521 0.038343 0.062791
11 0.565248 0.252844 0.044980 0.106521
6 0.200217 0.389696 0.037397 0.057996
6 0.336725 0.362935 0.035711 0.057437
6 0.529387 0.325471 0.034018 0.055453
6 0.588196 0.312657 0.034216 0.055387
6 0.646275 0.301495 0.033231 0.053922
6 0.354656 0.406407 0.037679 0.058317
9 0.489775 0.374296 0.040728 0.076495
9 0.553919 0.360463 0.040423 0.075410
6 0.305561 0.472125 0.039606 0.060579
2 0.447994 0.430141 0.043059 0.079084
0 0.498302 0.542581 0.040837 0.061544
2 0.565604 0.515456 0.045129 0.079643
0 0.768294 0.475680 0.040165 0.058092
0 0.291293 0.661090 0.045853 0.065823
0 0.373371 0.639105 0.043535 0.063905
0 0.451285 0.617707 0.042338 0.063826
3 0.525056 0.588563 0.047454 0.084838
0 0.665608 0.561695 0.039940 0.061511
0 0.732126 0.544373 0.041700 0.061253
1 0.313590 0.725023 0.052404 0.080602
4 0.554765 0.642381 0.057004 0.107394
5 0.778347 0.583654 0.072011 0.116759
1 0.843641 0.579431 0.054451 0.071799
