7 0.566343 0.662634 0.045456 0.073013
8 0.508810 0.625961 0.044193 0.079567
9 0.456496 0.593500 0.042907 0.080407
10 0.405352 0.557690 0.048429 0.097431
11 0.355780 0.522042 0.047500 0.109395
9 0.306255 0.509153 0.040982 0.077963
8 0.260947 0.486721 0.042497 0.071815
7 0.215572 0.465552 0.040661 0.061991
6 0.612021 0.627816 0.037070 0.059825
6 0.556528 0.597009 0.037612 0.059315
6 0.501237 0.568403 0.035628 0.058168
6 0.449476 0.539605 0.036114 0.057437
6 0.399529 0.512030 0.034798 0.054352
6 0.352725 0.485132 0.033790 0.054081
6 0.306713 0.462488 0.034683 0.053727
6 0.264679 0.439005 0.033552 0.054054
0 0.533686 0.420451 0.032510 0.054719
0 0.808924 0.459633 0.035308 0.056157
0 0.753092 0.435301 0.035079 0.056184
0 0.700438 0.412528 0.032946 0.053720
0 0.651440 0.391007 0.033264 0.054256
0 0.558403 0.349782 0.031343 0.051541
0 0.515382 0.330744 0.030757 0.050926
0 0.470170 0.309780 0.030433 0.050089
1 0.844380 0.427512 0.039878 0.062212
2 0.787763 0.401073 0.038535 0.069401
3 0.736729 0.376739 0.037877 0.071799
4 0.686958 0.349749 0.041892 0.085893
5 0.637999 0.321181 0.042851 0.102765
3 0.595723 0.316273 0.034990 0.069418
2 0.551701 0.300475 0.034818 0.064706
1 0.508285 0.285703 0.033482 0.055585
