11 0.773328 0.579603 0.064435 0.141296
6 0.689468 0.595126 0.044735 0.072295
6 0.676734 0.646586 0.045136 0.074772
6 0.656298 0.405481 0.039302 0.064864
10 0.636753 0.467321 0.051997 0.113995
6 0.615223 0.530109 0.041987 0.069881
9 0.604277 0.570195 0.050499 0.097890
6 0.594886 0.354902 0.036882 0.062510
6 0.573137 0.434119 0.039342 0.065638
0 0.498657 0.421313 0.040899 0.066065
0 0.480787 0.304292 0.037308 0.061270
4 0.445111 0.357697 0.050499 0.106174
0 0.383550 0.494150 0.044415 0.069259
3 0.367012 0.531152 0.051075 0.096511
0 0.340433 0.591199 0.044504 0.073813
0 0.287927 0.528257 0.042851 0.071032
5 0.255519 0.549170 0.061567 0.139974
