11 0.378775 0.303156 0.047483 0.116227
6 0.439311 0.339114 0.037305 0.060390
6 0.404299 0.497507 0.039702 0.065344
10 0.452740 0.403899 0.049177 0.103624
6 0.483659 0.386500 0.037312 0.061353
9 0.503515 0.341255 0.042083 0.081002
6 0.522062 0.320069 0.037384 0.058393
6 0.450734 0.555551 0.040899 0.067821
6 0.497698 0.468947 0.038426 0.064706
0 0.568998 0.483232 0.040165 0.065473
0 0.567603 0.633347 0.044418 0.071257
4 0.618256 0.521538 0.053145 0.113419
0 0.682181 0.422204 0.038185 0.063654
3 0.698490 0.374317 0.042675 0.085010
0 0.717619 0.350146 0.036587 0.060152
0 0.766741 0.397892 0.038277 0.062576
5 0.787859 0.335415 0.051306 0.121359
