10 0.351943 0.549259 0.056022 0.104220
6 0.258429 0.461799 0.039874 0.059980
11 0.195584 0.415561 0.062808 0.112087
6 0.563598 0.507526 0.039140 0.060714
4 0.493342 0.467308 0.052728 0.104220
6 0.366554 0.433228 0.037937 0.060179
6 0.240329 0.391468 0.037622 0.058234
6 0.668810 0.478662 0.039940 0.059911
6 0.526138 0.434325 0.038743 0.059034
3 0.692955 0.421288 0.045724 0.082536
0 0.557852 0.384992 0.038423 0.061081
0 0.788841 0.408634 0.040023 0.061991
9 0.587940 0.334487 0.041779 0.078366
0 0.465990 0.300891 0.035479 0.058383
0 0.343738 0.262092 0.034838 0.057583
0 0.435790 0.244469 0.034484 0.056518
5 0.380541 0.200911 0.047761 0.112087
