6 0.735976 0.336657 0.036508 0.060880
11 0.804058 0.314863 0.051627 0.125479
6 0.448881 0.338905 0.035069 0.061508
6 0.652315 0.361432 0.036746 0.062440
10 0.726685 0.347135 0.049580 0.105599
6 0.795767 0.372793 0.037705 0.063905
6 0.358489 0.362431 0.038810 0.061845
6 0.501680 0.374876 0.039233 0.063667
3 0.345064 0.382406 0.045552 0.089587
0 0.484939 0.409992 0.039719 0.066544
0 0.248355 0.420769 0.041141 0.066862
9 0.465585 0.436424 0.046819 0.092259
0 0.616556 0.466194 0.041141 0.068869
0 0.780336 0.481683 0.042179 0.072560
4 0.447745 0.466333 0.056019 0.115952
0 0.685106 0.514211 0.042976 0.071974
5 0.767543 0.496215 0.061224 0.143515
