11 0.566801 0.305446 0.046128 0.111237
6 0.584048 0.356933 0.037011 0.057450
6 0.642983 0.352007 0.032421 0.055919
6 0.339808 0.405437 0.035066 0.059345
10 0.469392 0.376675 0.046819 0.099044
6 0.535337 0.391878 0.034451 0.058638
9 0.601131 0.374319 0.039398 0.080251
6 0.280397 0.442009 0.037546 0.061776
6 0.420279 0.427688 0.036280 0.061177
0 0.434795 0.460990 0.038743 0.063350
4 0.378993 0.483853 0.052001 0.108704
0 0.590058 0.485002 0.038502 0.063747
3 0.661825 0.465607 0.046892 0.088429
0 0.731414 0.470906 0.038581 0.063188
0 0.240346 0.555666 0.041875 0.068436
0 0.681415 0.511966 0.039464 0.064864
5 0.758059 0.478163 0.056171 0.130308
