6 0.225559 0.391014 0.038426 0.063509
11 0.215723 0.334782 0.049831 0.121614
6 0.368623 0.520010 0.041538 0.070536
6 0.318173 0.414803 0.040175 0.064388
6 0.281126 0.355514 0.037285 0.060248
6 0.473623 0.549039 0.042272 0.071630
6 0.420235 0.471751 0.039940 0.066703
9 0.385637 0.394340 0.043905 0.086849
3 0.541085 0.523768 0.050258 0.099044
0 0.493934 0.461534 0.040420 0.067262
10 0.447543 0.377756 0.049464 0.104871
0 0.646847 0.569458 0.045724 0.074676
0 0.519653 0.390395 0.038942 0.062708
0 0.474841 0.331849 0.035681 0.059180
4 0.633557 0.427234 0.051075 0.109858
0 0.558552 0.354102 0.035615 0.060446
5 0.623380 0.319831 0.049140 0.121753
