10 0.536329 0.569792 0.058208 0.110430
4 0.659555 0.480476 0.059633 0.107811
6 0.353318 0.566227 0.042338 0.065106
11 0.273203 0.558156 0.059633 0.125063
6 0.622204 0.444478 0.039494 0.061349
6 0.408677 0.487728 0.040542 0.063776
6 0.256505 0.524988 0.040807 0.065572
6 0.661675 0.379258 0.037226 0.059441
6 0.526744 0.412245 0.038343 0.060311
3 0.632908 0.328084 0.043522 0.082153
0 0.502126 0.363302 0.037811 0.061776
0 0.670595 0.287612 0.035549 0.059114
9 0.479148 0.313090 0.041604 0.081386
0 0.345273 0.344807 0.037411 0.061511
0 0.199026 0.372206 0.039302 0.063075
0 0.258145 0.316515 0.037679 0.061111
5 0.186240 0.300708 0.055562 0.120324
