7 0.479443 0.194828 0.036531 0.060298
9 0.576574 0.244481 0.037705 0.073651
10 0.628309 0.264760 0.048542 0.092259
11 0.683525 0.287859 0.052685 0.107556
7 0.856248 0.397275 0.047768 0.065106
6 0.440929 0.225542 0.031819 0.054054
6 0.488828 0.252584 0.033218 0.054124
6 0.540107 0.280701 0.034606 0.054352
6 0.701645 0.371394 0.035618 0.055599
6 0.759059 0.401779 0.037146 0.056984
6 0.817778 0.434354 0.039669 0.057318
6 0.500989 0.309241 0.034683 0.055453
9 0.551217 0.332254 0.040165 0.075155
8 0.665446 0.396574 0.045132 0.074213
2 0.416344 0.367240 0.042100 0.075089
0 0.427105 0.445271 0.037946 0.059835
0 0.222326 0.379668 0.038423 0.058323
0 0.273953 0.413165 0.039144 0.059193
0 0.326895 0.447594 0.036614 0.058449
0 0.493902 0.556025 0.039676 0.060847
0 0.552778 0.593652 0.040807 0.061644
0 0.619129 0.637917 0.042338 0.062950
1 0.169944 0.411870 0.045053 0.069897
2 0.224854 0.442426 0.044656 0.077007
3 0.276979 0.477586 0.046683 0.082533
4 0.332553 0.505311 0.052731 0.102011
5 0.446648 0.580628 0.055790 0.113770
1 0.570660 0.680304 0.049560 0.075827
