3 0.499909 0.272731 0.043251 0.086964
6 0.641840 0.270461 0.035466 0.062470
11 0.709833 0.238527 0.050658 0.122576
6 0.365658 0.338953 0.038022 0.063105
6 0.582439 0.321539 0.037622 0.063747
10 0.653019 0.294439 0.050040 0.105599
6 0.724155 0.304828 0.038112 0.063426
6 0.290569 0.392723 0.040741 0.065347
6 0.446481 0.374200 0.039345 0.066303
0 0.453881 0.425218 0.042371 0.067295
0 0.212206 0.501187 0.044577 0.069306
0 0.622097 0.465172 0.043618 0.069213
4 0.706015 0.437082 0.058208 0.113423
0 0.788664 0.447171 0.044769 0.068925
0 0.722098 0.510488 0.046108 0.070360
5 0.809805 0.479008 0.068578 0.136991
9 0.653834 0.570785 0.052913 0.095605
