10 0.543461 0.497907 0.057860 0.116528
6 0.285967 0.510521 0.044573 0.067821
11 0.198600 0.481285 0.077027 0.127860
6 0.626357 0.455355 0.042001 0.066736
6 0.386088 0.447354 0.041124 0.066528
9 0.300304 0.439967 0.050959 0.088115
6 0.225509 0.448065 0.044815 0.066303
6 0.709311 0.397244 0.041941 0.065903
6 0.547146 0.400187 0.040099 0.063436
0 0.551290 0.345718 0.040582 0.065906
0 0.776963 0.304291 0.040261 0.065823
4 0.482771 0.282846 0.050615 0.106062
0 0.413973 0.297042 0.037001 0.063363
3 0.339268 0.289390 0.044745 0.085010
0 0.268009 0.295352 0.037943 0.062391
0 0.351549 0.255278 0.039494 0.061157
5 0.277688 0.225579 0.060324 0.122024
