7 0.538814 0.373256 0.037067 0.059990
7 0.686447 0.456023 0.040982 0.065665
11 0.776240 0.478920 0.052877 0.128376
10 0.590903 0.434449 0.047163 0.100076
6 0.720549 0.523277 0.038664 0.065106
6 0.766004 0.549737 0.040208 0.066637
6 0.500789 0.441835 0.035308 0.058796
6 0.612021 0.513044 0.037784 0.064064
9 0.660197 0.528356 0.045552 0.090529
6 0.406480 0.431794 0.034269 0.057913
6 0.482232 0.476890 0.037546 0.061591
6 0.323634 0.423150 0.033353 0.057583
3 0.351374 0.436840 0.042979 0.084276
0 0.420898 0.491811 0.038423 0.063509
4 0.490843 0.527963 0.052176 0.110569
0 0.428237 0.562922 0.042943 0.068059
0 0.514600 0.624079 0.042540 0.071763
0 0.202171 0.452874 0.037080 0.060179
0 0.231877 0.476361 0.038185 0.062708
0 0.403209 0.610412 0.042576 0.070136
5 0.441209 0.613619 0.059772 0.145354
1 0.137047 0.464516 0.043538 0.067662
1 0.255220 0.564542 0.048026 0.075731
