7 0.821314 0.322717 0.039494 0.065281
10 0.754821 0.408115 0.050040 0.103069
7 0.704906 0.499492 0.046981 0.073046
11 0.676506 0.520815 0.056485 0.129203
6 0.757968 0.312855 0.034349 0.056319
6 0.736634 0.342905 0.033485 0.057569
6 0.714623 0.375651 0.036429 0.058796
9 0.666978 0.437411 0.045053 0.085410
6 0.634603 0.485964 0.037308 0.063905
6 0.607260 0.527378 0.040076 0.065238
6 0.575033 0.570329 0.040423 0.067021
6 0.653137 0.360546 0.034349 0.057996
9 0.596019 0.419282 0.042447 0.083743
8 0.560303 0.371058 0.039944 0.071415
2 0.531146 0.323520 0.039382 0.071577
2 0.471634 0.312303 0.038743 0.070856
0 0.442933 0.349104 0.034484 0.058049
0 0.305377 0.489370 0.039411 0.064573
0 0.475253 0.250739 0.031088 0.053390
0 0.448115 0.277717 0.033175 0.055142
0 0.417664 0.306425 0.032397 0.055086
3 0.388575 0.326842 0.039702 0.078287
0 0.320875 0.398542 0.036815 0.060112
0 0.286152 0.432958 0.037814 0.061445
1 0.421956 0.236387 0.035149 0.058780
4 0.331825 0.304507 0.043366 0.093981
5 0.259881 0.358151 0.051905 0.116230
1 0.182397 0.449216 0.044815 0.071257
