10 0.452032 0.584850 0.053720 0.109282
6 0.287047 0.564400 0.040357 0.064322
11 0.211457 0.542584 0.056042 0.123819
6 0.573570 0.495637 0.037345 0.060976
6 0.359115 0.507779 0.038264 0.062708
6 0.211283 0.523826 0.039802 0.060880
6 0.631353 0.445428 0.036501 0.058416
6 0.491483 0.459130 0.036749 0.058717
3 0.615248 0.399739 0.043512 0.081865
0 0.481171 0.415929 0.037063 0.060873
4 0.343213 0.407998 0.050188 0.101875
0 0.668507 0.370040 0.035341 0.058717
9 0.473130 0.371422 0.040248 0.079563
0 0.339726 0.386202 0.035549 0.060473
0 0.198826 0.394160 0.036944 0.060112
0 0.267216 0.354729 0.034907 0.057679
5 0.199940 0.331156 0.049233 0.114917
