10 0.560466 0.322475 0.039782 0.086465
6 0.715522 0.403851 0.033816 0.054917
11 0.771467 0.404031 0.054408 0.111581
6 0.479388 0.342540 0.030489 0.052123
6 0.622121 0.409525 0.033171 0.055142
9 0.681510 0.424188 0.040103 0.076849
6 0.735640 0.456685 0.035790 0.057437
6 0.392629 0.345091 0.031065 0.052259
6 0.489572 0.387708 0.032953 0.054120
0 0.448578 0.416233 0.033816 0.055919
0 0.269959 0.373707 0.034150 0.054120
4 0.356410 0.406162 0.045632 0.093370
0 0.506506 0.502809 0.036267 0.059196
3 0.567693 0.522085 0.044573 0.084646
0 0.627563 0.564646 0.039676 0.062242
0 0.521455 0.569354 0.039874 0.062576
5 0.582354 0.584135 0.056733 0.122715
