11 0.528127 0.304216 0.045552 0.108704
6 0.552454 0.357412 0.032817 0.056386
6 0.609296 0.346214 0.032354 0.054881
6 0.331721 0.436004 0.035149 0.059315
6 0.519129 0.401429 0.034349 0.058049
9 0.580703 0.378563 0.039110 0.077933
6 0.286622 0.484525 0.036987 0.061670
6 0.419851 0.454130 0.036025 0.061032
0 0.445997 0.491448 0.039144 0.062308
10 0.261524 0.557507 0.053836 0.108221
0 0.604540 0.503471 0.037467 0.062629
0 0.733813 0.474200 0.037579 0.061362
0 0.287555 0.620772 0.042417 0.067821
4 0.498669 0.551594 0.053006 0.108360
0 0.700911 0.525402 0.039388 0.063826
5 0.771895 0.486017 0.056045 0.123819
3 0.599185 0.586100 0.047550 0.092027
