7 0.853006 0.394631 0.044193 0.071128
10 0.729435 0.511541 0.055079 0.107533
7 0.638719 0.622798 0.048409 0.075919
11 0.586412 0.660676 0.059907 0.123132
6 0.789006 0.371764 0.037874 0.058780
6 0.709810 0.454034 0.041028 0.062407
9 0.622566 0.535668 0.047930 0.085893
6 0.570192 0.593056 0.041779 0.065106
6 0.522693 0.644420 0.042417 0.065903
6 0.469595 0.696354 0.043535 0.066624
6 0.649173 0.424150 0.038426 0.059914
9 0.555916 0.500572 0.046495 0.083876
6 0.628261 0.353142 0.035628 0.058876
8 0.542149 0.426935 0.043618 0.074868
2 0.532449 0.358616 0.043039 0.076399
2 0.475142 0.334889 0.042083 0.076306
0 0.431460 0.379494 0.037226 0.060073
0 0.230478 0.548199 0.042655 0.064626
0 0.510152 0.248748 0.033869 0.056478
0 0.468558 0.282492 0.035628 0.057517
0 0.424952 0.318363 0.035116 0.057196
3 0.381290 0.346812 0.042421 0.079087
0 0.285471 0.430475 0.039494 0.060671
0 0.235999 0.470929 0.040344 0.061243
1 0.459730 0.223067 0.038105 0.063747
4 0.328437 0.312593 0.049560 0.096243
5 0.174322 0.417098 0.064649 0.114573
1 0.123484 0.479038 0.051207 0.072374
