7 0.280182 0.701028 0.053201 0.084358
9 0.252083 0.579408 0.050384 0.090761
10 0.237485 0.520731 0.056366 0.110430
11 0.225274 0.462550 0.057149 0.122440
9 0.210281 0.432330 0.046356 0.085929
7 0.186154 0.356660 0.043234 0.067963
6 0.366050 0.686887 0.044415 0.070698
6 0.348108 0.628932 0.042421 0.069259
6 0.328753 0.573619 0.041303 0.067345
6 0.312226 0.522070 0.039861 0.065906
6 0.282771 0.428643 0.038056 0.062404
6 0.267662 0.388061 0.036944 0.060513
6 0.255731 0.348907 0.036025 0.059276
8 0.407551 0.552006 0.047067 0.081386
3 0.508823 0.585931 0.049530 0.091769
6 0.442574 0.450311 0.038608 0.061111
8 0.510645 0.425238 0.045159 0.077937
0 0.602968 0.466415 0.039064 0.063829
2 0.558282 0.376033 0.041604 0.074964
0 0.760314 0.603477 0.044517 0.068568
0 0.727482 0.549674 0.042470 0.066571
0 0.697733 0.499861 0.039342 0.064041
0 0.620276 0.372209 0.037212 0.060046
0 0.598008 0.335205 0.035136 0.059180
0 0.575554 0.296953 0.034282 0.057252
1 0.836786 0.584568 0.051766 0.077166
2 0.800071 0.529277 0.051670 0.081002
3 0.767864 0.476396 0.047070 0.087520
4 0.738340 0.424658 0.050384 0.102722
5 0.685365 0.334148 0.048773 0.117907
1 0.638221 0.285119 0.038505 0.063988
