7 0.832634 0.535898 0.047133 0.071815
10 0.635349 0.567354 0.055559 0.109511
7 0.565685 0.599580 0.046779 0.075251
11 0.412442 0.611053 0.057146 0.132517
6 0.459034 0.573500 0.039306 0.065023
6 0.388074 0.590666 0.041062 0.065585
6 0.312520 0.606883 0.040899 0.067662
6 0.630660 0.488461 0.036412 0.059315
6 0.718206 0.427429 0.034349 0.055784
6 0.661323 0.436776 0.034616 0.056720
3 0.598355 0.442798 0.041690 0.078221
6 0.539388 0.464937 0.035628 0.058155
9 0.411430 0.479426 0.041538 0.081081
0 0.513310 0.427397 0.035681 0.058981
0 0.234162 0.440215 0.036280 0.060377
0 0.630141 0.338672 0.031088 0.052523
0 0.575961 0.347988 0.032120 0.053866
0 0.520055 0.357940 0.031677 0.053419
4 0.463216 0.350116 0.043482 0.090761
0 0.346624 0.386779 0.033882 0.056184
0 0.286463 0.397153 0.034838 0.056858
1 0.604479 0.309787 0.035347 0.057517
5 0.267682 0.339681 0.047163 0.110777
1 0.203705 0.371936 0.039137 0.063707
