10 0.754239 0.350504 0.054524 0.110294
6 0.677771 0.567571 0.044497 0.071895
11 0.651910 0.594320 0.064269 0.141948
6 0.677391 0.355759 0.039782 0.065374
6 0.612244 0.492019 0.043059 0.069501
6 0.570751 0.600980 0.045933 0.072695
6 0.622626 0.298211 0.037679 0.064041
6 0.586601 0.384345 0.039623 0.065979
9 0.535812 0.464962 0.048793 0.094229
3 0.560084 0.278714 0.045532 0.086369
0 0.513467 0.368118 0.040737 0.066462
0 0.516513 0.239577 0.037345 0.060847
4 0.417467 0.381176 0.052685 0.110202
0 0.386131 0.443399 0.042341 0.068380
0 0.323934 0.547824 0.044494 0.072533
0 0.283573 0.477106 0.042755 0.069497
5 0.208953 0.430919 0.060460 0.132520
