7 0.188254 0.487242 0.040741 0.066462
8 0.229297 0.446541 0.041062 0.072216
9 0.265650 0.410184 0.039302 0.074613
10 0.299056 0.370425 0.043714 0.090301
11 0.333780 0.330789 0.043829 0.103760
9 0.362187 0.313828 0.036147 0.070625
8 0.390304 0.287882 0.035304 0.065744
7 0.418833 0.263042 0.033558 0.056316
6 0.247063 0.510228 0.036329 0.058472
6 0.284172 0.472910 0.034686 0.056653
6 0.318747 0.435574 0.033935 0.055982
6 0.352270 0.400830 0.032431 0.055040
6 0.415068 0.336715 0.031220 0.052788
6 0.441781 0.307368 0.031154 0.051925
6 0.468996 0.279798 0.029957 0.050992
6 0.493557 0.402541 0.033317 0.054719
0 0.553697 0.421465 0.033393 0.055278
0 0.560119 0.620947 0.039226 0.062576
0 0.590329 0.574952 0.038264 0.060552
0 0.619263 0.532166 0.036587 0.059352
0 0.645731 0.493272 0.037626 0.058237
0 0.694681 0.420918 0.035215 0.055453
0 0.716612 0.387722 0.033310 0.055198
0 0.741119 0.353757 0.032887 0.054187
1 0.629858 0.642487 0.046091 0.073095
2 0.655610 0.590837 0.046591 0.077169
3 0.686104 0.544850 0.044722 0.081306
4 0.709790 0.496437 0.049468 0.098469
5 0.735825 0.450030 0.052318 0.112090
3 0.757009 0.430605 0.040645 0.077262
2 0.781119 0.399476 0.041181 0.068905
1 0.801172 0.368509 0.039077 0.061574
