6 0.425866 0.300514 0.034828 0.057437
11 0.457004 0.242641 0.050040 0.109282
6 0.371518 0.493241 0.038743 0.062110
6 0.464426 0.360933 0.036888 0.058849
10 0.486233 0.302135 0.046819 0.095936
6 0.511870 0.280782 0.035387 0.056875
6 0.409942 0.567578 0.040142 0.063839
6 0.467399 0.463861 0.038264 0.062708
3 0.475198 0.575921 0.048697 0.085506
0 0.535893 0.485306 0.039868 0.061670
4 0.588970 0.377196 0.051187 0.098697
0 0.515046 0.668375 0.043856 0.066862
9 0.604453 0.500830 0.046128 0.081905
0 0.657368 0.415408 0.038102 0.060552
0 0.702560 0.327905 0.035708 0.057834
0 0.744833 0.389119 0.037146 0.059911
5 0.771936 0.324869 0.053145 0.114712
