7 0.148975 0.346918 0.044974 0.073095
7 0.438313 0.312224 0.042659 0.071095
11 0.582629 0.269517 0.050384 0.123823
10 0.388092 0.346225 0.051766 0.108085
6 0.531903 0.342799 0.038151 0.063747
6 0.602072 0.332859 0.038515 0.063905
6 0.671083 0.324038 0.037768 0.063267
6 0.326319 0.412503 0.040933 0.066230
6 0.179722 0.477025 0.042738 0.069897
6 0.257543 0.467583 0.042659 0.069021
3 0.342855 0.441921 0.049924 0.098122
6 0.417674 0.440966 0.041306 0.070218
0 0.434354 0.489003 0.044190 0.069884
4 0.595527 0.452092 0.056366 0.114917
0 0.775503 0.491276 0.043618 0.069689
0 0.212599 0.632994 0.047546 0.076690
0 0.302300 0.618441 0.047212 0.075731
9 0.385972 0.591918 0.052242 0.099120
0 0.640172 0.565311 0.045933 0.074372
0 0.719271 0.552374 0.045341 0.073247
5 0.807869 0.513528 0.064739 0.141627
1 0.224200 0.687657 0.057037 0.091644
1 0.576237 0.630754 0.054735 0.087903
