7 0.822951 0.577789 0.054448 0.077457
10 0.587632 0.602841 0.059127 0.108247
11 0.504831 0.611149 0.058803 0.119401
9 0.420400 0.631944 0.050959 0.086852
7 0.250888 0.662622 0.052913 0.080179
6 0.791414 0.525574 0.042655 0.063079
6 0.715253 0.530415 0.041220 0.063171
6 0.406794 0.573342 0.042371 0.064706
6 0.323538 0.584747 0.044769 0.064514
8 0.619641 0.479216 0.045724 0.083876
6 0.470117 0.505989 0.040069 0.060966
8 0.395989 0.510258 0.047930 0.087222
6 0.236445 0.539350 0.044603 0.065440
6 0.599919 0.434046 0.041233 0.060103
6 0.533194 0.440949 0.039114 0.060489
2 0.458682 0.440809 0.046015 0.080916
9 0.382847 0.450112 0.045919 0.083300
0 0.511134 0.384726 0.038664 0.062149
3 0.218216 0.413290 0.047688 0.084517
0 0.564773 0.332561 0.038105 0.060552
0 0.424218 0.347636 0.038813 0.061442
0 0.679489 0.273686 0.036194 0.058634
0 0.614661 0.282073 0.036108 0.058955
2 0.483972 0.289000 0.041892 0.077073
0 0.343502 0.310157 0.037282 0.060380
0 0.275068 0.316348 0.038079 0.059845
0 0.200514 0.323138 0.039150 0.060377
1 0.660873 0.228090 0.040608 0.065440
4 0.467875 0.237503 0.046108 0.096435
5 0.403456 0.235035 0.049835 0.115122
3 0.335382 0.256997 0.041220 0.079484
1 0.195703 0.275562 0.042404 0.067235
