7 0.807145 0.540795 0.046108 0.071128
11 0.387001 0.600010 0.054663 0.124511
6 0.773839 0.504631 0.037784 0.059593
6 0.438591 0.562012 0.037546 0.062629
9 0.676946 0.464664 0.042563 0.079851
6 0.486281 0.508018 0.036267 0.059276
6 0.415344 0.521956 0.038505 0.060790
6 0.279223 0.545627 0.040020 0.061829
6 0.533533 0.456093 0.035228 0.057834
0 0.631478 0.396562 0.034590 0.057517
0 0.508737 0.415177 0.035311 0.058317
0 0.663671 0.353228 0.033313 0.055040
7 0.608151 0.360865 0.037679 0.061710
2 0.365881 0.396348 0.040023 0.074692
5 0.405997 0.334550 0.044745 0.109854
0 0.343909 0.367927 0.033750 0.056250
0 0.282164 0.376215 0.034752 0.056452
0 0.215030 0.385101 0.035615 0.057318
1 0.618583 0.290600 0.037106 0.059243
1 0.507513 0.306106 0.036501 0.060301
