7 0.385375 0.324522 0.036280 0.059712
11 0.739441 0.375605 0.046012 0.111925
6 0.658477 0.417574 0.034190 0.057517
9 0.397389 0.386941 0.039302 0.078988
6 0.577717 0.433591 0.033872 0.058075
6 0.644977 0.447409 0.035628 0.058872
6 0.770913 0.473514 0.036283 0.059712
6 0.308694 0.411629 0.034550 0.057450
6 0.489795 0.448588 0.034550 0.059246
0 0.340382 0.455068 0.037768 0.060394
0 0.465805 0.485236 0.037576 0.060870
0 0.245931 0.478259 0.039276 0.061445
7 0.308778 0.489134 0.042338 0.068459
2 0.577257 0.541357 0.044977 0.082133
5 0.485554 0.547097 0.053952 0.127685
0 0.557773 0.591019 0.041220 0.065761
0 0.627034 0.607938 0.040165 0.067007
0 0.703672 0.626725 0.041220 0.067199
1 0.181301 0.546146 0.046207 0.073046
1 0.390245 0.591000 0.045853 0.075010
