7 0.523054 0.273882 0.036610 0.063241
6 0.652330 0.465440 0.038634 0.063651
11 0.687374 0.487140 0.060959 0.127050
1 0.480984 0.319972 0.039144 0.065823
9 0.534512 0.385073 0.042563 0.083856
6 0.559489 0.435293 0.037192 0.061829
6 0.589684 0.482503 0.039878 0.066336
6 0.468183 0.402269 0.036908 0.061733
6 0.578229 0.595332 0.044957 0.069785
0 0.397682 0.417971 0.038651 0.062808
2 0.373271 0.517674 0.048122 0.081002
0 0.422125 0.632622 0.044977 0.071779
7 0.221850 0.322133 0.042021 0.065258
1 0.228676 0.360425 0.043614 0.069018
5 0.273409 0.466070 0.055628 0.128515
0 0.293231 0.543532 0.044173 0.068214
0 0.309969 0.596503 0.044058 0.070400
