6 0.695554 0.504821 0.036425 0.065569
11 0.682641 0.531293 0.064051 0.132930
6 0.636224 0.445483 0.037864 0.062149
6 0.621844 0.493694 0.040103 0.065106
6 0.584258 0.388049 0.035387 0.060073
6 0.508221 0.577340 0.043148 0.069659
1 0.550946 0.303507 0.037626 0.064064
0 0.514225 0.376607 0.036233 0.060582
2 0.410177 0.440144 0.044864 0.081002
0 0.376204 0.491121 0.041184 0.065913
0 0.356124 0.544443 0.042540 0.068304
7 0.451156 0.259352 0.036908 0.060079
9 0.433158 0.280620 0.038664 0.077087
0 0.335828 0.436252 0.039110 0.063614
5 0.264975 0.396850 0.056181 0.124937
