7 0.745508 0.436687 0.033872 0.054656
1 0.720779 0.467812 0.034018 0.055281
9 0.698805 0.492017 0.035069 0.067024
6 0.622011 0.600587 0.032513 0.053363
11 0.592178 0.620418 0.046703 0.102034
6 0.597007 0.545187 0.031237 0.050089
6 0.568449 0.582493 0.032751 0.051687
6 0.574760 0.491066 0.030195 0.049210
6 0.452166 0.632016 0.033300 0.053853
0 0.521427 0.472093 0.030347 0.049372
2 0.416829 0.511863 0.035747 0.065308
0 0.348368 0.587308 0.033065 0.052646
7 0.515757 0.361605 0.029901 0.049983
1 0.484244 0.384853 0.031716 0.052087
5 0.395365 0.449259 0.040069 0.094325
0 0.363366 0.500094 0.031091 0.050327
0 0.329229 0.531037 0.031687 0.050526
