7 0.180908 0.551263 0.042563 0.064034
7 0.361047 0.347842 0.038151 0.058581
11 0.388018 0.294302 0.042675 0.096627
6 0.239144 0.578899 0.037321 0.055999
9 0.380000 0.401761 0.037672 0.069401
6 0.413085 0.370546 0.031290 0.051647
6 0.443922 0.334423 0.032156 0.051260
10 0.340830 0.545124 0.048889 0.092497
6 0.376415 0.513831 0.034795 0.054064
6 0.436240 0.429716 0.032421 0.051991
8 0.463181 0.385475 0.037811 0.066835
6 0.518348 0.318786 0.031286 0.050602
6 0.430433 0.535830 0.035278 0.054735
6 0.460484 0.495574 0.034415 0.053383
9 0.520456 0.406295 0.037546 0.068621
4 0.426090 0.648333 0.049177 0.092791
0 0.525689 0.519253 0.035149 0.054054
3 0.628624 0.350638 0.037705 0.067983
0 0.528485 0.639411 0.037011 0.055655
0 0.554815 0.590881 0.037612 0.054851
0 0.612730 0.499182 0.035215 0.053191
0 0.557943 0.723889 0.039345 0.056984
2 0.644325 0.565653 0.044385 0.068059
3 0.672050 0.516116 0.041462 0.071815
0 0.696343 0.479970 0.034431 0.052804
0 0.719788 0.440551 0.033552 0.052252
0 0.744512 0.400486 0.033310 0.050569
1 0.628609 0.750809 0.046650 0.069897
5 0.735086 0.531095 0.055218 0.098929
1 0.802915 0.419251 0.042179 0.060870
