6 0.663085 0.608320 0.037672 0.061925
11 0.644873 0.642829 0.055215 0.117331
1 0.650845 0.403955 0.041220 0.065761
6 0.610794 0.542897 0.037388 0.059339
6 0.593588 0.596913 0.038823 0.060585
6 0.562161 0.477315 0.035837 0.058360
6 0.480817 0.685918 0.041462 0.063429
0 0.490833 0.463813 0.037500 0.059702
2 0.385906 0.538955 0.044385 0.078029
0 0.353196 0.594549 0.040837 0.062808
0 0.335137 0.651892 0.041068 0.064074
7 0.427239 0.317181 0.037467 0.062536
5 0.335309 0.462265 0.051306 0.114101
0 0.310980 0.533466 0.039686 0.060966
9 0.320863 0.376569 0.040933 0.077265
