7 0.400746 0.676928 0.048409 0.079947
6 0.274909 0.470936 0.036187 0.060794
11 0.253290 0.411601 0.050952 0.115952
1 0.449734 0.606258 0.046571 0.077087
6 0.361614 0.493080 0.035470 0.060632
6 0.334828 0.456477 0.038280 0.060790
6 0.453641 0.516566 0.037388 0.061432
6 0.351822 0.377566 0.033618 0.056316
0 0.521263 0.497393 0.039259 0.063112
9 0.467280 0.418919 0.041220 0.079947
2 0.521693 0.412348 0.040020 0.072533
0 0.502115 0.384982 0.034349 0.057596
0 0.468404 0.355663 0.033072 0.055837
7 0.742880 0.587326 0.046184 0.072774
1 0.711984 0.543489 0.045628 0.072566
5 0.613056 0.410622 0.047970 0.114226
0 0.581974 0.401733 0.036111 0.058638
