7 0.411954 0.396761 0.038743 0.062384
7 0.715131 0.462100 0.041379 0.067024
11 0.782631 0.449170 0.048555 0.119980
6 0.385643 0.425640 0.035069 0.057517
9 0.628034 0.467533 0.042497 0.083479
6 0.692933 0.492703 0.036825 0.060473
6 0.761592 0.507882 0.038985 0.062708
10 0.414810 0.449916 0.047854 0.100539
6 0.605045 0.507383 0.036809 0.061710
8 0.670170 0.512555 0.045532 0.080618
6 0.808523 0.549501 0.039864 0.065423
6 0.451665 0.507803 0.037080 0.063105
6 0.508968 0.520570 0.036812 0.063039
9 0.644507 0.539980 0.044286 0.088671
4 0.289320 0.492513 0.048773 0.104107
0 0.484757 0.554945 0.040453 0.064990
3 0.765579 0.607908 0.047354 0.093654
0 0.320025 0.562424 0.039005 0.065185
0 0.382386 0.574549 0.040261 0.066240
0 0.216060 0.579294 0.040261 0.066524
2 0.419906 0.618682 0.047450 0.087999
3 0.493813 0.633968 0.049233 0.096052
0 0.567204 0.662728 0.042794 0.070284
0 0.639099 0.681075 0.043251 0.071779
0 0.720141 0.701263 0.043138 0.072354
1 0.176118 0.612503 0.047738 0.076495
5 0.458814 0.651892 0.059468 0.141462
1 0.690904 0.738441 0.051478 0.085030
