7 0.840398 0.578335 0.047741 0.078800
7 0.698732 0.608223 0.048806 0.080043
11 0.387503 0.648638 0.060132 0.141647
6 0.801374 0.542518 0.042272 0.066505
9 0.515693 0.588047 0.048542 0.095248
6 0.437229 0.612068 0.042560 0.070552
6 0.358097 0.628796 0.046491 0.071224
10 0.695063 0.495319 0.053836 0.109626
6 0.484357 0.555716 0.040261 0.066862
8 0.412816 0.563667 0.050830 0.089828
6 0.258690 0.601331 0.044193 0.070552
6 0.531726 0.500236 0.039782 0.065023
9 0.386758 0.515595 0.047642 0.092407
4 0.699170 0.405572 0.048889 0.104332
0 0.500028 0.458213 0.039878 0.065473
3 0.211009 0.500832 0.048889 0.092695
0 0.598667 0.401751 0.037388 0.062404
0 0.637682 0.359524 0.036429 0.060582
2 0.448146 0.384899 0.043330 0.080427
3 0.377201 0.393671 0.042946 0.085218
0 0.309330 0.414618 0.038343 0.063747
0 0.241070 0.425481 0.039223 0.063905
0 0.166298 0.436586 0.040341 0.064706
1 0.609765 0.324883 0.041382 0.066782
1 0.288434 0.376721 0.043138 0.070169
5 0.224441 0.363424 0.052440 0.124236
