7 0.815494 0.413796 0.045532 0.060192
8 0.788864 0.451551 0.051862 0.066528
9 0.758361 0.492991 0.046108 0.070552
10 0.735704 0.529577 0.060972 0.087771
11 0.704294 0.574405 0.061763 0.097202
9 0.660531 0.633958 0.046128 0.069940
8 0.629160 0.687445 0.048089 0.070777
7 0.586758 0.750608 0.047212 0.067579
6 0.757206 0.393436 0.033419 0.050192
6 0.724487 0.428151 0.034947 0.050794
6 0.693532 0.467727 0.034418 0.051326
6 0.632482 0.554760 0.036280 0.051524
6 0.596434 0.602019 0.036882 0.053257
6 0.557191 0.654982 0.038277 0.053588
6 0.521644 0.710962 0.038810 0.054114
6 0.557779 0.450175 0.032788 0.050483
0 0.499661 0.422555 0.033019 0.051326
0 0.503256 0.276554 0.029236 0.049286
0 0.472305 0.308108 0.030126 0.049610
0 0.438829 0.340580 0.030754 0.050327
0 0.368413 0.409879 0.032593 0.051524
0 0.324876 0.450142 0.034831 0.052004
0 0.282538 0.489684 0.035466 0.052483
0 0.233729 0.534818 0.038502 0.053280
1 0.457341 0.253087 0.032619 0.054851
2 0.425007 0.279107 0.033644 0.062116
3 0.389653 0.309830 0.035946 0.066432
4 0.356222 0.337483 0.039917 0.082480
5 0.317986 0.365127 0.047050 0.097662
3 0.277161 0.415038 0.040069 0.067900
2 0.231372 0.454638 0.046892 0.066782
1 0.183361 0.500595 0.047450 0.062070
