7 0.652080 0.289479 0.039782 0.066703
11 0.792659 0.463833 0.061290 0.140966
6 0.687060 0.461779 0.040933 0.069114
6 0.594406 0.430375 0.039296 0.066524
6 0.617609 0.469922 0.042176 0.070658
6 0.662626 0.549213 0.045357 0.075536
9 0.458781 0.294003 0.043218 0.084838
6 0.503001 0.396515 0.038423 0.066224
0 0.426462 0.403261 0.041528 0.068214
7 0.320602 0.311534 0.043618 0.068142
2 0.385618 0.478199 0.050040 0.087715
5 0.287558 0.423485 0.057702 0.141078
0 0.301136 0.495109 0.044289 0.073525
0 0.311536 0.536665 0.045149 0.075155
0 0.323664 0.584547 0.047930 0.076978
1 0.183649 0.353682 0.044256 0.071815
1 0.205784 0.419524 0.048505 0.076878
