6 0.566460 0.342834 0.031392 0.052566
6 0.521405 0.387849 0.032513 0.053601
6 0.584952 0.380099 0.033072 0.053763
11 0.645460 0.350276 0.049233 0.104911
6 0.468843 0.437255 0.034590 0.056078
6 0.723122 0.405220 0.034881 0.054653
0 0.485995 0.489330 0.036614 0.055718
0 0.745742 0.455478 0.038026 0.053919
1 0.355311 0.552855 0.044974 0.069897
9 0.430279 0.540623 0.043522 0.075923
2 0.635200 0.510893 0.043218 0.077249
0 0.704858 0.515618 0.038664 0.056806
7 0.439957 0.602703 0.044015 0.069342
0 0.664478 0.575167 0.039061 0.058476
5 0.696028 0.615802 0.064325 0.110294
