7 0.527844 0.263836 0.037388 0.064306
6 0.652879 0.474428 0.038476 0.062381
11 0.686367 0.502140 0.060460 0.125337
6 0.560094 0.441566 0.037146 0.061247
6 0.589264 0.493284 0.039474 0.065238
6 0.647138 0.597168 0.044342 0.068383
9 0.412502 0.279671 0.039302 0.079005
6 0.468395 0.405885 0.036280 0.061842
0 0.396900 0.423165 0.038985 0.061991
7 0.281867 0.309764 0.042497 0.066703
2 0.369699 0.532454 0.049127 0.078604
0 0.416189 0.655364 0.045440 0.069365
1 0.230582 0.362462 0.044735 0.069501
5 0.269461 0.480164 0.059081 0.125890
0 0.288991 0.560038 0.044015 0.066386
0 0.304780 0.617002 0.044633 0.068330
1 0.157622 0.373381 0.047784 0.070460
