7 0.373699 0.297462 0.037411 0.060711
10 0.547603 0.321017 0.044385 0.093079
11 0.610605 0.324507 0.045668 0.111237
9 0.673338 0.356093 0.038528 0.077358
7 0.801470 0.388436 0.041028 0.065761
6 0.351301 0.333391 0.033390 0.054798
6 0.408019 0.348770 0.033234 0.055840
6 0.653826 0.401867 0.036713 0.057900
6 0.721167 0.417684 0.036429 0.058476
8 0.447394 0.388312 0.039782 0.074454
6 0.572345 0.424729 0.035179 0.058380
8 0.636939 0.430043 0.041405 0.077348
6 0.772740 0.467865 0.038727 0.060870
6 0.423957 0.433125 0.036346 0.060152
6 0.482631 0.446748 0.035308 0.059435
9 0.616784 0.469496 0.042946 0.081577
0 0.460944 0.494701 0.038409 0.060777
3 0.743714 0.549049 0.046653 0.085241
0 0.368352 0.522335 0.040407 0.062176
0 0.508315 0.558323 0.040671 0.062976
2 0.574243 0.564320 0.045728 0.085122
0 0.200676 0.535435 0.040010 0.062510
0 0.270288 0.551612 0.039874 0.062642
2 0.407149 0.578163 0.049081 0.084931
0 0.557556 0.625390 0.042824 0.066065
0 0.629815 0.644403 0.042738 0.066544
0 0.711817 0.666691 0.042979 0.066703
1 0.163328 0.581766 0.048330 0.074530
4 0.381230 0.620131 0.054411 0.109858
5 0.454139 0.633578 0.058899 0.126997
3 0.530131 0.669643 0.049282 0.091257
1 0.690375 0.718439 0.051683 0.080761
