11 0.234939 0.575686 0.066121 0.120923
7 0.737406 0.656849 0.053032 0.081210
6 0.347419 0.557970 0.040982 0.063988
6 0.446994 0.524458 0.039140 0.061991
6 0.372543 0.508282 0.039623 0.062708
6 0.241232 0.475390 0.040208 0.061111
9 0.763834 0.537244 0.048727 0.083376
6 0.546648 0.491493 0.039064 0.061042
0 0.567667 0.437277 0.038535 0.061829
7 0.796725 0.439137 0.047550 0.070939
2 0.457235 0.362693 0.041462 0.076690
1 0.737252 0.380450 0.043697 0.068300
5 0.540804 0.316434 0.047970 0.113079
0 0.476043 0.326817 0.036716 0.057517
0 0.418575 0.313877 0.034511 0.056749
0 0.356027 0.299735 0.034415 0.056845
1 0.754411 0.338857 0.043135 0.065665
