7 0.818715 0.537470 0.045823 0.072566
11 0.416887 0.623710 0.056319 0.132791
6 0.454071 0.587192 0.039590 0.065761
9 0.674277 0.475212 0.044058 0.083743
6 0.489492 0.532505 0.037960 0.061637
6 0.420519 0.551584 0.040549 0.065284
6 0.285637 0.585298 0.041141 0.066224
6 0.699426 0.434420 0.035374 0.058859
6 0.525556 0.478681 0.036706 0.061303
0 0.611339 0.414673 0.036521 0.060106
0 0.490689 0.441571 0.037146 0.061429
7 0.635227 0.372047 0.040493 0.063267
2 0.339921 0.434220 0.041700 0.078604
5 0.370142 0.369416 0.047970 0.115837
0 0.307574 0.409127 0.036478 0.059782
0 0.245432 0.421640 0.036544 0.060046
0 0.176632 0.435387 0.038476 0.061045
1 0.515111 0.326227 0.037543 0.062070
1 0.404846 0.351951 0.037814 0.064107
