7 0.566179 0.328403 0.033006 0.054755
11 0.709005 0.449352 0.050152 0.096052
7 0.826422 0.588619 0.044649 0.063667
6 0.522470 0.349183 0.029405 0.048598
9 0.654749 0.482846 0.038664 0.069580
6 0.690964 0.530491 0.033118 0.051591
6 0.730759 0.574459 0.035281 0.054256
10 0.503785 0.388360 0.043905 0.083783
6 0.534375 0.437143 0.031250 0.050423
6 0.605503 0.511531 0.032976 0.051574
8 0.645956 0.545007 0.043710 0.066733
6 0.723823 0.638133 0.036746 0.056319
6 0.487928 0.454734 0.032880 0.052437
6 0.518127 0.489578 0.032305 0.052913
9 0.590349 0.565422 0.041412 0.071895
4 0.371892 0.387622 0.041508 0.083016
0 0.463937 0.516085 0.034349 0.052884
3 0.615711 0.685288 0.043234 0.074292
0 0.379182 0.498272 0.034831 0.053204
0 0.445245 0.583747 0.036429 0.054643
0 0.262351 0.442194 0.033790 0.052563
0 0.293426 0.480337 0.034907 0.053280
2 0.354666 0.555856 0.042136 0.068558
0 0.424034 0.653725 0.037784 0.056558
0 0.458586 0.701655 0.038026 0.057834
0 0.497968 0.756217 0.038502 0.057996
1 0.203404 0.460317 0.039210 0.061045
5 0.328257 0.611849 0.050959 0.105026
3 0.362366 0.672841 0.044177 0.074610
1 0.435896 0.781599 0.044960 0.070552
