11 0.793886 0.492988 0.054663 0.125618
7 0.544188 0.333968 0.038502 0.064147
6 0.691725 0.497232 0.037226 0.063108
6 0.599182 0.474466 0.036187 0.061670
6 0.633292 0.512252 0.039223 0.065185
6 0.699395 0.587422 0.041541 0.068938
9 0.432735 0.347611 0.040820 0.079726
6 0.506037 0.449142 0.036028 0.061670
0 0.438651 0.464401 0.038175 0.062467
7 0.307348 0.378224 0.042474 0.066303
2 0.430020 0.547077 0.046012 0.079947
1 0.265929 0.421991 0.042500 0.068618
5 0.329246 0.504099 0.053975 0.129481
0 0.356840 0.572472 0.043132 0.067411
0 0.380823 0.613423 0.042321 0.069709
0 0.409350 0.660875 0.043495 0.070976
1 0.240840 0.503958 0.045344 0.073142
