7 0.668525 0.702493 0.050384 0.081673
7 0.311574 0.590979 0.046587 0.075443
11 0.242057 0.551047 0.056303 0.123905
6 0.696242 0.658194 0.045195 0.068446
9 0.414580 0.562199 0.047163 0.087196
6 0.348679 0.549845 0.038819 0.064226
6 0.282588 0.530483 0.039686 0.064610
10 0.655043 0.568550 0.054755 0.108938
6 0.448228 0.527654 0.038333 0.062212
8 0.382571 0.502498 0.044527 0.082477
6 0.256177 0.474020 0.038823 0.061353
6 0.550379 0.504940 0.038185 0.062229
9 0.418226 0.457636 0.043714 0.083399
4 0.782672 0.497149 0.052685 0.108016
0 0.579983 0.458578 0.038743 0.063188
3 0.325666 0.382877 0.043905 0.082057
0 0.737110 0.454158 0.038631 0.062979
0 0.832970 0.435321 0.039398 0.062500
2 0.634673 0.379377 0.042275 0.077265
3 0.569410 0.359993 0.041796 0.080522
0 0.507530 0.353181 0.037011 0.059114
0 0.449914 0.338070 0.035351 0.058846
0 0.388535 0.321794 0.035615 0.058251
1 0.856253 0.392682 0.043519 0.069213
1 0.536906 0.315370 0.039871 0.065344
5 0.480746 0.281830 0.047278 0.112847
