7 0.587277 0.285174 0.034269 0.058396
11 0.783477 0.453494 0.056941 0.123085
6 0.537149 0.300488 0.030899 0.052199
6 0.679689 0.458079 0.036812 0.060681
6 0.716691 0.499921 0.039110 0.064802
3 0.477685 0.302829 0.035549 0.073654
6 0.588477 0.436989 0.035182 0.059335
8 0.622269 0.466812 0.043135 0.078221
6 0.694836 0.558924 0.041789 0.068925
9 0.424092 0.312535 0.036346 0.074772
6 0.497889 0.413456 0.034415 0.058856
0 0.388608 0.364211 0.034511 0.056749
0 0.432657 0.431746 0.036908 0.060106
3 0.554628 0.591536 0.050136 0.094613
0 0.304347 0.349977 0.035083 0.056270
7 0.352212 0.409449 0.041858 0.066703
2 0.423146 0.522794 0.046683 0.078704
9 0.281356 0.419835 0.042500 0.081402
0 0.348413 0.552490 0.041872 0.067295
0 0.371644 0.599884 0.042573 0.068902
0 0.399947 0.655329 0.045093 0.071895
1 0.178889 0.374403 0.043935 0.065903
1 0.210045 0.441673 0.045374 0.070298
5 0.293853 0.592335 0.062672 0.137348
