7 0.346225 0.332598 0.037556 0.060777
11 0.715918 0.344651 0.045208 0.111121
6 0.332528 0.365537 0.033872 0.055281
6 0.644729 0.396480 0.034511 0.056650
9 0.380509 0.396696 0.039782 0.078975
6 0.571834 0.422841 0.034044 0.058380
6 0.641420 0.428687 0.035949 0.059530
6 0.771746 0.440643 0.036746 0.059990
6 0.489914 0.449249 0.036620 0.060007
0 0.341916 0.475210 0.037801 0.060949
0 0.479064 0.490987 0.038545 0.061776
0 0.252014 0.512194 0.040741 0.062550
7 0.470655 0.529658 0.043426 0.071128
2 0.610068 0.535856 0.045215 0.083796
5 0.528810 0.556858 0.054663 0.128790
0 0.605847 0.591381 0.041316 0.066240
0 0.679899 0.600200 0.041604 0.067583
0 0.762340 0.610218 0.042755 0.067487
1 0.206665 0.595456 0.048985 0.076786
1 0.356293 0.612021 0.047930 0.078604
