7 0.851015 0.387568 0.041700 0.069580
7 0.779335 0.582035 0.049120 0.076835
11 0.768127 0.603872 0.057808 0.136825
6 0.784744 0.381574 0.036075 0.060046
9 0.722750 0.518454 0.049005 0.091564
6 0.702809 0.571222 0.041987 0.068158
6 0.683514 0.617945 0.044097 0.070360
10 0.697568 0.386739 0.049560 0.102381
6 0.648365 0.515903 0.041220 0.065026
8 0.634163 0.551754 0.047738 0.081326
6 0.592487 0.647798 0.042897 0.071574
6 0.615537 0.428150 0.039296 0.063271
6 0.598127 0.460182 0.038026 0.064067
9 0.556460 0.530025 0.046591 0.091564
4 0.584029 0.328256 0.045341 0.099024
0 0.527229 0.449719 0.039464 0.064147
3 0.434104 0.604438 0.050615 0.095384
0 0.493990 0.370394 0.036921 0.060794
0 0.479659 0.401789 0.037943 0.062070
0 0.454653 0.326098 0.034742 0.060073
2 0.390422 0.420721 0.045374 0.077804
3 0.361440 0.455164 0.048218 0.088383
0 0.337736 0.504390 0.040069 0.066432
0 0.309360 0.544076 0.041028 0.067966
0 0.277928 0.589234 0.043522 0.069501
1 0.389853 0.313581 0.040182 0.065423
1 0.263127 0.487584 0.049560 0.074580
5 0.240804 0.501229 0.056872 0.131829
