7 0.760585 0.715463 0.053968 0.071991
11 0.313995 0.600966 0.053029 0.107097
6 0.762302 0.660220 0.040741 0.057517
9 0.476592 0.588404 0.044058 0.075804
6 0.407303 0.577900 0.037345 0.057116
6 0.337178 0.563409 0.039276 0.058049
3 0.772176 0.592359 0.047546 0.073621
6 0.492133 0.543137 0.035681 0.054587
8 0.426328 0.523891 0.041379 0.074772
6 0.294721 0.503328 0.037014 0.056386
6 0.576569 0.509006 0.035413 0.053522
4 0.786974 0.484069 0.058896 0.092715
10 0.716713 0.469484 0.054755 0.091911
0 0.587450 0.457912 0.035661 0.055790
3 0.335561 0.400880 0.039878 0.073142
0 0.719392 0.438586 0.036118 0.053032
7 0.660979 0.431348 0.040675 0.060711
2 0.475665 0.389559 0.037626 0.069818
0 0.792736 0.412545 0.037292 0.053105
9 0.669373 0.380613 0.038919 0.070651
0 0.486921 0.354097 0.032672 0.052004
0 0.430683 0.342354 0.032192 0.052004
0 0.370729 0.329732 0.031954 0.052163
1 0.798146 0.368548 0.042179 0.058876
1 0.679739 0.346771 0.038810 0.059646
5 0.448180 0.286882 0.041756 0.099735
