7 0.774759 0.422920 0.035946 0.060079
11 0.673709 0.639115 0.050658 0.113330
6 0.717770 0.414740 0.032093 0.051650
6 0.624191 0.597756 0.035890 0.059011
9 0.638236 0.426672 0.036829 0.071736
6 0.583469 0.541620 0.034048 0.056250
6 0.562307 0.585228 0.036233 0.057612
6 0.517490 0.670268 0.038743 0.061032
6 0.545451 0.485656 0.033244 0.055446
0 0.527087 0.404368 0.031634 0.052242
0 0.482391 0.471470 0.033790 0.054798
0 0.488502 0.362191 0.031634 0.051286
7 0.423626 0.459699 0.037212 0.061045
2 0.378846 0.527181 0.040020 0.072054
0 0.313117 0.520152 0.036028 0.057037
0 0.283560 0.558416 0.036346 0.057837
0 0.249330 0.601432 0.038502 0.059034
1 0.383821 0.337075 0.035069 0.056399
1 0.335274 0.395886 0.037546 0.059312
5 0.254557 0.480918 0.047394 0.107900
