7 0.174254 0.508856 0.047642 0.077262
7 0.253915 0.448424 0.045245 0.073237
11 0.389416 0.313408 0.048072 0.120552
6 0.242956 0.525718 0.043519 0.070556
9 0.388659 0.393654 0.043720 0.088347
6 0.422639 0.377204 0.036812 0.063667
6 0.455136 0.352191 0.037771 0.061161
10 0.357913 0.486820 0.056138 0.116987
6 0.454656 0.415699 0.037196 0.063747
8 0.480676 0.381587 0.044170 0.079140
6 0.538390 0.337813 0.038247 0.060394
6 0.488781 0.456872 0.039494 0.067295
9 0.549271 0.387746 0.043138 0.088383
4 0.465522 0.549640 0.057811 0.123737
0 0.563753 0.469807 0.041640 0.069593
3 0.666672 0.345365 0.043330 0.085989
0 0.581468 0.551248 0.043022 0.073277
0 0.624489 0.607960 0.045552 0.076726
2 0.706569 0.492368 0.049560 0.085317
3 0.733912 0.453325 0.049570 0.094229
0 0.756640 0.434861 0.042844 0.067295
0 0.780413 0.407204 0.039200 0.065281
0 0.803176 0.378879 0.040261 0.063267
1 0.709089 0.621147 0.053105 0.087712
1 0.763588 0.545704 0.051534 0.080985
5 0.848189 0.389762 0.055771 0.131825
