7 0.835777 0.432340 0.040873 0.066035
10 0.690347 0.506582 0.050040 0.099620
11 0.636271 0.531931 0.051849 0.116283
7 0.459949 0.650843 0.047278 0.075231
6 0.787469 0.407614 0.034415 0.055585
9 0.587576 0.506958 0.042851 0.081766
6 0.530425 0.545121 0.037292 0.060202
6 0.470992 0.577328 0.039398 0.061541
6 0.641839 0.426129 0.034352 0.056399
6 0.542168 0.481948 0.035466 0.057130
8 0.491037 0.504552 0.041796 0.076882
6 0.374950 0.572794 0.038876 0.061442
6 0.602017 0.397770 0.034749 0.055599
6 0.555643 0.420737 0.034190 0.055840
9 0.448032 0.465997 0.040265 0.078800
0 0.508993 0.389015 0.034990 0.056237
3 0.293439 0.488629 0.043618 0.080142
0 0.520615 0.339967 0.032989 0.054960
0 0.418724 0.387457 0.034828 0.056799
0 0.575934 0.271227 0.030837 0.052163
0 0.530800 0.293074 0.031951 0.052563
2 0.436996 0.330172 0.038112 0.069497
0 0.331227 0.383922 0.034484 0.055985
0 0.277837 0.407588 0.034616 0.055651
0 0.218158 0.433451 0.036415 0.056386
1 0.538742 0.245041 0.035149 0.057675
4 0.399517 0.296103 0.039974 0.087424
5 0.350840 0.309064 0.044749 0.106422
3 0.298252 0.346389 0.038185 0.073730
1 0.185398 0.400532 0.042338 0.063188
