7 0.240562 0.674464 0.052434 0.087520
11 0.222014 0.408471 0.048313 0.115605
6 0.325820 0.667609 0.045820 0.074676
6 0.295937 0.460149 0.034884 0.059451
6 0.290886 0.429150 0.035681 0.057784
3 0.420157 0.646023 0.051650 0.100539
9 0.403629 0.594904 0.050499 0.094901
6 0.369067 0.487760 0.035066 0.060790
8 0.357523 0.450238 0.040840 0.072566
6 0.342626 0.397077 0.033003 0.053922
6 0.449879 0.518302 0.037278 0.062774
0 0.557065 0.589752 0.041220 0.068347
0 0.522746 0.508942 0.037960 0.063366
3 0.463163 0.376624 0.036829 0.074451
0 0.662414 0.629102 0.044478 0.071895
7 0.603790 0.541000 0.045053 0.071736
2 0.549190 0.434349 0.039782 0.070536
9 0.679153 0.525021 0.044861 0.087080
0 0.612369 0.432108 0.034329 0.056749
0 0.597181 0.404838 0.034606 0.055119
0 0.579926 0.377566 0.033072 0.052533
1 0.812414 0.608439 0.051766 0.079881
1 0.750871 0.525592 0.045532 0.071257
5 0.652697 0.376721 0.044401 0.109163
