7 0.790369 0.376845 0.041220 0.066911
6 0.622098 0.582254 0.040261 0.065347
11 0.581472 0.609243 0.059220 0.125615
6 0.597255 0.510878 0.038505 0.060632
6 0.558867 0.557808 0.042252 0.063267
6 0.475354 0.651432 0.044001 0.067262
9 0.673856 0.333783 0.038981 0.075807
6 0.575959 0.443104 0.036806 0.059249
0 0.513361 0.419015 0.036042 0.059530
7 0.565093 0.302667 0.036548 0.060645
2 0.382070 0.467244 0.042659 0.078700
1 0.480923 0.315483 0.037480 0.061376
5 0.363528 0.390493 0.048022 0.113882
0 0.320706 0.451852 0.036987 0.059914
0 0.275293 0.489636 0.038502 0.060873
0 0.222770 0.532333 0.040499 0.062550
1 0.430754 0.296119 0.036104 0.060632
