7 0.597192 0.272126 0.035483 0.061177
11 0.793318 0.471371 0.061981 0.122715
6 0.544805 0.288267 0.031508 0.054034
9 0.654458 0.418257 0.043234 0.082824
6 0.685567 0.470392 0.038343 0.061591
6 0.722034 0.518282 0.040661 0.065347
3 0.482710 0.290909 0.036584 0.076131
10 0.509010 0.317950 0.044097 0.095192
6 0.592032 0.444522 0.036187 0.059825
8 0.626123 0.479294 0.045903 0.078892
6 0.696751 0.584266 0.042979 0.068538
6 0.499717 0.416080 0.035228 0.060394
4 0.367979 0.307512 0.046878 0.094613
0 0.432042 0.435308 0.038767 0.061772
3 0.551042 0.619888 0.051190 0.093062
0 0.323047 0.377100 0.036809 0.059702
7 0.350121 0.408077 0.043039 0.068350
0 0.241949 0.353175 0.036353 0.059015
9 0.276336 0.419640 0.044001 0.083016
2 0.297007 0.464712 0.048512 0.078796
0 0.341281 0.569091 0.044058 0.067751
0 0.363482 0.622465 0.044517 0.070056
0 0.390572 0.685331 0.046012 0.072011
1 0.172303 0.364894 0.044739 0.068148
1 0.202111 0.441625 0.046412 0.071657
5 0.283062 0.617488 0.064769 0.135169
