7 0.199370 0.388290 0.043588 0.064173
6 0.506071 0.313237 0.031951 0.053393
11 0.562498 0.276804 0.044058 0.103872
6 0.473221 0.362880 0.033393 0.055271
6 0.532999 0.345825 0.034418 0.054785
9 0.241071 0.462834 0.043856 0.079325
6 0.433710 0.417794 0.035284 0.056984
6 0.671844 0.349274 0.032821 0.054719
0 0.462955 0.463629 0.037146 0.057655
7 0.282452 0.569487 0.046683 0.070747
1 0.358385 0.549587 0.045341 0.071131
2 0.614904 0.459952 0.040655 0.077007
0 0.734588 0.428975 0.036042 0.055503
5 0.589312 0.514611 0.051534 0.113191
0 0.654076 0.514435 0.037960 0.059239
0 0.714653 0.495646 0.038525 0.059051
1 0.406802 0.654448 0.047163 0.076878
