7 0.751391 0.377938 0.040023 0.067669
6 0.663776 0.580597 0.041316 0.067774
11 0.642898 0.602950 0.057424 0.133896
1 0.661925 0.403022 0.042407 0.068102
6 0.613593 0.523022 0.038535 0.064418
6 0.592353 0.569573 0.041683 0.066812
6 0.566247 0.465273 0.037017 0.062973
6 0.469132 0.646023 0.042946 0.070552
0 0.493910 0.453056 0.038919 0.063175
9 0.443062 0.524059 0.046481 0.090010
2 0.380546 0.515164 0.045820 0.083879
0 0.320643 0.614292 0.042080 0.069497
7 0.444167 0.327533 0.037738 0.063042
1 0.413695 0.358920 0.040453 0.065856
5 0.332988 0.443280 0.052040 0.124511
0 0.304876 0.510954 0.040453 0.065281
0 0.272857 0.552702 0.040833 0.066336
