7 0.678221 0.715646 0.050999 0.080235
10 0.448844 0.643449 0.057424 0.108638
11 0.373874 0.618770 0.058112 0.119266
7 0.170109 0.579783 0.050086 0.071895
6 0.699916 0.663085 0.043423 0.066812
9 0.409621 0.576660 0.045896 0.083975
6 0.342568 0.565050 0.039302 0.061925
6 0.275866 0.548378 0.038479 0.062708
6 0.576789 0.566386 0.039306 0.062302
6 0.439144 0.535236 0.037745 0.060513
8 0.373029 0.512862 0.044054 0.080294
6 0.246010 0.489263 0.038409 0.058849
6 0.600116 0.522090 0.039623 0.062381
6 0.537366 0.505213 0.037278 0.059845
9 0.404618 0.463927 0.042563 0.080043
4 0.765772 0.485313 0.051650 0.103760
0 0.559734 0.453881 0.037867 0.060949
3 0.308869 0.391733 0.041878 0.078221
0 0.647487 0.429117 0.037943 0.059993
0 0.517755 0.400878 0.036349 0.058476
0 0.803340 0.415775 0.037943 0.059514
0 0.733562 0.403115 0.036587 0.059272
2 0.605771 0.370218 0.040979 0.075093
0 0.480848 0.350511 0.035069 0.056796
0 0.424532 0.338247 0.034269 0.055919
0 0.364539 0.325147 0.033952 0.055599
1 0.820460 0.370751 0.042751 0.067103
5 0.565709 0.302917 0.046703 0.110549
3 0.506518 0.305977 0.038247 0.075731
1 0.391634 0.288785 0.037626 0.061273
