7 0.217273 0.537376 0.048568 0.071895
8 0.260443 0.491146 0.045774 0.078608
9 0.300033 0.449711 0.041892 0.079276
10 0.330870 0.410852 0.049808 0.096280
11 0.362470 0.370546 0.046243 0.108591
9 0.395956 0.357677 0.035708 0.072133
8 0.419578 0.334854 0.034349 0.064775
7 0.445906 0.313652 0.034352 0.054587
6 0.282778 0.557336 0.040661 0.065744
6 0.327751 0.515774 0.038743 0.061911
6 0.364380 0.476232 0.036108 0.060314
6 0.422239 0.408619 0.032672 0.055440
6 0.450317 0.378423 0.030992 0.053201
6 0.476480 0.350622 0.030274 0.051925
6 0.495093 0.325658 0.028677 0.050086
6 0.510150 0.469770 0.034990 0.058555
0 0.580261 0.484127 0.038075 0.060966
2 0.681862 0.425425 0.043148 0.068674
0 0.651928 0.669039 0.045132 0.071974
0 0.673337 0.611607 0.043697 0.067831
0 0.693986 0.562354 0.040261 0.065344
0 0.727379 0.479236 0.038185 0.059993
0 0.745192 0.441131 0.036104 0.058075
0 0.759572 0.409421 0.033872 0.056005
0 0.774069 0.378062 0.033151 0.053843
1 0.741703 0.690116 0.058194 0.087771
2 0.761483 0.631169 0.058092 0.085347
3 0.775504 0.571978 0.048661 0.090185
4 0.788447 0.516247 0.058667 0.107255
5 0.803029 0.468371 0.061620 0.121253
3 0.812361 0.446409 0.044749 0.082017
1 0.835805 0.387192 0.042874 0.062110
