7 0.687520 0.646809 0.052341 0.078029
8 0.605441 0.616172 0.049454 0.086849
9 0.528024 0.592535 0.047510 0.084091
10 0.461258 0.564074 0.054296 0.103876
11 0.388520 0.536567 0.056042 0.112778
9 0.323980 0.523330 0.047278 0.079716
7 0.193914 0.488437 0.051366 0.068938
6 0.705613 0.591235 0.042272 0.062510
6 0.631789 0.562708 0.039874 0.062308
6 0.559527 0.539810 0.039411 0.060446
6 0.425185 0.500324 0.037626 0.058876
6 0.361455 0.479410 0.038810 0.058383
6 0.297649 0.459640 0.037546 0.057718
6 0.236637 0.444196 0.039874 0.056918
8 0.391594 0.429828 0.041620 0.076369
6 0.546179 0.427573 0.035215 0.056184
3 0.360789 0.365415 0.041181 0.073965
0 0.567100 0.379349 0.035470 0.057116
2 0.475198 0.308699 0.036521 0.070744
0 0.792955 0.350440 0.038026 0.056237
0 0.727449 0.336539 0.034190 0.055440
0 0.666058 0.322159 0.033631 0.055119
0 0.552426 0.295918 0.031954 0.053760
0 0.494109 0.280899 0.032272 0.053122
0 0.443024 0.267879 0.030757 0.052325
0 0.389342 0.254020 0.030913 0.051763
1 0.808059 0.309466 0.043776 0.062629
2 0.745146 0.291586 0.037705 0.070929
4 0.625479 0.259031 0.040608 0.088347
5 0.572373 0.238358 0.041412 0.105446
3 0.517794 0.240638 0.034431 0.071574
1 0.414532 0.222459 0.033753 0.057450
