7 0.838952 0.471015 0.043935 0.066224
11 0.501475 0.618404 0.053948 0.119633
6 0.790410 0.442617 0.034616 0.055321
6 0.520048 0.565359 0.037867 0.060473
6 0.456700 0.594835 0.038664 0.060952
3 0.742660 0.398161 0.039302 0.074213
6 0.538889 0.501655 0.034987 0.056749
8 0.484881 0.520503 0.041792 0.077745
6 0.361319 0.583052 0.038981 0.061508
9 0.704268 0.369203 0.037788 0.072612
6 0.558013 0.441313 0.033360 0.054735
0 0.517702 0.406729 0.033552 0.055655
3 0.290840 0.491946 0.043234 0.079851
0 0.625045 0.321614 0.031220 0.052123
0 0.576483 0.341222 0.030890 0.052596
7 0.536381 0.360357 0.035883 0.059782
2 0.380364 0.415456 0.038022 0.072136
9 0.499254 0.324636 0.034031 0.071019
0 0.343725 0.391467 0.033396 0.054474
0 0.288800 0.411022 0.033631 0.054881
0 0.227206 0.432584 0.035450 0.055473
1 0.558409 0.271726 0.033882 0.055721
1 0.467515 0.303695 0.034415 0.057589
5 0.262483 0.357937 0.046587 0.106634
