7 0.172801 0.525250 0.046971 0.076849
11 0.373433 0.313054 0.047209 0.117887
6 0.408985 0.376265 0.035628 0.060711
6 0.443095 0.415088 0.036587 0.062629
6 0.470448 0.383575 0.036200 0.061270
6 0.517546 0.330293 0.034511 0.058555
9 0.388925 0.553861 0.050615 0.097874
6 0.480175 0.457877 0.038439 0.064993
0 0.554461 0.468707 0.040582 0.067903
7 0.544717 0.594238 0.052629 0.083304
2 0.665655 0.408702 0.044193 0.079468
1 0.648370 0.565202 0.049464 0.082440
5 0.722126 0.428104 0.054828 0.132186
0 0.740235 0.423264 0.040952 0.065681
0 0.759960 0.393872 0.039696 0.063499
0 0.779689 0.363505 0.040265 0.061197
1 0.771860 0.499454 0.048257 0.077407
