1 0.737140 0.378446 0.039782 0.061032
6 0.606286 0.556182 0.036224 0.054309
6 0.548277 0.532102 0.036283 0.053588
11 0.514115 0.564535 0.049924 0.099157
6 0.562609 0.412133 0.033631 0.052163
0 0.522497 0.456181 0.034795 0.052917
6 0.415405 0.599863 0.037080 0.053720
0 0.356389 0.564157 0.038247 0.055503
9 0.490805 0.324076 0.035949 0.069210
2 0.385412 0.442736 0.041379 0.068462
0 0.341531 0.489382 0.036713 0.053578
7 0.442925 0.306536 0.035017 0.058317
0 0.328925 0.426014 0.035086 0.053204
5 0.272249 0.383267 0.054067 0.099160
