7 0.168216 0.261556 0.049560 0.067774
8 0.242814 0.241827 0.042560 0.076690
10 0.377297 0.208158 0.047966 0.099054
11 0.446109 0.189507 0.048773 0.111237
9 0.511637 0.192550 0.040741 0.077328
7 0.640777 0.168104 0.040899 0.067583
6 0.178282 0.319511 0.041273 0.060179
6 0.253333 0.305370 0.038479 0.058313
6 0.328523 0.292257 0.038277 0.059514
6 0.533391 0.250577 0.036280 0.057781
6 0.597432 0.238381 0.036346 0.057847
6 0.481257 0.317412 0.037480 0.059243
8 0.553403 0.295475 0.043261 0.078337
6 0.685160 0.271291 0.038390 0.059137
6 0.433135 0.389691 0.038823 0.059051
9 0.575671 0.350686 0.044193 0.076591
0 0.448735 0.452697 0.041141 0.055585
3 0.738768 0.380058 0.050903 0.075056
0 0.545162 0.499263 0.041475 0.057249
2 0.620853 0.472956 0.047440 0.079755
0 0.246138 0.643730 0.046481 0.058075
0 0.330828 0.624800 0.045374 0.058476
0 0.410056 0.607345 0.043056 0.057679
2 0.489530 0.576572 0.049940 0.079851
0 0.644229 0.549983 0.043803 0.058108
0 0.721351 0.531209 0.043469 0.056915
0 0.802068 0.513037 0.047265 0.057708
1 0.250455 0.727016 0.060585 0.071703
4 0.513211 0.650987 0.058115 0.097179
5 0.598553 0.629993 0.066591 0.100384
3 0.679557 0.616357 0.053029 0.075003
1 0.837016 0.579385 0.060513 0.070298
