7 0.199299 0.379349 0.040979 0.065906
7 0.526007 0.350813 0.040499 0.064067
11 0.587736 0.319183 0.047761 0.113882
6 0.210906 0.413123 0.037388 0.059831
9 0.475957 0.377133 0.040069 0.081865
6 0.542558 0.380994 0.036147 0.058978
6 0.606520 0.374962 0.034216 0.058714
10 0.292012 0.422654 0.050155 0.103185
6 0.360527 0.432839 0.035149 0.060632
6 0.493431 0.417374 0.035017 0.059444
8 0.557965 0.402067 0.043231 0.077646
6 0.686829 0.395484 0.036508 0.059593
6 0.438080 0.455539 0.037073 0.062308
9 0.576073 0.430177 0.041524 0.084203
4 0.240385 0.497449 0.050962 0.108132
6 0.459631 0.492791 0.039461 0.063909
3 0.733983 0.448848 0.043456 0.085314
0 0.333004 0.549342 0.039712 0.067183
0 0.399942 0.538836 0.040982 0.066303
0 0.553312 0.522197 0.042497 0.065744
0 0.265861 0.599028 0.043945 0.069418
2 0.493297 0.560438 0.047546 0.088383
3 0.572449 0.548408 0.047047 0.092834
0 0.644539 0.549884 0.040182 0.066865
0 0.714117 0.541815 0.041138 0.066224
0 0.790088 0.533108 0.042259 0.065106
1 0.278105 0.639468 0.051766 0.080754
5 0.590304 0.569405 0.057011 0.136382
1 0.814243 0.567723 0.047533 0.076128
