7 0.182566 0.558732 0.044001 0.071419
11 0.344927 0.341200 0.043896 0.108776
6 0.383543 0.402227 0.033310 0.056478
9 0.350079 0.533912 0.044497 0.085470
6 0.419810 0.441252 0.034269 0.057517
6 0.440739 0.408257 0.036028 0.057037
6 0.479011 0.352999 0.033234 0.054570
6 0.393490 0.593019 0.038277 0.065304
6 0.459153 0.483229 0.035470 0.059831
0 0.483796 0.565236 0.039782 0.064706
0 0.529203 0.491852 0.037467 0.062381
0 0.538798 0.620385 0.041207 0.067100
7 0.557513 0.577227 0.044577 0.072854
2 0.625255 0.430116 0.040503 0.072216
5 0.680660 0.451078 0.049117 0.118598
0 0.694355 0.442540 0.036521 0.059530
0 0.709694 0.412872 0.034415 0.058092
0 0.724936 0.381619 0.035182 0.056558
1 0.705298 0.596010 0.045119 0.074851
1 0.729124 0.517617 0.043135 0.070169
