7 0.342062 0.628824 0.047946 0.076690
1 0.324985 0.562078 0.046108 0.075539
6 0.266577 0.370184 0.036237 0.059051
11 0.252510 0.306460 0.050728 0.110314
9 0.360147 0.442050 0.044289 0.078896
6 0.346248 0.403112 0.037001 0.058188
6 0.327789 0.357579 0.036703 0.058380
6 0.430126 0.438102 0.037004 0.058955
6 0.360982 0.267725 0.032897 0.054200
0 0.500051 0.421288 0.037569 0.059435
2 0.517469 0.321824 0.039223 0.068780
0 0.477860 0.250081 0.032123 0.054256
7 0.705127 0.547383 0.049216 0.070856
1 0.681053 0.490878 0.046412 0.069653
5 0.603876 0.331238 0.048313 0.109051
0 0.579466 0.312245 0.033839 0.055694
0 0.560443 0.275245 0.032586 0.055503
