7 0.748699 0.394401 0.039878 0.065172
6 0.608280 0.571460 0.038651 0.065109
11 0.574071 0.587897 0.056045 0.127950
1 0.654975 0.409026 0.040268 0.065823
6 0.576316 0.513942 0.037077 0.060179
6 0.543633 0.554263 0.039342 0.063611
6 0.547145 0.457842 0.036015 0.059580
6 0.407002 0.610493 0.040274 0.066171
0 0.482239 0.439325 0.036429 0.060311
2 0.358626 0.484611 0.043218 0.078925
0 0.313891 0.525585 0.039573 0.063730
0 0.279726 0.567111 0.038882 0.065109
7 0.470041 0.321696 0.036187 0.059993
1 0.432771 0.348003 0.037877 0.061845
5 0.330198 0.414816 0.049279 0.117748
0 0.292841 0.474740 0.037500 0.061425
9 0.344696 0.355192 0.039398 0.077262
