7 0.279203 0.679757 0.051475 0.081386
10 0.230033 0.495942 0.058320 0.107440
11 0.213844 0.438228 0.055215 0.117474
7 0.182108 0.325045 0.043456 0.066624
6 0.359587 0.664390 0.045933 0.068542
6 0.347523 0.602720 0.042097 0.066624
9 0.292538 0.439157 0.045916 0.082057
6 0.281159 0.400139 0.038145 0.061243
6 0.267756 0.356505 0.038535 0.060873
8 0.399191 0.526478 0.046333 0.078525
6 0.363872 0.433538 0.036548 0.060179
8 0.344494 0.384980 0.042817 0.073016
6 0.314249 0.307088 0.036812 0.057708
6 0.472502 0.516478 0.040341 0.063029
6 0.453891 0.469666 0.037788 0.061111
2 0.434314 0.415708 0.046491 0.076303
9 0.416293 0.367209 0.043710 0.080522
0 0.527846 0.450794 0.039210 0.062692
3 0.443176 0.274173 0.041220 0.078604
0 0.618528 0.488226 0.039974 0.062979
0 0.569927 0.393133 0.038247 0.060678
0 0.749714 0.580109 0.043138 0.065377
0 0.715587 0.525949 0.041604 0.063843
2 0.660427 0.422908 0.046091 0.075731
0 0.608943 0.340074 0.036716 0.058476
0 0.587941 0.301587 0.034812 0.057996
0 0.566334 0.263289 0.034130 0.055599
1 0.824749 0.560150 0.051925 0.076769
4 0.725339 0.398198 0.051650 0.100079
5 0.699094 0.348061 0.053558 0.114296
3 0.672356 0.320625 0.041604 0.079372
1 0.625451 0.251136 0.038277 0.063509
