6 0.385795 0.511493 0.041696 0.070539
11 0.306222 0.473193 0.059494 0.139692
1 0.716068 0.498004 0.050040 0.080142
6 0.480179 0.481096 0.039702 0.067424
6 0.399692 0.473347 0.041382 0.069180
6 0.574281 0.450182 0.039699 0.066303
6 0.273097 0.417528 0.040407 0.064640
0 0.584307 0.408423 0.038343 0.066429
2 0.453803 0.357312 0.042943 0.081865
0 0.386657 0.354203 0.039478 0.063360
0 0.313771 0.350683 0.037821 0.062669
7 0.811576 0.364722 0.043456 0.070139
0 0.462854 0.331427 0.038651 0.060321
9 0.676852 0.312054 0.040933 0.083399
5 0.475580 0.273089 0.046703 0.120324
