6 0.497989 0.475709 0.033684 0.056716
11 0.555058 0.438770 0.046128 0.112156
1 0.284034 0.556200 0.044960 0.069497
6 0.468366 0.513408 0.034484 0.057913
6 0.528682 0.498942 0.035942 0.058181
6 0.432685 0.553882 0.036349 0.062044
6 0.673395 0.497252 0.034084 0.057983
0 0.467617 0.586925 0.039110 0.064134
2 0.624563 0.578666 0.043466 0.081961
0 0.689830 0.574347 0.040261 0.063555
0 0.744902 0.554881 0.039593 0.060886
7 0.322437 0.708821 0.047163 0.080043
9 0.394587 0.682293 0.049120 0.095360
0 0.670420 0.619835 0.040165 0.066336
5 0.714058 0.625339 0.055767 0.134587
