7 0.596893 0.322460 0.033019 0.053988
8 0.616931 0.342331 0.033313 0.061991
10 0.665415 0.381179 0.045532 0.090109
11 0.694249 0.400805 0.048452 0.113330
9 0.718540 0.449633 0.041987 0.080522
7 0.790147 0.531546 0.048793 0.074388
6 0.549415 0.332032 0.030509 0.048707
6 0.563145 0.355303 0.028902 0.050539
6 0.582326 0.380354 0.031022 0.052857
6 0.656400 0.469808 0.035228 0.059114
6 0.685638 0.507674 0.037626 0.062946
6 0.572517 0.446199 0.033631 0.056630
8 0.598947 0.472717 0.041326 0.074051
6 0.655274 0.558216 0.040820 0.067821
6 0.491801 0.420780 0.032576 0.055628
9 0.531986 0.478113 0.042371 0.083879
3 0.554562 0.519603 0.046399 0.089438
0 0.427487 0.433075 0.034352 0.057110
0 0.381273 0.479651 0.040820 0.061749
2 0.395069 0.506973 0.044630 0.078681
0 0.274349 0.366772 0.031475 0.052811
0 0.284175 0.393497 0.033390 0.054640
0 0.292325 0.422174 0.033552 0.057358
2 0.301652 0.447961 0.044170 0.072007
0 0.324396 0.529218 0.040023 0.065506
0 0.335422 0.572035 0.042259 0.068542
0 0.349640 0.624160 0.046091 0.073730
1 0.211713 0.372368 0.039306 0.059193
4 0.232862 0.446258 0.051306 0.100076
5 0.239134 0.472381 0.058638 0.126389
3 0.248595 0.530099 0.047354 0.090013
1 0.265600 0.635580 0.052569 0.085929
