7 0.820731 0.491801 0.047050 0.066703
11 0.469020 0.659114 0.056154 0.112970
6 0.771248 0.457184 0.035486 0.054719
9 0.553805 0.555261 0.043806 0.078988
6 0.490691 0.591085 0.037672 0.059530
6 0.424931 0.624061 0.039590 0.059530
3 0.725248 0.406883 0.041872 0.072583
10 0.676860 0.425572 0.051862 0.092024
6 0.512140 0.518267 0.036019 0.055384
8 0.455382 0.540683 0.043614 0.076769
6 0.325961 0.608244 0.039878 0.060046
6 0.534125 0.448934 0.035017 0.054521
4 0.648132 0.328879 0.043710 0.089246
0 0.493173 0.407320 0.034315 0.056366
3 0.255210 0.502979 0.045149 0.078413
0 0.556490 0.331878 0.031921 0.053108
7 0.514347 0.352855 0.037014 0.061842
2 0.350231 0.414099 0.040020 0.073013
0 0.574223 0.281743 0.030966 0.051382
9 0.476829 0.311238 0.036237 0.072470
0 0.312846 0.383600 0.034752 0.055599
0 0.255289 0.404769 0.035625 0.056078
0 0.190025 0.428652 0.037543 0.056399
1 0.540215 0.248872 0.034418 0.057183
1 0.444496 0.283856 0.035215 0.058981
5 0.228330 0.345985 0.049233 0.107672
