6 0.344033 0.528540 0.037146 0.060473
11 0.277715 0.487589 0.056872 0.114987
6 0.437895 0.504334 0.036028 0.058396
6 0.371472 0.488079 0.036587 0.059755
6 0.531844 0.480012 0.035658 0.057993
6 0.287315 0.416543 0.033790 0.054719
1 0.684671 0.465446 0.043138 0.068221
0 0.555132 0.435299 0.035787 0.057834
9 0.636801 0.410336 0.040261 0.077080
2 0.460256 0.369835 0.037226 0.070694
0 0.408173 0.359684 0.033151 0.053588
0 0.348628 0.350231 0.031356 0.053188
7 0.779390 0.407269 0.042179 0.064067
0 0.481371 0.341911 0.032278 0.053188
5 0.502452 0.288089 0.044289 0.103300
