7 0.158952 0.376880 0.039742 0.064243
11 0.515772 0.281475 0.042331 0.106978
6 0.177903 0.411844 0.034881 0.057583
6 0.486035 0.347176 0.032751 0.054987
6 0.544337 0.334749 0.032292 0.055476
3 0.197272 0.439740 0.042467 0.083687
9 0.267705 0.424010 0.041310 0.081002
6 0.452217 0.389848 0.033416 0.056448
3 0.509767 0.366743 0.039878 0.079372
6 0.623674 0.348920 0.033684 0.055784
6 0.411943 0.435974 0.035083 0.059580
0 0.307502 0.506172 0.038905 0.062470
0 0.441906 0.474856 0.038185 0.061670
0 0.262450 0.570238 0.041627 0.065985
7 0.400486 0.525863 0.045053 0.072454
2 0.596081 0.470192 0.042017 0.079484
9 0.432343 0.564975 0.046028 0.086273
0 0.636343 0.517029 0.039061 0.063826
0 0.698566 0.501291 0.037940 0.062867
0 0.764236 0.484635 0.038267 0.060870
1 0.312725 0.657968 0.050615 0.080427
1 0.462125 0.616245 0.048647 0.078925
5 0.731892 0.514024 0.053975 0.124788
