1 0.324669 0.621189 0.050152 0.083171
6 0.252548 0.445916 0.036187 0.060073
6 0.335549 0.469003 0.035708 0.059752
6 0.313340 0.431377 0.036667 0.059752
11 0.292196 0.374122 0.047487 0.112087
6 0.425913 0.493765 0.036905 0.061511
6 0.337417 0.354243 0.032566 0.053532
0 0.494200 0.473778 0.037619 0.061842
0 0.399506 0.343237 0.032120 0.053254
9 0.582247 0.491926 0.044481 0.083972
2 0.497632 0.388018 0.038823 0.069739
0 0.479664 0.361609 0.031954 0.055255
7 0.648580 0.484387 0.044177 0.069659
0 0.555747 0.377751 0.033313 0.055437
5 0.611617 0.340026 0.045093 0.109279
