7 0.730885 0.576973 0.048013 0.076849
11 0.272788 0.518112 0.055079 0.126720
6 0.361128 0.506691 0.038022 0.063985
9 0.654003 0.479091 0.045354 0.086085
6 0.442728 0.473902 0.037500 0.061772
6 0.368955 0.470025 0.037864 0.063026
6 0.232834 0.459544 0.038505 0.062791
0 0.731460 0.454815 0.038105 0.061911
6 0.525036 0.441174 0.037163 0.060278
0 0.529722 0.401045 0.037388 0.061349
7 0.734145 0.382017 0.041379 0.066620
2 0.404598 0.355479 0.040645 0.075827
5 0.474337 0.307426 0.046703 0.114229
0 0.410031 0.329094 0.035228 0.056561
0 0.348882 0.324220 0.034669 0.057037
0 0.283137 0.318948 0.034831 0.057196
1 0.668257 0.311840 0.038743 0.063667
1 0.542938 0.306143 0.037675 0.062774
