7 0.765537 0.468715 0.045136 0.059673
6 0.502545 0.626701 0.036267 0.051286
11 0.443165 0.649959 0.051766 0.090989
6 0.518882 0.547176 0.034907 0.048968
6 0.462283 0.581486 0.038185 0.051604
9 0.682315 0.387073 0.040741 0.064034
6 0.536348 0.469944 0.033753 0.049061
6 0.307712 0.596768 0.036501 0.050982
0 0.495007 0.424165 0.033552 0.051128
1 0.553436 0.331639 0.035813 0.057517
2 0.355556 0.433998 0.039398 0.068347
0 0.238874 0.499327 0.036028 0.052404
7 0.574529 0.276832 0.035354 0.056250
5 0.369322 0.353160 0.045053 0.094421
0 0.315241 0.397634 0.034907 0.051604
0 0.260041 0.422956 0.035069 0.051766
1 0.488510 0.260458 0.034831 0.057675
