7 0.372130 0.663161 0.050040 0.081865
11 0.159016 0.412940 0.055215 0.116230
6 0.438047 0.636177 0.041862 0.070146
6 0.255045 0.447444 0.035083 0.058651
6 0.224716 0.417300 0.034815 0.058647
3 0.510217 0.594064 0.048085 0.090298
6 0.345114 0.458760 0.034150 0.057983
8 0.309659 0.423133 0.040741 0.072774
6 0.249112 0.373697 0.033151 0.055185
6 0.440154 0.470256 0.035017 0.058515
9 0.577154 0.501820 0.044745 0.084435
0 0.496577 0.444901 0.035390 0.059431
3 0.355025 0.328343 0.036346 0.073651
0 0.632068 0.486066 0.037226 0.060711
7 0.584881 0.456516 0.039940 0.064944
2 0.469802 0.367837 0.037467 0.068618
0 0.732163 0.500739 0.038664 0.061511
9 0.639053 0.427037 0.040030 0.078340
0 0.517781 0.354246 0.031488 0.053386
0 0.484830 0.330914 0.031353 0.052655
0 0.451478 0.307049 0.029755 0.050724
1 0.783861 0.473810 0.044289 0.068254
1 0.689717 0.413793 0.039144 0.063373
5 0.530577 0.293851 0.041028 0.103244
