7 0.376394 0.287545 0.036948 0.060513
6 0.670273 0.369990 0.033416 0.054253
11 0.735336 0.365622 0.050731 0.106865
6 0.588175 0.393165 0.033505 0.055198
6 0.654163 0.410997 0.035681 0.057450
9 0.325731 0.356622 0.040423 0.075890
6 0.499315 0.415422 0.034226 0.056584
6 0.764987 0.489939 0.037063 0.058555
0 0.473570 0.465909 0.037768 0.056462
1 0.318479 0.475529 0.043856 0.066382
2 0.580198 0.544535 0.044563 0.078032
0 0.723854 0.595026 0.040261 0.059114
7 0.220680 0.495165 0.048330 0.066243
1 0.283335 0.520552 0.047292 0.069345
5 0.486186 0.569390 0.053376 0.110890
0 0.558057 0.611364 0.040182 0.059514
0 0.626958 0.634729 0.040741 0.060549
