7 0.719864 0.648409 0.053009 0.084934
11 0.399355 0.561496 0.057149 0.133072
7 0.183352 0.538985 0.048542 0.077877
6 0.735546 0.603259 0.045820 0.071511
9 0.430787 0.529405 0.048082 0.090529
6 0.359683 0.522677 0.039702 0.065665
6 0.289024 0.508897 0.039623 0.066862
10 0.675471 0.518085 0.054871 0.111468
6 0.600379 0.520570 0.040837 0.066372
6 0.456306 0.495397 0.039398 0.064226
8 0.388360 0.476759 0.044656 0.084676
6 0.254532 0.458474 0.039144 0.063972
6 0.619210 0.481400 0.041640 0.065109
6 0.554605 0.468044 0.038105 0.062629
9 0.416801 0.431534 0.043423 0.085317
4 0.785696 0.444325 0.053608 0.108016
0 0.572589 0.423811 0.038677 0.062642
3 0.313484 0.370587 0.042371 0.082629
0 0.725132 0.411630 0.037811 0.062242
0 0.658330 0.402409 0.037612 0.061908
0 0.525157 0.379777 0.037014 0.060579
0 0.812240 0.389661 0.037080 0.061842
2 0.611650 0.351910 0.041462 0.076048
0 0.483686 0.337470 0.035281 0.058380
0 0.425536 0.327584 0.034683 0.057517
0 0.364125 0.316966 0.034084 0.056518
1 0.824478 0.352068 0.041779 0.066782
5 0.566824 0.290976 0.046935 0.113882
3 0.505372 0.297475 0.040103 0.077887
1 0.389134 0.286149 0.037546 0.061749
