7 0.228674 0.665279 0.050615 0.083859
7 0.182436 0.474091 0.045856 0.071098
11 0.170195 0.415928 0.051210 0.124494
6 0.309390 0.659499 0.045056 0.073237
9 0.262432 0.492665 0.047364 0.089630
6 0.253882 0.468563 0.037143 0.063271
6 0.243219 0.436650 0.037067 0.063029
10 0.380852 0.586518 0.057285 0.118022
6 0.335061 0.495251 0.036908 0.063426
8 0.318687 0.456640 0.043810 0.078604
6 0.296625 0.401300 0.036511 0.061190
6 0.422758 0.523211 0.038981 0.066382
9 0.392788 0.443738 0.043234 0.085222
4 0.555547 0.608223 0.057424 0.120506
6 0.497249 0.513505 0.038902 0.066620
3 0.430144 0.375362 0.042093 0.082999
0 0.614182 0.578770 0.042338 0.069021
0 0.589537 0.544301 0.042103 0.068621
0 0.713279 0.613800 0.043535 0.071495
2 0.638013 0.494125 0.045622 0.081472
3 0.618712 0.453803 0.047642 0.088479
0 0.598206 0.432808 0.041062 0.062070
0 0.579919 0.403609 0.037715 0.061353
0 0.562059 0.373934 0.037788 0.058714
1 0.791379 0.600046 0.049001 0.080754
1 0.664246 0.423413 0.042817 0.068142
5 0.644362 0.371652 0.051349 0.120923
