7 0.312303 0.680962 0.051670 0.078988
8 0.282550 0.611992 0.053968 0.078224
10 0.230895 0.488266 0.065195 0.103145
11 0.206968 0.430441 0.064074 0.113079
9 0.195785 0.394284 0.045149 0.077550
7 0.159210 0.316647 0.046667 0.064306
6 0.390104 0.652168 0.044382 0.064514
6 0.366425 0.586215 0.041700 0.062788
6 0.339683 0.528123 0.040741 0.060870
6 0.267578 0.382080 0.036147 0.057983
6 0.247748 0.339355 0.036012 0.057116
6 0.224859 0.302540 0.034726 0.055251
6 0.353447 0.407348 0.036015 0.056984
8 0.325635 0.360144 0.044094 0.070777
6 0.445213 0.434542 0.036214 0.057450
9 0.392082 0.337338 0.040261 0.075013
3 0.369431 0.294954 0.040172 0.074676
0 0.510326 0.407836 0.036815 0.058515
0 0.537388 0.346725 0.034749 0.056782
2 0.509679 0.304818 0.038347 0.070456
0 0.744064 0.513621 0.043737 0.059848
0 0.698798 0.461930 0.039474 0.058714
0 0.660220 0.414565 0.037014 0.057450
2 0.627436 0.366283 0.044382 0.072183
0 0.561817 0.291705 0.033416 0.054719
0 0.535789 0.257588 0.030890 0.054256
0 0.508864 0.223104 0.030427 0.052259
1 0.809254 0.484641 0.054448 0.071319
4 0.684110 0.336081 0.052110 0.094325
5 0.650643 0.290637 0.052040 0.108363
3 0.616268 0.267535 0.036987 0.073972
1 0.559239 0.207040 0.034511 0.059914
