7 0.196791 0.330541 0.043456 0.067662
10 0.398442 0.289479 0.047546 0.098257
11 0.466648 0.271215 0.049110 0.114342
7 0.655994 0.268279 0.037946 0.064864
6 0.208231 0.375898 0.039623 0.060949
6 0.279765 0.368948 0.036984 0.060152
9 0.482227 0.329692 0.041028 0.080714
6 0.550094 0.329883 0.036544 0.058647
6 0.616639 0.321095 0.037027 0.058512
2 0.362717 0.394522 0.043039 0.081961
6 0.501023 0.380739 0.036716 0.059818
8 0.567622 0.361303 0.044649 0.078843
6 0.698705 0.348947 0.037080 0.059911
6 0.378084 0.445299 0.040837 0.064130
6 0.444276 0.435235 0.038439 0.062599
9 0.586791 0.404722 0.043231 0.082440
0 0.467816 0.489258 0.040949 0.063727
3 0.751343 0.429269 0.045536 0.083399
0 0.409610 0.554769 0.043022 0.065681
0 0.564327 0.528887 0.042563 0.064534
0 0.261563 0.644896 0.046935 0.070169
0 0.345709 0.626721 0.045208 0.067867
2 0.505979 0.588404 0.053849 0.089494
0 0.662680 0.568791 0.042100 0.066028
0 0.735382 0.556080 0.042100 0.065685
0 0.813315 0.543428 0.042675 0.063383
1 0.274319 0.706538 0.054921 0.083016
4 0.528806 0.638616 0.056138 0.115030
5 0.607560 0.618631 0.060046 0.126442
3 0.687042 0.618032 0.049560 0.090972
1 0.845028 0.594565 0.053972 0.077933
