7 0.174750 0.488550 0.046571 0.070539
7 0.264884 0.419578 0.040979 0.065665
11 0.409322 0.280311 0.041964 0.104907
6 0.233044 0.512103 0.038079 0.063307
9 0.394380 0.366053 0.037960 0.075923
6 0.430521 0.346015 0.031399 0.054365
6 0.463363 0.318335 0.032731 0.053588
3 0.298826 0.528330 0.047163 0.088565
10 0.341081 0.478727 0.051283 0.104491
6 0.450227 0.391100 0.033284 0.056518
8 0.478844 0.354840 0.037946 0.069818
6 0.537589 0.306402 0.031634 0.052811
6 0.471002 0.442685 0.035483 0.059180
4 0.423788 0.565610 0.053423 0.112226
0 0.535842 0.462427 0.037226 0.061429
3 0.646759 0.324681 0.038651 0.075579
0 0.536695 0.564704 0.040453 0.065665
0 0.566698 0.641536 0.043330 0.069977
9 0.634545 0.538361 0.045691 0.085724
2 0.661761 0.498771 0.046015 0.078105
0 0.717457 0.429077 0.036508 0.059114
0 0.742298 0.397123 0.034597 0.058313
0 0.766305 0.365410 0.034349 0.055919
1 0.645170 0.666748 0.051286 0.083495
1 0.708244 0.568758 0.048122 0.076591
5 0.804550 0.390756 0.054067 0.115724
