7 0.239816 0.472821 0.041941 0.067824
11 0.434054 0.280394 0.039226 0.101111
6 0.298275 0.493295 0.036987 0.060790
9 0.430547 0.358859 0.036187 0.073571
6 0.460522 0.341083 0.030066 0.052146
6 0.487731 0.316038 0.030899 0.051091
3 0.364567 0.504954 0.044094 0.085410
6 0.485541 0.381220 0.031399 0.053532
8 0.508185 0.348153 0.036984 0.066782
6 0.556610 0.303700 0.029901 0.050093
6 0.513209 0.426672 0.033469 0.056558
4 0.521305 0.497068 0.049349 0.103185
0 0.576943 0.442758 0.036015 0.059048
3 0.663907 0.317543 0.036181 0.072057
0 0.592120 0.532851 0.037864 0.062692
7 0.607760 0.492784 0.043059 0.068142
2 0.678866 0.390597 0.040741 0.069977
0 0.630607 0.599425 0.041028 0.067004
9 0.681212 0.506536 0.043482 0.082477
0 0.743137 0.409816 0.034838 0.056862
0 0.761146 0.381273 0.033231 0.055040
0 0.780397 0.352316 0.032751 0.052563
1 0.708140 0.619258 0.050036 0.078509
1 0.753775 0.532865 0.045896 0.071895
5 0.823279 0.371948 0.053720 0.110774
