7 0.164398 0.425769 0.042097 0.064626
8 0.226308 0.400957 0.038185 0.072212
10 0.338148 0.354099 0.044960 0.091544
11 0.393609 0.326463 0.042907 0.105255
9 0.449031 0.325203 0.035787 0.071974
7 0.548254 0.296357 0.034907 0.057834
6 0.192988 0.461893 0.036505 0.057517
6 0.257414 0.442664 0.034683 0.056518
6 0.481268 0.362907 0.031690 0.053856
6 0.533798 0.344597 0.033132 0.053922
6 0.460078 0.411672 0.032563 0.055142
8 0.510924 0.384469 0.037345 0.070962
6 0.614360 0.353022 0.031822 0.053856
6 0.379104 0.485982 0.036614 0.059246
6 0.434372 0.465607 0.034828 0.057437
9 0.547903 0.414289 0.038585 0.075569
0 0.476349 0.503900 0.037388 0.059626
3 0.692784 0.404704 0.040165 0.076306
0 0.452050 0.567791 0.039398 0.061640
0 0.574122 0.517235 0.037305 0.059835
2 0.625017 0.487664 0.041779 0.075089
0 0.357981 0.669954 0.042007 0.065503
0 0.425640 0.638201 0.041412 0.064034
2 0.550546 0.574481 0.044769 0.080906
0 0.672259 0.529937 0.035628 0.060311
0 0.725620 0.506971 0.036908 0.059272
0 0.782298 0.482885 0.036667 0.057278
1 0.398166 0.715569 0.050327 0.079180
4 0.595489 0.606199 0.050615 0.106749
5 0.655142 0.573203 0.053697 0.118991
3 0.713882 0.560660 0.044861 0.083687
1 0.826665 0.515964 0.044798 0.069097
