7 0.813596 0.562212 0.045823 0.060582
8 0.752948 0.574585 0.042100 0.069818
10 0.637500 0.602464 0.049272 0.086369
11 0.573368 0.617374 0.047622 0.095384
9 0.507002 0.642111 0.040420 0.068700
7 0.373798 0.683638 0.042563 0.065377
6 0.778729 0.522267 0.035017 0.049395
6 0.720408 0.532483 0.032675 0.049874
6 0.485878 0.594145 0.033839 0.051425
6 0.421121 0.611108 0.034742 0.051369
6 0.526243 0.533854 0.031898 0.048542
8 0.469287 0.543464 0.037219 0.066968
6 0.344501 0.581169 0.034286 0.050856
6 0.616007 0.465670 0.031353 0.047464
6 0.565759 0.476708 0.031088 0.048396
9 0.450804 0.496194 0.036237 0.066336
0 0.540615 0.434349 0.030179 0.048208
3 0.315417 0.480721 0.037626 0.066620
0 0.467551 0.412159 0.030235 0.047487
2 0.418469 0.417227 0.033942 0.062907
0 0.651372 0.336166 0.027315 0.045314
0 0.603515 0.347654 0.027943 0.045658
0 0.554573 0.357424 0.027427 0.046343
2 0.506116 0.361901 0.032226 0.060443
0 0.400205 0.389165 0.030344 0.047431
0 0.346642 0.399177 0.029957 0.047044
0 0.288727 0.410051 0.030734 0.047708
1 0.630623 0.303262 0.031009 0.050870
4 0.488446 0.323269 0.036349 0.076035
5 0.439066 0.326205 0.038204 0.090632
3 0.387449 0.348201 0.031716 0.062149
1 0.278419 0.373115 0.035172 0.053644
