7 0.580344 0.279261 0.032017 0.055453
8 0.606490 0.304299 0.034606 0.063651
9 0.636414 0.331052 0.035870 0.071019
10 0.666680 0.353619 0.047930 0.089726
11 0.702060 0.379299 0.051627 0.110152
9 0.732307 0.432781 0.042946 0.078221
8 0.774438 0.473763 0.050648 0.072771
7 0.817260 0.522692 0.051419 0.070754
6 0.533299 0.294081 0.028694 0.049530
6 0.553790 0.322639 0.029821 0.051389
6 0.579152 0.353355 0.031154 0.053204
6 0.608742 0.384016 0.032021 0.054454
6 0.639497 0.420064 0.033353 0.055718
6 0.672816 0.458509 0.035017 0.057249
6 0.709828 0.502677 0.037546 0.060513
6 0.753401 0.545083 0.041081 0.061045
0 0.435914 0.430938 0.035413 0.057378
0 0.257237 0.357060 0.032219 0.054352
0 0.275351 0.390516 0.034127 0.055694
0 0.293323 0.426609 0.036329 0.057708
0 0.333201 0.506842 0.038631 0.061349
0 0.355728 0.557889 0.042083 0.063555
0 0.378543 0.608743 0.041696 0.065952
0 0.406055 0.670668 0.044960 0.068254
1 0.192445 0.368692 0.043456 0.063026
2 0.205698 0.399853 0.049081 0.070651
3 0.223371 0.435089 0.042794 0.080635
4 0.241591 0.467698 0.055079 0.099940
5 0.258051 0.503986 0.061624 0.120923
3 0.281152 0.569998 0.048866 0.086551
2 0.299737 0.627272 0.054448 0.084451
1 0.325971 0.692898 0.051650 0.083284
