7 0.787515 0.564061 0.046597 0.059716
8 0.722665 0.576845 0.042017 0.068459
10 0.601007 0.606462 0.048793 0.082440
11 0.534167 0.623398 0.048776 0.087424
9 0.465248 0.645489 0.041382 0.064226
7 0.326981 0.685671 0.043618 0.062692
6 0.755724 0.518155 0.035780 0.048373
6 0.693871 0.527945 0.033892 0.049428
6 0.633542 0.542702 0.034392 0.048981
6 0.448117 0.590157 0.034884 0.049461
6 0.380547 0.607197 0.036346 0.049196
6 0.315476 0.626769 0.036415 0.050258
6 0.493695 0.524162 0.032345 0.046822
8 0.433803 0.533920 0.038545 0.066981
6 0.538353 0.461253 0.031898 0.046819
9 0.418132 0.482254 0.037705 0.063747
3 0.351281 0.497024 0.039699 0.061197
0 0.515575 0.412796 0.031290 0.048872
2 0.389988 0.391100 0.035228 0.063747
0 0.639416 0.302558 0.029633 0.046782
0 0.588404 0.314390 0.028846 0.047060
0 0.535980 0.324797 0.029031 0.047060
2 0.484897 0.329740 0.034041 0.062470
0 0.431597 0.346827 0.030509 0.047265
0 0.372867 0.357528 0.031481 0.047801
0 0.317632 0.367839 0.031389 0.047483
0 0.256725 0.378884 0.031987 0.047894
1 0.620599 0.264492 0.032751 0.052325
4 0.468090 0.285837 0.036710 0.077454
5 0.416627 0.289815 0.039974 0.091356
3 0.362371 0.311844 0.033552 0.063079
1 0.247282 0.336718 0.038611 0.054190
