7 0.334264 0.680370 0.046108 0.073909
8 0.305354 0.625957 0.048889 0.075810
9 0.281341 0.575460 0.043231 0.079087
10 0.256627 0.529312 0.056825 0.096052
11 0.233557 0.483325 0.055215 0.105321
9 0.224486 0.458146 0.042655 0.071895
7 0.188682 0.400805 0.041300 0.056875
6 0.402715 0.654651 0.038981 0.061511
6 0.379628 0.603327 0.036908 0.059511
6 0.354385 0.559071 0.036746 0.057116
6 0.305799 0.482846 0.033151 0.053125
6 0.285668 0.447298 0.031713 0.052646
6 0.267255 0.415064 0.031792 0.050804
6 0.246404 0.387426 0.030671 0.049527
8 0.336799 0.426582 0.040820 0.064706
6 0.445357 0.480489 0.032513 0.053042
0 0.503004 0.456424 0.033218 0.053654
2 0.499139 0.375850 0.033700 0.063267
0 0.713849 0.530890 0.036481 0.056720
0 0.672409 0.492012 0.034950 0.054851
0 0.636761 0.456164 0.033284 0.052659
0 0.574153 0.394821 0.030556 0.050060
0 0.544861 0.364231 0.029623 0.048661
0 0.520198 0.338902 0.029425 0.047665
0 0.495268 0.312945 0.027229 0.046723
1 0.769988 0.505293 0.043469 0.064904
2 0.729942 0.465192 0.041862 0.069497
3 0.689562 0.428525 0.037675 0.070840
4 0.652593 0.391353 0.041065 0.084894
5 0.621880 0.356035 0.040830 0.097970
3 0.592763 0.342250 0.033383 0.065903
1 0.539701 0.298707 0.031286 0.052090
