7 0.181372 0.525121 0.039544 0.063985
11 0.352255 0.332664 0.039226 0.097662
6 0.239142 0.541313 0.035605 0.058115
6 0.381888 0.390790 0.029795 0.050959
3 0.305010 0.548494 0.042275 0.080427
9 0.334524 0.512201 0.040165 0.076782
6 0.409724 0.429092 0.031147 0.052325
6 0.432416 0.399494 0.033072 0.051925
6 0.474289 0.350284 0.030291 0.049081
6 0.439803 0.470951 0.032034 0.053760
0 0.451867 0.549525 0.035790 0.057834
0 0.501673 0.483221 0.033631 0.055761
0 0.494884 0.604845 0.037626 0.060952
7 0.533165 0.527541 0.039623 0.064468
9 0.555903 0.489215 0.039590 0.074772
2 0.595602 0.430562 0.036481 0.066171
0 0.657808 0.446243 0.032513 0.053922
0 0.674823 0.418724 0.032993 0.052884
0 0.692637 0.390604 0.032192 0.050486
1 0.627237 0.633697 0.043218 0.071336
1 0.668151 0.557672 0.041528 0.066462
5 0.716700 0.436377 0.044405 0.106405
