7 0.326442 0.649243 0.047930 0.077837
6 0.276625 0.399919 0.035083 0.058714
11 0.265967 0.337290 0.052226 0.109051
6 0.350885 0.431840 0.034613 0.057450
6 0.338004 0.388603 0.036015 0.058185
9 0.476954 0.610938 0.049081 0.084931
6 0.431629 0.466733 0.036677 0.059034
6 0.378398 0.303575 0.032219 0.053988
0 0.503018 0.451252 0.037305 0.060473
7 0.631022 0.587558 0.048009 0.073813
2 0.528866 0.355678 0.039345 0.069233
0 0.495764 0.287402 0.031634 0.053442
1 0.676172 0.519972 0.044573 0.072464
5 0.613505 0.363677 0.047970 0.111812
0 0.592264 0.347116 0.034190 0.056237
0 0.576486 0.311486 0.033151 0.055599
1 0.748507 0.507770 0.046015 0.071690
