7 0.762839 0.550508 0.044256 0.067741
9 0.627128 0.559086 0.042272 0.082153
6 0.421901 0.591095 0.037480 0.061541
11 0.348378 0.575522 0.053562 0.121475
6 0.477540 0.543165 0.035066 0.058089
6 0.408001 0.552654 0.039593 0.060585
6 0.531801 0.497538 0.033952 0.055585
6 0.262687 0.524891 0.036015 0.058313
0 0.514253 0.459105 0.033399 0.055757
1 0.612581 0.414630 0.036220 0.058975
2 0.381314 0.434340 0.036974 0.070698
0 0.253687 0.452603 0.033499 0.056118
7 0.658370 0.386227 0.034484 0.055853
1 0.600852 0.388153 0.036108 0.057437
5 0.427255 0.380508 0.041984 0.103872
0 0.368203 0.409046 0.033171 0.053323
0 0.309153 0.412806 0.032487 0.053522
