7 0.135923 0.291504 0.052087 0.069499
8 0.211742 0.272676 0.043138 0.078288
9 0.280212 0.258011 0.041986 0.080234
10 0.347485 0.236750 0.046781 0.099215
11 0.415016 0.216642 0.046934 0.116182
7 0.592000 0.201707 0.037412 0.063109
6 0.150833 0.338088 0.042083 0.063076
6 0.225796 0.324427 0.037673 0.061641
6 0.296157 0.308514 0.036904 0.061449
6 0.431507 0.281263 0.035469 0.060553
6 0.496174 0.267243 0.034749 0.059674
9 0.558804 0.244660 0.039541 0.079085
6 0.622550 0.241761 0.033473 0.057116
6 0.587601 0.294764 0.035150 0.058955
8 0.410980 0.374352 0.044655 0.085078
0 0.431685 0.436354 0.041605 0.063652
0 0.679715 0.435422 0.041507 0.064593
0 0.217965 0.634401 0.050710 0.069785
0 0.315646 0.605788 0.047640 0.069115
0 0.565666 0.536986 0.043695 0.067982
0 0.644950 0.513221 0.043135 0.065824
3 0.716232 0.486610 0.052913 0.089821
0 0.791554 0.472253 0.046110 0.065378
1 0.235658 0.709224 0.063958 0.086273
2 0.334045 0.673081 0.056136 0.097777
3 0.429562 0.645093 0.056377 0.097087
4 0.516580 0.611068 0.062256 0.119818
5 0.602362 0.578888 0.064932 0.128376
2 0.763140 0.546624 0.059469 0.091797
1 0.836185 0.528542 0.060046 0.079603
