7 0.567536 0.231418 0.034818 0.060576
9 0.614842 0.300524 0.038825 0.073574
10 0.641203 0.334679 0.046781 0.091644
7 0.695701 0.435547 0.042406 0.065638
11 0.730583 0.463395 0.056595 0.110710
6 0.513574 0.247515 0.031888 0.053258
6 0.533078 0.284194 0.032152 0.053656
6 0.631561 0.451488 0.035628 0.057279
9 0.663044 0.492660 0.043854 0.077246
6 0.691673 0.554538 0.038743 0.058874
8 0.474624 0.291011 0.037679 0.068102
6 0.593815 0.519269 0.037305 0.058636
8 0.456942 0.383569 0.040075 0.070166
6 0.479071 0.438802 0.035680 0.057852
2 0.308919 0.374225 0.043138 0.068939
2 0.365612 0.513940 0.045293 0.072295
0 0.388120 0.574416 0.039684 0.060622
0 0.214336 0.309518 0.034219 0.055052
0 0.229513 0.351823 0.035016 0.055788
0 0.294312 0.541229 0.039111 0.059124
3 0.309888 0.585116 0.047855 0.080869
0 0.333390 0.655457 0.041794 0.062874
1 0.148154 0.320392 0.041940 0.063577
3 0.175322 0.401178 0.042370 0.077552
4 0.186266 0.439657 0.053704 0.097087
1 0.205487 0.498451 0.046331 0.070059
5 0.234526 0.591315 0.059632 0.116230
