7 0.508460 0.214242 0.042975 0.071497
6 0.585732 0.257065 0.038424 0.064867
11 0.658371 0.227814 0.053245 0.126995
6 0.734395 0.253112 0.037786 0.064303
6 0.213237 0.310758 0.039808 0.066908
6 0.670288 0.299204 0.038506 0.064626
7 0.527033 0.343908 0.046813 0.076527
2 0.448537 0.392287 0.048890 0.090531
0 0.194430 0.464736 0.045632 0.070553
1 0.364546 0.460083 0.050400 0.081162
0 0.535741 0.453799 0.043903 0.068444
5 0.620615 0.426893 0.059635 0.135830
0 0.702492 0.447474 0.045726 0.069401
0 0.804054 0.502498 0.046781 0.072087
