7 0.383524 0.238999 0.033818 0.055452
8 0.437365 0.242241 0.033350 0.065173
9 0.488905 0.248001 0.035387 0.070378
10 0.544728 0.249211 0.040068 0.086943
11 0.601507 0.250371 0.043021 0.105944
9 0.657021 0.271629 0.035788 0.072054
7 0.777660 0.294831 0.037480 0.060391
6 0.363255 0.267666 0.029635 0.050885
6 0.415939 0.276974 0.029717 0.051924
6 0.470539 0.284683 0.029958 0.053285
6 0.525579 0.293311 0.030592 0.053763
6 0.583856 0.302616 0.031475 0.054001
6 0.644404 0.311123 0.030996 0.055039
6 0.705477 0.321707 0.032673 0.054320
6 0.771022 0.331055 0.032591 0.055762
8 0.630939 0.335936 0.038265 0.074053
0 0.407243 0.386071 0.034661 0.058314
0 0.468958 0.394697 0.035228 0.058314
0 0.215723 0.441470 0.038893 0.060635
0 0.284985 0.454411 0.039222 0.061751
0 0.487085 0.497524 0.039795 0.064548
0 0.563381 0.512142 0.040264 0.063587
0 0.635794 0.528161 0.041940 0.066543
0 0.718035 0.543418 0.042178 0.067344
1 0.176344 0.483800 0.052246 0.072458
2 0.244963 0.491872 0.049561 0.084740
3 0.318055 0.505570 0.048545 0.090299
4 0.386063 0.513519 0.056598 0.111354
5 0.464539 0.521702 0.056872 0.129069
3 0.537866 0.556060 0.049463 0.091546
2 0.618540 0.573794 0.049847 0.091930
1 0.701144 0.595994 0.050999 0.082920
