7 0.529663 0.226699 0.034391 0.058802
11 0.775552 0.346369 0.049580 0.118721
1 0.555306 0.292269 0.037214 0.062643
6 0.675871 0.367547 0.035348 0.059046
6 0.770532 0.426300 0.037881 0.061846
6 0.434051 0.265851 0.031234 0.053864
6 0.668348 0.420203 0.036149 0.061045
2 0.434736 0.371068 0.042975 0.075091
7 0.476388 0.403187 0.041143 0.067702
0 0.275623 0.321668 0.034749 0.056637
0 0.416195 0.431771 0.038027 0.060951
0 0.498234 0.495160 0.039144 0.064544
5 0.390426 0.462635 0.053698 0.127686
0 0.479863 0.560783 0.041699 0.068141
