7 0.661563 0.685451 0.051380 0.081481
7 0.364150 0.573717 0.047533 0.075169
11 0.229147 0.508411 0.066146 0.117448
6 0.691839 0.629694 0.043424 0.066719
6 0.616206 0.600265 0.041507 0.065758
6 0.343669 0.503356 0.038665 0.061270
6 0.218564 0.458407 0.039941 0.058382
6 0.320456 0.434181 0.036615 0.058714
9 0.417868 0.400996 0.042467 0.078125
2 0.573065 0.397256 0.042562 0.079564
0 0.803190 0.421571 0.039303 0.062152
8 0.665239 0.377843 0.041859 0.079163
3 0.540588 0.338208 0.040837 0.078988
0 0.424935 0.313299 0.034349 0.056852
1 0.759222 0.358480 0.042337 0.068366
0 0.510877 0.292163 0.033551 0.055986
3 0.460011 0.268571 0.038024 0.075729
0 0.401338 0.261507 0.032819 0.054720
1 0.656309 0.282222 0.037865 0.064945
5 0.489294 0.220404 0.044056 0.108132
