7 0.171191 0.301084 0.042005 0.065703
7 0.433610 0.260137 0.037148 0.062773
11 0.553101 0.217148 0.044287 0.111120
6 0.184544 0.338229 0.037292 0.059714
1 0.257507 0.324868 0.041471 0.067301
6 0.511177 0.285132 0.033395 0.057920
6 0.635949 0.264201 0.032288 0.056325
6 0.597572 0.308564 0.033815 0.057318
9 0.557487 0.344976 0.041413 0.082822
2 0.443405 0.410026 0.043522 0.080046
0 0.240011 0.506304 0.041540 0.065023
0 0.536444 0.448156 0.038981 0.061748
0 0.673320 0.420223 0.038210 0.062308
3 0.700859 0.455589 0.045208 0.088919
0 0.773981 0.448787 0.040273 0.063109
5 0.731177 0.483480 0.056318 0.127689
