7 0.818276 0.301668 0.043005 0.067900
7 0.756514 0.518804 0.048118 0.073434
11 0.724476 0.632824 0.061953 0.117939
6 0.750003 0.294157 0.036667 0.058555
6 0.732267 0.340832 0.037080 0.058245
6 0.660462 0.562829 0.041777 0.062148
6 0.615247 0.701169 0.044193 0.063652
6 0.557931 0.609080 0.041540 0.061670
9 0.504266 0.517240 0.046813 0.080924
8 0.548242 0.248031 0.042975 0.069180
2 0.484518 0.391468 0.045918 0.074674
0 0.487266 0.242834 0.035280 0.057249
3 0.389694 0.429093 0.045918 0.080140
0 0.332996 0.551805 0.041781 0.061833
1 0.423739 0.229539 0.040140 0.064906
9 0.401619 0.266532 0.040837 0.078317
0 0.290618 0.476994 0.040260 0.059990
3 0.257482 0.522977 0.050967 0.080283
0 0.222956 0.597339 0.044733 0.062627
1 0.279282 0.351322 0.044893 0.068138
5 0.184020 0.491478 0.067747 0.115124
