7 0.837363 0.470475 0.056654 0.075924
8 0.768677 0.492591 0.053682 0.088288
9 0.696217 0.518045 0.050423 0.088200
10 0.622184 0.538389 0.058652 0.112155
11 0.540946 0.558532 0.060739 0.123685
7 0.298018 0.674829 0.058092 0.083512
6 0.788831 0.425540 0.040742 0.062402
6 0.721587 0.447056 0.040452 0.063258
6 0.653908 0.471266 0.041605 0.063939
6 0.585321 0.495376 0.041507 0.064801
6 0.511701 0.520396 0.043232 0.065186
6 0.435011 0.547715 0.042660 0.065951
9 0.355072 0.569902 0.051764 0.091693
6 0.267734 0.605998 0.045534 0.066527
8 0.405277 0.484854 0.047975 0.085469
6 0.325588 0.515745 0.042178 0.064323
0 0.545319 0.327555 0.036029 0.061510
0 0.485605 0.348646 0.036426 0.061829
0 0.258696 0.365980 0.039066 0.060710
0 0.610464 0.223029 0.032751 0.055999
0 0.550072 0.239404 0.033229 0.057116
0 0.369974 0.287015 0.034427 0.058073
0 0.304030 0.306305 0.035469 0.057676
3 0.241196 0.313263 0.044860 0.080426
0 0.169066 0.343053 0.041621 0.059753
1 0.581414 0.188062 0.036813 0.060843
2 0.526123 0.199080 0.036107 0.071416
3 0.466753 0.212173 0.037386 0.075251
4 0.408752 0.218737 0.042178 0.094134
5 0.345771 0.226354 0.047207 0.113743
2 0.221790 0.276903 0.045931 0.076130
1 0.152852 0.298885 0.048411 0.068154
