7 0.820534 0.491877 0.045775 0.068460
7 0.482083 0.587419 0.045215 0.071895
11 0.412002 0.591317 0.054388 0.118024
6 0.782134 0.454451 0.037627 0.057757
6 0.719984 0.470467 0.035866 0.058154
6 0.460462 0.541234 0.037194 0.060488
9 0.390547 0.554123 0.044766 0.083688
6 0.315153 0.580851 0.038789 0.061839
6 0.366608 0.513493 0.037793 0.058874
8 0.537723 0.413394 0.039463 0.073011
9 0.410514 0.443099 0.039941 0.076048
0 0.659666 0.306821 0.032419 0.052523
2 0.373231 0.368752 0.038011 0.072295
0 0.308146 0.390299 0.034880 0.054922
0 0.577920 0.289813 0.030690 0.052321
0 0.348786 0.341204 0.032552 0.053255
3 0.292922 0.344601 0.038057 0.073714
0 0.226631 0.367933 0.034551 0.054388
1 0.608888 0.244805 0.034548 0.057051
3 0.501255 0.263162 0.035550 0.070296
1 0.392271 0.291743 0.035615 0.059847
5 0.276517 0.296729 0.044863 0.104792
