7 0.179596 0.503691 0.051029 0.069980
8 0.224738 0.457495 0.048890 0.075010
9 0.268706 0.416466 0.042816 0.077809
10 0.304800 0.373281 0.050713 0.093848
11 0.343835 0.332814 0.050267 0.107327
7 0.430719 0.270812 0.033451 0.054476
6 0.240544 0.524777 0.040208 0.062842
6 0.286644 0.481340 0.037480 0.060511
6 0.325788 0.440999 0.035215 0.058516
6 0.396271 0.370495 0.032021 0.055521
6 0.427218 0.339007 0.030954 0.053789
9 0.454188 0.300923 0.034912 0.071019
6 0.483771 0.281797 0.027959 0.050247
8 0.343309 0.493818 0.049131 0.078444
6 0.509240 0.320435 0.029626 0.051794
0 0.538905 0.448125 0.035947 0.058874
2 0.575662 0.505207 0.044958 0.077360
2 0.652946 0.386616 0.040645 0.071130
0 0.676188 0.356178 0.033301 0.055996
0 0.585062 0.641274 0.045247 0.069977
0 0.618229 0.580547 0.042370 0.067005
0 0.698752 0.443807 0.037067 0.060622
0 0.719401 0.404028 0.034753 0.058558
3 0.739421 0.362738 0.038984 0.077806
0 0.757035 0.337285 0.032819 0.054642
1 0.667863 0.663691 0.053682 0.084453
3 0.722360 0.540957 0.048776 0.090638
4 0.745677 0.486567 0.054063 0.106865
5 0.767262 0.433517 0.056152 0.121748
1 0.818441 0.348190 0.040742 0.062630
