7 0.457323 0.626105 0.054066 0.086657
6 0.372139 0.564466 0.045534 0.072376
11 0.284717 0.539565 0.063770 0.135003
6 0.192266 0.564548 0.046204 0.071895
6 0.797974 0.502557 0.044495 0.071097
6 0.289419 0.503581 0.045342 0.069785
7 0.385524 0.445083 0.049466 0.078415
0 0.771304 0.345293 0.040674 0.065703
1 0.618916 0.340124 0.046302 0.075156
0 0.463901 0.347559 0.040101 0.065104
5 0.387114 0.318068 0.053285 0.128512
0 0.311131 0.347287 0.040420 0.065426
2 0.610335 0.292645 0.045247 0.083688
0 0.241273 0.300755 0.039382 0.063587
