6 0.434056 0.388244 0.033620 0.057184
11 0.478239 0.339635 0.045553 0.111237
6 0.523991 0.340446 0.032285 0.054785
6 0.225404 0.554924 0.039303 0.064704
2 0.338491 0.485174 0.043376 0.077809
7 0.481061 0.406190 0.038809 0.064372
6 0.528351 0.383849 0.033551 0.056383
0 0.671777 0.397931 0.035117 0.057581
0 0.381655 0.647515 0.042946 0.070173
1 0.495480 0.573926 0.046253 0.075169
5 0.547699 0.519139 0.053008 0.125726
0 0.592122 0.508716 0.037383 0.062549
0 0.681802 0.449600 0.036546 0.060247
7 0.740522 0.470563 0.043135 0.068861
