6 0.706733 0.517703 0.041221 0.066143
11 0.721859 0.538669 0.057975 0.132793
6 0.738245 0.620952 0.043216 0.069261
6 0.576701 0.322425 0.034150 0.057780
2 0.596165 0.391016 0.045215 0.074694
7 0.632495 0.520508 0.046891 0.075651
6 0.641628 0.572464 0.041380 0.068301
7 0.555425 0.523693 0.045771 0.077327
0 0.379761 0.331439 0.035081 0.059115
1 0.381506 0.402788 0.043070 0.069567
0 0.395028 0.491032 0.039880 0.065378
0 0.403828 0.587285 0.042852 0.069499
5 0.314748 0.467896 0.055752 0.130309
0 0.322202 0.648491 0.044671 0.072471
