7 0.815814 0.311654 0.040410 0.064505
9 0.801136 0.375843 0.043040 0.085508
10 0.795107 0.408885 0.057057 0.107555
11 0.781740 0.444683 0.062282 0.135003
7 0.752352 0.638480 0.057132 0.089056
6 0.752409 0.307905 0.033151 0.056077
6 0.740186 0.340576 0.034590 0.058633
6 0.730680 0.376125 0.037148 0.061032
6 0.704279 0.458844 0.040101 0.066061
6 0.690859 0.507694 0.040742 0.068857
9 0.676746 0.552856 0.053011 0.098161
6 0.653953 0.625202 0.047132 0.074134
8 0.675309 0.327135 0.040547 0.071510
8 0.661064 0.362290 0.042585 0.072933
6 0.589246 0.547476 0.042497 0.069339
0 0.512116 0.384901 0.036348 0.061175
2 0.469842 0.335830 0.040068 0.072279
2 0.393768 0.449492 0.048890 0.081387
0 0.363376 0.504951 0.041699 0.067676
0 0.455903 0.272244 0.030915 0.053363
0 0.433257 0.302848 0.032432 0.055840
0 0.354556 0.405112 0.037484 0.061637
0 0.324551 0.448105 0.039206 0.064036
3 0.289865 0.479860 0.049658 0.089629
0 0.251650 0.544014 0.045632 0.069883
1 0.400026 0.263937 0.035684 0.057848
3 0.350832 0.316603 0.038727 0.076891
4 0.319764 0.340939 0.049847 0.097777
5 0.288638 0.369155 0.058252 0.121748
1 0.178576 0.524608 0.056930 0.078988
