7 0.544727 0.222095 0.035228 0.061911
9 0.603595 0.277669 0.039463 0.078288
7 0.706200 0.394211 0.043786 0.069736
11 0.747396 0.410954 0.054661 0.122578
6 0.492459 0.240228 0.032952 0.055417
6 0.517313 0.271681 0.032620 0.055973
6 0.642536 0.414453 0.037546 0.061510
9 0.682326 0.447065 0.046396 0.085700
6 0.720703 0.503763 0.040820 0.063750
8 0.458804 0.281335 0.039463 0.073893
6 0.614338 0.479518 0.038662 0.063346
4 0.454014 0.356224 0.046589 0.101576
6 0.484106 0.415031 0.037087 0.062178
2 0.375814 0.493076 0.048568 0.080443
0 0.407926 0.549212 0.041699 0.066458
0 0.191698 0.319432 0.034352 0.058395
0 0.213146 0.356418 0.036507 0.059834
0 0.304948 0.526442 0.040885 0.064388
3 0.327922 0.564074 0.050713 0.091449
0 0.361553 0.630858 0.044668 0.069977
1 0.123678 0.334225 0.045534 0.066784
3 0.163340 0.403862 0.045612 0.084118
1 0.204935 0.493522 0.049447 0.075410
5 0.249041 0.572956 0.065166 0.132793
