7 0.410947 0.261493 0.035547 0.060472
7 0.639551 0.315516 0.037611 0.062842
11 0.761621 0.319229 0.047396 0.113880
6 0.384574 0.292728 0.032871 0.054922
1 0.442508 0.305483 0.036585 0.062790
6 0.673724 0.362928 0.034668 0.058232
6 0.804972 0.394084 0.035628 0.059033
6 0.715662 0.413815 0.035465 0.059193
2 0.469997 0.428872 0.042083 0.077744
9 0.530531 0.445091 0.042083 0.082246
0 0.251916 0.425202 0.037080 0.059779
0 0.503493 0.494281 0.038249 0.061159
0 0.640047 0.531525 0.039880 0.064131
3 0.606636 0.567936 0.046878 0.090684
0 0.686589 0.599297 0.042083 0.067201
5 0.576572 0.597266 0.057975 0.132520
