7 0.780651 0.449616 0.050612 0.081576
6 0.703833 0.508384 0.045726 0.071800
11 0.711025 0.539963 0.065924 0.140635
6 0.717244 0.635140 0.048122 0.074290
6 0.602137 0.268817 0.037080 0.062777
6 0.621001 0.568949 0.044671 0.072663
2 0.455876 0.395806 0.047969 0.083167
7 0.457121 0.449098 0.048506 0.078796
0 0.389849 0.266932 0.037705 0.062712
1 0.375990 0.349784 0.046413 0.074606
0 0.371984 0.453600 0.042660 0.068828
0 0.360672 0.567510 0.046110 0.073717
5 0.275516 0.479451 0.061969 0.140140
0 0.259730 0.633701 0.049368 0.076302
