2 0.289051 0.426984 0.047738 0.077933
6 0.275373 0.394048 0.035016 0.061709
11 0.265819 0.331953 0.050107 0.118437
6 0.255903 0.320426 0.035081 0.058236
6 0.423965 0.607057 0.042604 0.069629
7 0.376372 0.462959 0.044495 0.072773
6 0.334054 0.347017 0.034684 0.058447
5 0.537295 0.457370 0.054329 0.126224
0 0.447474 0.293105 0.034512 0.058177
0 0.656660 0.570492 0.041986 0.068542
1 0.613859 0.473392 0.044417 0.073730
0 0.564845 0.394481 0.036715 0.061351
0 0.527612 0.321436 0.034508 0.059049
7 0.590176 0.310016 0.038613 0.064772
