6 0.698223 0.321094 0.035378 0.061191
11 0.765604 0.305046 0.050368 0.123314
6 0.839119 0.344154 0.036683 0.061243
6 0.353060 0.300317 0.035150 0.059710
2 0.482495 0.315612 0.041507 0.079277
7 0.682863 0.352583 0.043057 0.069417
6 0.752975 0.367905 0.037227 0.061989
7 0.666846 0.387087 0.043906 0.071797
0 0.800685 0.457502 0.041501 0.066527
0 0.266408 0.405881 0.039867 0.064515
1 0.402415 0.432059 0.045000 0.074424
0 0.550640 0.459465 0.042946 0.065856
0 0.702721 0.486689 0.042467 0.067773
5 0.526512 0.475210 0.057314 0.136494
