7 0.210693 0.563428 0.052643 0.080202
7 0.305492 0.385047 0.041777 0.066943
11 0.338185 0.293174 0.047738 0.113997
6 0.290885 0.572687 0.043685 0.070778
6 0.316323 0.521401 0.041540 0.068538
6 0.388132 0.356914 0.034512 0.059753
6 0.417409 0.291048 0.031712 0.055039
6 0.467337 0.326278 0.032513 0.057119
9 0.523322 0.352845 0.041507 0.081576
8 0.543271 0.584635 0.054447 0.089147
0 0.625138 0.598696 0.044977 0.073174
3 0.651432 0.398197 0.044479 0.086276
2 0.654910 0.367723 0.041989 0.073044
0 0.660583 0.335856 0.034753 0.058633
1 0.712772 0.601247 0.052913 0.086178
9 0.714974 0.540794 0.051419 0.095592
0 0.726167 0.373800 0.037145 0.061188
3 0.730002 0.330936 0.042021 0.082041
0 0.730999 0.305739 0.035150 0.057676
1 0.801683 0.454572 0.046875 0.074964
5 0.796649 0.318296 0.049118 0.119059
