7 0.842869 0.288660 0.043538 0.071976
7 0.793350 0.481261 0.049850 0.080283
11 0.767259 0.574033 0.063223 0.138730
6 0.772480 0.285754 0.037474 0.062868
1 0.756580 0.327192 0.045824 0.073239
6 0.696074 0.525036 0.043457 0.069896
6 0.657492 0.649232 0.046813 0.072773
6 0.591826 0.570731 0.043457 0.070218
2 0.502502 0.381086 0.048408 0.080524
3 0.480597 0.424212 0.047835 0.090299
0 0.496245 0.252321 0.036214 0.060846
0 0.406851 0.426738 0.039873 0.065905
0 0.353107 0.530718 0.043617 0.069307
0 0.240155 0.576195 0.045133 0.070697
5 0.195474 0.476123 0.066670 0.132240
