7 0.721868 0.579297 0.051094 0.082728
8 0.634482 0.565425 0.050039 0.092503
9 0.552187 0.555264 0.048984 0.091641
10 0.470807 0.537826 0.056732 0.112917
11 0.389819 0.518696 0.060173 0.126650
7 0.168236 0.520492 0.054479 0.074609
6 0.723618 0.527712 0.041781 0.067982
6 0.643057 0.517207 0.040423 0.066621
6 0.564810 0.509977 0.040342 0.065104
6 0.416774 0.492904 0.039277 0.063242
6 0.343615 0.485514 0.039411 0.063372
9 0.269398 0.470120 0.048698 0.086563
6 0.200104 0.470239 0.041738 0.061038
6 0.296084 0.431460 0.037148 0.059645
8 0.513988 0.401136 0.040742 0.078366
0 0.527576 0.366880 0.036143 0.059580
2 0.420812 0.316037 0.036748 0.072692
0 0.358420 0.317619 0.032555 0.054788
0 0.741297 0.312560 0.033473 0.056318
0 0.672837 0.307729 0.034111 0.055758
0 0.492091 0.293719 0.030954 0.054255
0 0.430348 0.290059 0.033815 0.053190
3 0.379072 0.276925 0.035788 0.072933
0 0.319077 0.281839 0.031090 0.052057
1 0.743286 0.277078 0.036826 0.059834
2 0.681338 0.269561 0.035788 0.069896
3 0.619087 0.263039 0.036611 0.072692
4 0.561812 0.251655 0.039684 0.088382
5 0.502809 0.239616 0.041413 0.106751
1 0.336924 0.250996 0.035749 0.057253
