7 0.176479 0.489647 0.053122 0.070218
9 0.264701 0.385581 0.046875 0.077360
10 0.300802 0.331323 0.056462 0.096820
7 0.379655 0.259325 0.040475 0.064040
11 0.408656 0.200618 0.049349 0.107441
6 0.241037 0.515584 0.041807 0.060576
6 0.286823 0.463517 0.040182 0.059912
6 0.434375 0.280646 0.034082 0.057314
9 0.464787 0.231903 0.038903 0.075251
6 0.499181 0.200928 0.032021 0.054720
8 0.345905 0.481413 0.051862 0.076784
6 0.525643 0.256115 0.033154 0.056318
2 0.484946 0.401183 0.050999 0.073493
6 0.523698 0.356696 0.035872 0.059193
2 0.678270 0.349069 0.043695 0.074134
0 0.707936 0.307274 0.035547 0.058779
0 0.587446 0.651846 0.044867 0.064440
0 0.624731 0.584743 0.042803 0.063372
0 0.748638 0.370994 0.038480 0.060576
3 0.774899 0.319927 0.043906 0.081481
0 0.799271 0.281678 0.037279 0.058714
1 0.666719 0.677773 0.052572 0.078451
3 0.733239 0.543664 0.050137 0.085602
4 0.764382 0.480804 0.053372 0.104219
1 0.785588 0.440443 0.047549 0.072181
5 0.840877 0.325591 0.052178 0.114020
