7 0.286030 0.653846 0.052725 0.077744
9 0.268097 0.525609 0.048428 0.083053
7 0.242975 0.373569 0.043939 0.067979
11 0.230597 0.310773 0.056136 0.111351
6 0.367948 0.639443 0.043805 0.065566
6 0.358026 0.575601 0.042178 0.063649
6 0.313226 0.366589 0.035814 0.059115
9 0.301162 0.314839 0.041139 0.077809
6 0.295565 0.280067 0.033350 0.055518
6 0.370609 0.310103 0.033685 0.056917
8 0.478643 0.429552 0.045247 0.073428
6 0.531794 0.372419 0.035469 0.059434
0 0.687104 0.571852 0.042660 0.065566
2 0.578687 0.314471 0.040902 0.072132
0 0.561279 0.276554 0.035853 0.058089
0 0.733454 0.497541 0.041797 0.062790
0 0.642616 0.304593 0.035563 0.057995
3 0.627051 0.258193 0.040560 0.077552
0 0.606484 0.226611 0.034427 0.056367
1 0.839250 0.536092 0.050518 0.075537
3 0.779653 0.421183 0.046299 0.082536
1 0.729163 0.332061 0.042337 0.067741
5 0.687550 0.233621 0.047048 0.109854
