7 0.182407 0.427246 0.037985 0.058529
7 0.405765 0.366089 0.033672 0.055531
11 0.505264 0.317827 0.039688 0.096533
6 0.205120 0.460697 0.034290 0.052122
1 0.267599 0.441226 0.037555 0.059801
6 0.480156 0.382109 0.029733 0.049870
6 0.582868 0.352266 0.028900 0.048652
6 0.560955 0.395423 0.029788 0.049759
9 0.538825 0.432443 0.035710 0.071097
2 0.456064 0.501535 0.038346 0.069736
0 0.302072 0.607235 0.036715 0.057900
3 0.544743 0.517008 0.039941 0.075410
0 0.653278 0.488050 0.033418 0.054121
0 0.634904 0.542139 0.034352 0.055788
3 0.687049 0.516984 0.039704 0.075811
0 0.743911 0.504093 0.035882 0.054919
8 0.547067 0.614054 0.041029 0.076305
5 0.722957 0.539263 0.048083 0.108590
