7 0.599212 0.253005 0.030846 0.053919
8 0.622308 0.277012 0.033685 0.062708
9 0.644349 0.302262 0.034883 0.069232
10 0.669883 0.327261 0.042083 0.087712
11 0.695477 0.353579 0.045667 0.107210
7 0.795195 0.489217 0.045534 0.068219
6 0.551694 0.266429 0.029079 0.048887
6 0.569548 0.293869 0.028678 0.049450
6 0.591237 0.322666 0.029876 0.052083
6 0.637887 0.388171 0.033229 0.055280
6 0.665566 0.425397 0.034271 0.056400
9 0.697609 0.457463 0.042738 0.078844
6 0.728555 0.512630 0.038184 0.059596
8 0.516810 0.299473 0.033952 0.063509
6 0.631937 0.483674 0.035866 0.058395
0 0.443459 0.393820 0.033070 0.054561
2 0.413623 0.482814 0.045293 0.071488
0 0.435190 0.535374 0.038024 0.060312
0 0.283691 0.321724 0.030117 0.050804
0 0.295754 0.354077 0.031872 0.052562
0 0.330264 0.463717 0.035710 0.057598
0 0.346927 0.509051 0.035964 0.058636
3 0.360360 0.544642 0.046110 0.082728
0 0.381071 0.608945 0.040501 0.063828
1 0.224041 0.332118 0.039743 0.058447
2 0.232790 0.360653 0.043457 0.066064
3 0.244580 0.393161 0.040072 0.075723
4 0.249198 0.422310 0.053258 0.094788
5 0.260409 0.457004 0.059769 0.114020
1 0.301865 0.625107 0.052148 0.076497
