7 0.219250 0.298830 0.041462 0.061748
8 0.285786 0.289673 0.037145 0.071227
9 0.347926 0.283468 0.036667 0.074691
10 0.410526 0.271882 0.042165 0.091738
11 0.473475 0.260103 0.043597 0.109626
7 0.644450 0.268491 0.035749 0.058714
6 0.221549 0.335026 0.035026 0.058047
6 0.288156 0.331100 0.033486 0.057116
6 0.352827 0.325407 0.033285 0.057585
6 0.416102 0.320848 0.032686 0.057119
6 0.480908 0.316520 0.033685 0.056986
6 0.543216 0.311494 0.034349 0.055983
9 0.603682 0.297464 0.038424 0.075013
6 0.665431 0.302485 0.031442 0.054450
8 0.555967 0.337557 0.038184 0.075173
6 0.621576 0.341309 0.033646 0.056751
0 0.377638 0.446304 0.039014 0.062979
0 0.447808 0.436958 0.038057 0.061924
0 0.680270 0.462983 0.039974 0.063174
0 0.215492 0.568525 0.044863 0.068730
0 0.309051 0.557886 0.042562 0.069307
0 0.552288 0.532194 0.043600 0.067773
0 0.631382 0.522272 0.041891 0.065378
0 0.781978 0.505306 0.042660 0.065566
1 0.213981 0.629183 0.058379 0.085794
2 0.307646 0.610941 0.053490 0.098008
3 0.400109 0.598734 0.052913 0.099388
4 0.485661 0.580685 0.058255 0.120785
5 0.572018 0.562052 0.059909 0.135140
3 0.652765 0.571024 0.051650 0.095479
2 0.735080 0.561706 0.053298 0.093561
1 0.813971 0.556520 0.055983 0.080521
