7 0.303327 0.663612 0.056556 0.082679
9 0.250332 0.530358 0.052721 0.087233
10 0.222855 0.466159 0.067526 0.108477
11 0.204987 0.406868 0.066673 0.119681
7 0.151331 0.304526 0.047292 0.065264
6 0.386390 0.634517 0.045918 0.069020
6 0.358496 0.569326 0.044382 0.066712
8 0.277142 0.405706 0.049928 0.075970
6 0.260609 0.366188 0.038210 0.060312
9 0.236872 0.317267 0.043457 0.080042
6 0.222064 0.286704 0.036348 0.057119
8 0.436100 0.536408 0.049082 0.081481
6 0.400592 0.485143 0.040820 0.063906
6 0.304910 0.305910 0.034417 0.057184
0 0.444889 0.410156 0.038105 0.061829
6 0.415628 0.364707 0.036523 0.060104
0 0.477362 0.345649 0.036585 0.060472
2 0.607627 0.407428 0.046309 0.079180
2 0.511255 0.286232 0.039209 0.073141
0 0.482572 0.254857 0.033620 0.056719
0 0.755293 0.493387 0.043294 0.064626
0 0.707603 0.438786 0.040583 0.062949
0 0.567183 0.271966 0.033617 0.056849
3 0.541732 0.231432 0.038184 0.076367
0 0.511763 0.207225 0.031286 0.054255
1 0.822581 0.463823 0.053490 0.074964
3 0.729826 0.362126 0.044385 0.081673
4 0.695581 0.313478 0.050270 0.098467
5 0.656908 0.266556 0.049349 0.113190
1 0.564307 0.191444 0.036680 0.059645
