6 0.647762 0.570394 0.040739 0.067344
11 0.619131 0.589743 0.058112 0.134036
6 0.585732 0.670208 0.043535 0.070618
6 0.701613 0.362166 0.035550 0.058447
2 0.653042 0.426600 0.043519 0.078031
7 0.576047 0.552072 0.046299 0.075348
6 0.541597 0.600111 0.040420 0.067181
0 0.362153 0.611855 0.042842 0.069596
0 0.519126 0.327438 0.034150 0.057181
1 0.460020 0.388810 0.041074 0.066702
5 0.427422 0.399316 0.051491 0.121751
0 0.401616 0.466657 0.037627 0.061992
0 0.331818 0.548826 0.040264 0.066045
7 0.302288 0.486325 0.044336 0.072135
