7 0.811794 0.436286 0.049368 0.067904
8 0.752171 0.460314 0.048027 0.079469
9 0.689383 0.487261 0.044671 0.079183
10 0.625412 0.509977 0.051533 0.100768
11 0.555609 0.532868 0.053952 0.109512
9 0.494769 0.577178 0.048542 0.081790
7 0.347267 0.650550 0.050902 0.075059
6 0.765490 0.397866 0.036045 0.056846
6 0.706870 0.421113 0.036520 0.057324
6 0.648291 0.446851 0.036712 0.057803
6 0.588245 0.472684 0.036810 0.057900
6 0.523006 0.499670 0.037874 0.058760
6 0.457199 0.528620 0.038141 0.059147
6 0.386976 0.558096 0.039785 0.059434
6 0.311917 0.590832 0.040163 0.059912
8 0.424847 0.473231 0.042370 0.076696
0 0.484808 0.342062 0.033711 0.056637
0 0.588337 0.216047 0.030514 0.052406
0 0.533856 0.234899 0.031475 0.053522
0 0.480614 0.253351 0.031553 0.053682
0 0.370973 0.289419 0.032272 0.054079
0 0.311458 0.311027 0.033392 0.053682
0 0.252507 0.330280 0.035788 0.054798
0 0.189596 0.352965 0.038424 0.055280
1 0.558083 0.183856 0.033893 0.056917
2 0.508665 0.197427 0.034030 0.066240
3 0.454451 0.213122 0.035387 0.069740
4 0.401686 0.222515 0.040260 0.087041
5 0.344225 0.233962 0.046243 0.105462
3 0.289116 0.266405 0.038760 0.072217
2 0.229650 0.287526 0.040661 0.070137
1 0.168988 0.311908 0.045612 0.063027
