7 0.262842 0.502205 0.046302 0.073428
11 0.171274 0.405112 0.059469 0.117334
6 0.280968 0.431893 0.038265 0.061670
6 0.196372 0.361034 0.036826 0.059274
6 0.587010 0.593944 0.041781 0.065824
6 0.295545 0.363870 0.036266 0.059512
2 0.539712 0.395104 0.043298 0.079727
7 0.489408 0.367202 0.041699 0.069339
0 0.751808 0.481300 0.040661 0.064307
1 0.647490 0.402166 0.043138 0.071735
0 0.543231 0.339580 0.035680 0.058581
0 0.453195 0.278018 0.034619 0.058581
5 0.550387 0.256019 0.048314 0.112780
0 0.459718 0.222231 0.033285 0.056585
