7 0.837476 0.407695 0.048506 0.071224
9 0.728005 0.462902 0.046777 0.086755
10 0.671034 0.488177 0.057516 0.108249
7 0.543577 0.568883 0.048092 0.076849
11 0.481037 0.587975 0.059495 0.127272
6 0.783005 0.375511 0.038151 0.059720
6 0.729609 0.402017 0.037962 0.060583
8 0.560796 0.485264 0.046182 0.084277
6 0.498979 0.524709 0.039782 0.064515
9 0.434893 0.551842 0.048314 0.090397
6 0.361707 0.596460 0.042464 0.067679
8 0.682863 0.357552 0.043617 0.077565
6 0.385576 0.512485 0.040931 0.064417
0 0.524274 0.381689 0.037155 0.060163
6 0.464201 0.410260 0.037575 0.061348
2 0.496712 0.280591 0.039915 0.075231
2 0.329292 0.353237 0.042275 0.080042
0 0.264128 0.388363 0.038652 0.061771
0 0.561370 0.213455 0.032207 0.056364
0 0.507765 0.235715 0.034281 0.057633
0 0.286328 0.327166 0.036810 0.059242
3 0.229123 0.340576 0.043057 0.081882
0 0.161691 0.378241 0.039229 0.061312
1 0.522121 0.182716 0.036878 0.060778
3 0.419110 0.217931 0.038584 0.075648
4 0.365863 0.230047 0.042656 0.094613
1 0.251735 0.288188 0.040807 0.066702
5 0.194854 0.290763 0.051901 0.117471
