7 0.544577 0.560905 0.047370 0.076289
6 0.440112 0.538521 0.040661 0.065667
11 0.367736 0.534899 0.056325 0.127135
6 0.288138 0.583415 0.042669 0.067344
6 0.733330 0.401623 0.036484 0.060179
6 0.336382 0.514355 0.039463 0.064544
2 0.483786 0.369998 0.041699 0.078604
7 0.420620 0.393804 0.041859 0.068701
0 0.634342 0.297773 0.034290 0.057051
1 0.516037 0.322952 0.040277 0.065703
0 0.392528 0.360483 0.036494 0.059033
5 0.325854 0.348919 0.048890 0.119518
0 0.261325 0.392957 0.038184 0.061032
0 0.169618 0.372707 0.037705 0.059834
