7 0.753244 0.672588 0.056175 0.087233
11 0.238833 0.546260 0.070954 0.128379
6 0.768807 0.611196 0.046494 0.071227
1 0.675742 0.586064 0.051764 0.084355
6 0.357192 0.524940 0.043617 0.068219
6 0.203377 0.493346 0.046253 0.065586
6 0.310540 0.452686 0.040898 0.065104
2 0.581951 0.380021 0.046299 0.086370
7 0.507038 0.375094 0.045293 0.074212
0 0.830885 0.377897 0.041986 0.066432
0 0.529980 0.329660 0.038919 0.063076
0 0.391318 0.306128 0.038633 0.062790
0 0.348468 0.250480 0.037100 0.060199
5 0.442054 0.195684 0.048867 0.118437
