7 0.145964 0.443097 0.043138 0.066104
11 0.453104 0.249886 0.043480 0.103529
1 0.250876 0.442318 0.042656 0.067181
6 0.449993 0.328203 0.032910 0.054479
6 0.541785 0.274328 0.031488 0.052523
6 0.238387 0.517041 0.037946 0.058848
6 0.542051 0.329549 0.032552 0.053389
2 0.493115 0.477769 0.042337 0.073252
7 0.539995 0.447139 0.039678 0.064173
0 0.381087 0.637440 0.040820 0.061911
0 0.592674 0.486820 0.036025 0.057116
0 0.685828 0.420916 0.037393 0.056396
5 0.695028 0.469347 0.050615 0.109626
0 0.782686 0.422114 0.036029 0.055921
