7 0.425257 0.681632 0.051764 0.083389
9 0.325968 0.568013 0.051872 0.087809
10 0.280049 0.510229 0.059473 0.111006
7 0.200013 0.431844 0.046413 0.073330
11 0.158517 0.372318 0.060049 0.118828
6 0.492109 0.642648 0.044746 0.068916
6 0.443164 0.587892 0.042793 0.067282
8 0.306190 0.442168 0.047067 0.080430
6 0.267467 0.406330 0.038249 0.062790
9 0.226558 0.359030 0.044814 0.083880
6 0.193032 0.328442 0.036618 0.059242
8 0.509089 0.544258 0.048600 0.083783
6 0.290474 0.337741 0.036331 0.059818
0 0.474009 0.424826 0.038929 0.062256
6 0.428713 0.382998 0.037770 0.060872
2 0.634300 0.398024 0.045918 0.080046
2 0.499937 0.289541 0.040420 0.075501
0 0.457655 0.260804 0.034827 0.059115
0 0.795929 0.460059 0.041462 0.064069
0 0.737056 0.415005 0.040023 0.062308
0 0.549440 0.268234 0.034987 0.057998
3 0.513076 0.229157 0.039206 0.078893
0 0.470037 0.205646 0.033551 0.056956
1 0.851007 0.423647 0.049743 0.073623
3 0.739565 0.337853 0.043617 0.080602
4 0.693568 0.294504 0.048802 0.098161
1 0.644950 0.276300 0.040342 0.066969
5 0.562300 0.192466 0.045693 0.111260
