7 0.210615 0.403680 0.038477 0.050329
9 0.315781 0.361914 0.033470 0.057038
10 0.364990 0.337251 0.038346 0.072093
11 0.416219 0.315622 0.036618 0.082057
7 0.546579 0.277580 0.029290 0.048265
6 0.231912 0.442323 0.031064 0.044215
6 0.285835 0.422990 0.027959 0.043936
6 0.336851 0.403019 0.028252 0.043604
6 0.435571 0.366084 0.027236 0.043158
6 0.482668 0.347139 0.026683 0.043327
9 0.528047 0.323304 0.030423 0.056387
6 0.575368 0.311857 0.026016 0.042549
8 0.305732 0.456471 0.035710 0.059193
8 0.360814 0.435156 0.033118 0.058190
6 0.555563 0.363032 0.027129 0.042607
0 0.460955 0.497480 0.029847 0.043158
2 0.433914 0.560028 0.036715 0.060583
0 0.540645 0.517923 0.030788 0.044876
2 0.587896 0.490827 0.034092 0.059447
0 0.639383 0.473577 0.030225 0.044401
0 0.341504 0.670212 0.034219 0.045801
0 0.405278 0.639624 0.033818 0.045732
0 0.623174 0.538151 0.030690 0.044538
3 0.670601 0.512671 0.036429 0.059593
0 0.722163 0.492751 0.031618 0.044668
1 0.368701 0.721449 0.041413 0.055983
3 0.491172 0.658459 0.039017 0.061735
4 0.547508 0.626795 0.042946 0.077360
5 0.602946 0.596781 0.044863 0.080638
1 0.757559 0.533200 0.039544 0.054121
