7 0.236823 0.387723 0.046413 0.072614
11 0.249062 0.284248 0.052318 0.120091
1 0.306823 0.471569 0.048216 0.078223
6 0.317673 0.347896 0.037148 0.063441
6 0.326126 0.273102 0.034486 0.058848
6 0.380575 0.578368 0.044814 0.072933
6 0.391864 0.306821 0.035081 0.061175
2 0.536725 0.416286 0.046589 0.080716
7 0.529334 0.376797 0.042340 0.071816
0 0.634536 0.571688 0.045055 0.073141
0 0.606297 0.378371 0.038610 0.063910
0 0.595228 0.300304 0.036549 0.061579
5 0.676361 0.309868 0.051628 0.124235
0 0.658203 0.262261 0.036146 0.059912
