2 0.642769 0.382321 0.042816 0.077559
6 0.698822 0.415356 0.036986 0.061351
11 0.755903 0.417121 0.054294 0.123890
6 0.818630 0.475018 0.040273 0.062842
6 0.400007 0.317349 0.033620 0.057197
7 0.544258 0.390576 0.042578 0.067982
6 0.711558 0.478158 0.038278 0.063040
0 0.679647 0.582952 0.043369 0.067409
0 0.247749 0.401966 0.039066 0.061706
1 0.338734 0.456948 0.044479 0.071800
5 0.386883 0.464899 0.054105 0.125339
0 0.449352 0.519819 0.040456 0.064229
0 0.563291 0.586458 0.042793 0.067754
7 0.511177 0.625562 0.049131 0.080524
