7 0.184141 0.471961 0.048249 0.068857
7 0.336055 0.310988 0.038743 0.061911
11 0.394368 0.224442 0.043711 0.104450
6 0.246777 0.492437 0.038581 0.061110
6 0.288437 0.447941 0.036908 0.059352
6 0.420483 0.294006 0.031475 0.054561
9 0.446950 0.252274 0.036107 0.073096
6 0.477002 0.228101 0.030117 0.052321
6 0.504842 0.272756 0.030837 0.053285
8 0.477944 0.389847 0.042562 0.073236
9 0.536795 0.310500 0.038343 0.076130
0 0.514526 0.574295 0.041006 0.063701
2 0.653026 0.344603 0.040264 0.071257
0 0.677023 0.310994 0.034111 0.056637
0 0.616423 0.541660 0.040260 0.063105
0 0.719035 0.362101 0.035081 0.057913
3 0.740739 0.318201 0.041061 0.078688
0 0.760309 0.288755 0.035072 0.055758
1 0.662109 0.615550 0.048984 0.077839
3 0.716621 0.502166 0.047057 0.085413
1 0.761693 0.417153 0.043457 0.069580
5 0.802998 0.317757 0.048431 0.112155
