7 0.426947 0.241655 0.032487 0.054854
9 0.522511 0.279603 0.033870 0.064785
7 0.679422 0.351642 0.036273 0.057184
11 0.735817 0.356870 0.047930 0.094997
6 0.397546 0.276766 0.030365 0.048330
6 0.444434 0.299253 0.029557 0.048408
6 0.648477 0.389315 0.032285 0.050127
9 0.705503 0.406681 0.037705 0.066143
6 0.762897 0.439867 0.033353 0.049993
6 0.676423 0.454813 0.033086 0.050459
8 0.480908 0.411763 0.036549 0.066104
1 0.503374 0.483306 0.038174 0.059033
0 0.255894 0.423384 0.033551 0.050407
2 0.523172 0.549593 0.039854 0.069258
0 0.584269 0.587179 0.035758 0.051924
0 0.270391 0.490767 0.035547 0.051605
0 0.491932 0.607184 0.036012 0.052259
3 0.545894 0.631577 0.042178 0.069736
0 0.613055 0.671157 0.037809 0.054255
1 0.173604 0.503867 0.043535 0.060951
3 0.281458 0.557354 0.042402 0.070957
5 0.510050 0.672993 0.052035 0.098148
