7 0.399606 0.235220 0.035150 0.055719
9 0.502889 0.252975 0.034020 0.068776
10 0.557046 0.258125 0.040726 0.085723
11 0.612769 0.264956 0.042100 0.103070
7 0.788102 0.321017 0.038145 0.061768
6 0.376481 0.269608 0.030306 0.049795
6 0.426266 0.282557 0.029889 0.050661
6 0.478791 0.294411 0.030153 0.051868
6 0.647705 0.334854 0.032285 0.053724
9 0.709951 0.341113 0.039303 0.072773
6 0.773688 0.365309 0.033151 0.054453
8 0.397463 0.310549 0.037223 0.068460
8 0.454004 0.325055 0.036270 0.069421
6 0.690542 0.391073 0.033688 0.054587
0 0.484561 0.384473 0.032689 0.055215
6 0.545698 0.400610 0.034229 0.056032
2 0.364329 0.448993 0.045918 0.074867
0 0.491094 0.493722 0.036426 0.056878
2 0.552264 0.504438 0.042660 0.077458
0 0.623542 0.533504 0.038984 0.058154
0 0.209836 0.466982 0.040342 0.055319
0 0.272311 0.485822 0.040273 0.056650
0 0.529199 0.568293 0.039303 0.057913
3 0.593379 0.583418 0.046589 0.080905
0 0.673428 0.615225 0.041458 0.061191
1 0.166886 0.513182 0.053122 0.066462
3 0.293605 0.549305 0.048167 0.079645
4 0.352970 0.564370 0.060967 0.099886
5 0.424909 0.582840 0.061289 0.112223
1 0.646016 0.674582 0.049271 0.076592
