7 0.605936 0.260588 0.031344 0.054365
9 0.647056 0.309980 0.035316 0.071016
10 0.671224 0.335034 0.045052 0.089821
11 0.693630 0.361440 0.046797 0.110570
7 0.786719 0.500456 0.045612 0.070059
6 0.557072 0.272484 0.029281 0.049395
6 0.573021 0.300011 0.030156 0.049997
6 0.592192 0.328869 0.030290 0.052588
8 0.635923 0.389531 0.038662 0.069499
6 0.659251 0.432686 0.034505 0.057415
9 0.688519 0.465107 0.043424 0.081289
6 0.716545 0.521561 0.038747 0.061045
8 0.518525 0.303592 0.033952 0.063428
6 0.620085 0.489508 0.036283 0.059447
0 0.495226 0.382850 0.032152 0.055387
6 0.513524 0.420449 0.033949 0.056862
2 0.360203 0.366981 0.041605 0.066702
0 0.387484 0.446646 0.035951 0.058460
2 0.398407 0.480799 0.047451 0.072855
0 0.416136 0.533643 0.038151 0.061732
0 0.284842 0.319009 0.030199 0.051045
0 0.293270 0.350801 0.031872 0.052643
0 0.330583 0.504404 0.038249 0.060202
3 0.339243 0.539868 0.047165 0.084932
0 0.355026 0.604867 0.042083 0.065182
1 0.224076 0.326872 0.039811 0.057650
3 0.237830 0.386097 0.039704 0.074681
4 0.238887 0.416007 0.052435 0.096149
5 0.246038 0.448957 0.059355 0.115954
1 0.273368 0.617645 0.053395 0.077946
