7 0.626296 0.677624 0.042539 0.066901
7 0.373086 0.596919 0.039076 0.063506
11 0.255451 0.546953 0.054925 0.099980
6 0.649111 0.631976 0.035866 0.056556
6 0.585557 0.610527 0.034811 0.055521
6 0.350809 0.539771 0.033311 0.052093
9 0.293885 0.517352 0.039300 0.070934
6 0.239492 0.506340 0.030996 0.050732
6 0.326724 0.482974 0.031475 0.050160
8 0.517821 0.483424 0.036279 0.066836
9 0.408981 0.452183 0.035391 0.066064
0 0.734471 0.459378 0.032751 0.051992
2 0.462062 0.386047 0.033682 0.063975
0 0.409710 0.378037 0.029557 0.048197
0 0.693071 0.410016 0.030889 0.049395
0 0.482612 0.358381 0.029092 0.047464
3 0.437878 0.339567 0.032350 0.063574
0 0.386113 0.334201 0.028424 0.046533
1 0.769461 0.386546 0.035348 0.056849
3 0.658970 0.356131 0.034508 0.064626
1 0.605968 0.347062 0.032620 0.054919
5 0.461462 0.297754 0.038158 0.092025
