7 0.661742 0.630851 0.053040 0.081162
8 0.578262 0.592583 0.051764 0.090973
9 0.502598 0.561523 0.050423 0.085697
10 0.427637 0.522451 0.059473 0.108236
11 0.357021 0.485205 0.063496 0.118021
7 0.168540 0.432039 0.055120 0.071663
6 0.691831 0.571037 0.044287 0.066624
6 0.613848 0.538254 0.042467 0.065472
6 0.539901 0.510282 0.040837 0.063649
6 0.404383 0.456810 0.039495 0.063268
6 0.339152 0.430975 0.038825 0.061637
9 0.274657 0.400028 0.048089 0.083239
6 0.216686 0.383307 0.041074 0.058574
8 0.376086 0.377394 0.045693 0.080602
6 0.318205 0.360039 0.037386 0.058952
6 0.537030 0.381174 0.036924 0.060277
0 0.632025 0.353062 0.036986 0.062230
0 0.568278 0.335449 0.036348 0.060872
0 0.424084 0.242017 0.033154 0.056585
0 0.821245 0.316055 0.038343 0.060247
0 0.748963 0.295026 0.036279 0.059180
0 0.567399 0.239867 0.032832 0.056159
0 0.508161 0.223177 0.032884 0.055521
3 0.459012 0.199326 0.036507 0.075091
0 0.402183 0.192487 0.031820 0.054453
1 0.843040 0.271872 0.045931 0.067969
2 0.774414 0.250469 0.040254 0.075807
3 0.710049 0.229857 0.039688 0.077070
4 0.651639 0.205449 0.042907 0.093867
5 0.592173 0.180513 0.043896 0.111260
2 0.484863 0.168395 0.035866 0.070456
1 0.434269 0.159303 0.035693 0.060514
