7 0.820208 0.317573 0.039010 0.064704
7 0.736803 0.543722 0.044766 0.071898
11 0.719801 0.580452 0.058529 0.124512
6 0.756921 0.310278 0.033841 0.055693
6 0.738659 0.348387 0.035085 0.056930
6 0.662477 0.528140 0.040840 0.063747
9 0.643032 0.574896 0.049176 0.087520
6 0.614458 0.642378 0.042340 0.065745
6 0.563573 0.564771 0.038825 0.062946
8 0.567262 0.398693 0.041380 0.071338
9 0.516776 0.485544 0.044574 0.082728
1 0.477726 0.430793 0.042334 0.068949
0 0.512900 0.266281 0.032884 0.054255
2 0.386224 0.456584 0.046204 0.076976
0 0.354715 0.513006 0.039144 0.061592
0 0.432585 0.291577 0.032819 0.055452
0 0.319048 0.451576 0.037627 0.059512
3 0.285990 0.485584 0.046315 0.082536
0 0.249870 0.548234 0.040820 0.063187
1 0.400978 0.243918 0.036507 0.059990
3 0.347990 0.306403 0.039463 0.075651
5 0.219604 0.454631 0.060739 0.118024
