7 0.625711 0.228123 0.038278 0.066104
7 0.726032 0.387803 0.045853 0.073333
11 0.794082 0.460703 0.068190 0.134036
6 0.566322 0.240234 0.035391 0.059512
6 0.583958 0.276286 0.035866 0.060072
6 0.680710 0.447497 0.040540 0.067168
6 0.743029 0.558604 0.044671 0.070456
6 0.632041 0.514443 0.042578 0.069017
9 0.527611 0.461398 0.049349 0.093753
2 0.416621 0.380184 0.045820 0.080524
0 0.302812 0.273260 0.036810 0.061429
3 0.356219 0.437557 0.049274 0.093656
0 0.390812 0.556528 0.045550 0.072354
1 0.245236 0.318481 0.044255 0.071097
0 0.289469 0.516266 0.045091 0.071667
3 0.299749 0.560091 0.055078 0.098835
0 0.317422 0.638662 0.049004 0.076497
8 0.184189 0.413055 0.055215 0.082152
5 0.211053 0.556393 0.067751 0.144941
