6 0.575618 0.532879 0.038262 0.064307
11 0.525194 0.544588 0.056182 0.126995
6 0.467930 0.611527 0.041289 0.066940
6 0.743271 0.345884 0.035547 0.057581
2 0.656789 0.398197 0.042178 0.077839
7 0.520130 0.501945 0.043809 0.071891
6 0.465418 0.539871 0.038662 0.063747
7 0.513188 0.435562 0.042406 0.069098
0 0.591909 0.281108 0.033232 0.055863
1 0.503542 0.329455 0.039609 0.064704
0 0.412523 0.392228 0.035241 0.059189
0 0.311180 0.454186 0.038265 0.062148
5 0.363563 0.342305 0.049463 0.116296
0 0.206053 0.460299 0.038903 0.062070
