7 0.675505 0.311968 0.034948 0.058714
6 0.670104 0.357648 0.032513 0.054639
11 0.712157 0.359709 0.046357 0.109743
6 0.757897 0.412568 0.035391 0.055521
6 0.441784 0.261182 0.029069 0.050150
6 0.665592 0.406136 0.033073 0.055599
7 0.539497 0.369836 0.037744 0.061377
0 0.298693 0.311753 0.031286 0.051924
1 0.359852 0.359531 0.037145 0.060977
0 0.436698 0.414733 0.033962 0.055840
5 0.472544 0.420607 0.046702 0.113538
0 0.515378 0.473169 0.035866 0.059274
2 0.312554 0.377139 0.038278 0.069766
0 0.502996 0.531763 0.037145 0.061592
