7 0.260981 0.667516 0.057132 0.080807
8 0.242676 0.599907 0.058665 0.082822
9 0.231947 0.537500 0.051380 0.084167
10 0.213771 0.475407 0.066012 0.104329
11 0.205400 0.418270 0.065430 0.114294
9 0.196344 0.392033 0.045534 0.079183
7 0.175698 0.321989 0.044814 0.062949
6 0.346097 0.645933 0.045293 0.067184
6 0.329368 0.581561 0.042578 0.065264
6 0.310526 0.525531 0.040661 0.063268
6 0.295107 0.475124 0.039062 0.061191
6 0.281326 0.427155 0.037386 0.059993
6 0.267388 0.384377 0.035869 0.058317
6 0.243742 0.307648 0.034268 0.054561
8 0.328522 0.363672 0.045931 0.071178
6 0.318753 0.329577 0.032513 0.056081
0 0.527521 0.461393 0.038877 0.061315
0 0.499640 0.418118 0.037705 0.060312
0 0.496509 0.289515 0.032035 0.055039
0 0.729259 0.534154 0.042008 0.063978
0 0.690116 0.477899 0.039743 0.061846
0 0.603626 0.347271 0.034922 0.057438
0 0.576274 0.309645 0.032913 0.055521
0 0.532059 0.244819 0.030596 0.053044
1 0.801462 0.508963 0.052051 0.074964
2 0.760469 0.455394 0.050247 0.078366
3 0.722845 0.404237 0.043457 0.080602
4 0.693452 0.355246 0.048428 0.096742
5 0.661326 0.307497 0.047399 0.111582
3 0.635758 0.287708 0.037865 0.076211
2 0.610552 0.258039 0.036481 0.066904
1 0.586016 0.231431 0.034616 0.058050
