7 0.589591 0.274030 0.031787 0.055866
9 0.635260 0.325815 0.035228 0.070218
10 0.661971 0.351387 0.044873 0.088574
11 0.684342 0.377446 0.045091 0.106403
7 0.778348 0.507196 0.042204 0.066637
6 0.541261 0.287630 0.031475 0.050007
6 0.558916 0.316348 0.029557 0.050085
8 0.629639 0.405578 0.038079 0.067699
6 0.654561 0.446694 0.033392 0.055199
9 0.684940 0.476447 0.041221 0.077575
6 0.713602 0.527959 0.036748 0.057715
8 0.505213 0.321167 0.034814 0.064040
6 0.529198 0.357609 0.030518 0.051924
6 0.621071 0.500767 0.034883 0.057249
0 0.489757 0.401248 0.032113 0.054352
6 0.512367 0.437946 0.033073 0.055599
0 0.453571 0.449801 0.033743 0.055983
2 0.354279 0.388037 0.038545 0.065638
2 0.408701 0.497780 0.041380 0.070137
0 0.430482 0.546598 0.036615 0.059245
0 0.265863 0.339906 0.031621 0.051992
0 0.280540 0.372660 0.032754 0.053190
0 0.342484 0.521330 0.034173 0.057581
3 0.358223 0.553571 0.044336 0.081562
0 0.381452 0.611637 0.039342 0.062174
1 0.205107 0.348748 0.037539 0.058981
3 0.231520 0.409757 0.039863 0.075251
4 0.242410 0.438542 0.047393 0.093867
1 0.272101 0.533171 0.044176 0.069661
5 0.289585 0.554102 0.053604 0.119290
