7 0.228875 0.532633 0.050648 0.071738
8 0.251258 0.479583 0.049528 0.074212
9 0.275137 0.431558 0.043138 0.077887
10 0.291753 0.382370 0.051670 0.094616
11 0.313224 0.336655 0.050615 0.106175
7 0.354705 0.264404 0.033063 0.054642
6 0.302673 0.540438 0.039941 0.062946
6 0.325482 0.489728 0.037546 0.060309
6 0.342290 0.444194 0.036149 0.058317
6 0.374391 0.364845 0.032272 0.054723
6 0.387173 0.329696 0.031631 0.053122
9 0.397430 0.289212 0.036748 0.070059
6 0.412008 0.267205 0.030156 0.049059
8 0.443835 0.327590 0.037305 0.065505
6 0.456340 0.299359 0.031494 0.051191
0 0.491548 0.406564 0.034189 0.056963
0 0.551343 0.410882 0.035068 0.057435
0 0.629069 0.306634 0.032031 0.053281
0 0.684751 0.571729 0.042074 0.065104
0 0.684951 0.512847 0.039674 0.062243
0 0.690098 0.380487 0.034583 0.056240
0 0.689102 0.342139 0.032272 0.053691
3 0.691219 0.302176 0.036826 0.072536
0 0.689740 0.278075 0.029876 0.051286
1 0.768237 0.572902 0.050902 0.077458
2 0.763439 0.515244 0.050615 0.077415
3 0.759715 0.458742 0.045439 0.083018
4 0.759401 0.407922 0.049922 0.097438
5 0.755928 0.358534 0.050937 0.111247
2 0.752228 0.307397 0.039684 0.064704
1 0.748211 0.278542 0.036546 0.056517
