2 0.345560 0.531730 0.047259 0.082249
6 0.298407 0.511432 0.037705 0.062148
11 0.252832 0.458797 0.052799 0.118252
6 0.210614 0.455553 0.037386 0.059355
6 0.611403 0.635628 0.040645 0.067676
7 0.350786 0.479727 0.042900 0.068301
6 0.308271 0.454316 0.035547 0.059753
0 0.363931 0.376001 0.034215 0.057314
0 0.763560 0.535236 0.039463 0.065186
1 0.655599 0.473024 0.042259 0.069980
5 0.606403 0.423833 0.049004 0.118298
0 0.549072 0.425483 0.035189 0.058571
0 0.457007 0.377723 0.033675 0.057028
7 0.500858 0.351676 0.036813 0.062376
