7 0.151048 0.317007 0.041608 0.064372
9 0.281647 0.284259 0.038822 0.075648
10 0.344098 0.264059 0.043704 0.092891
11 0.407573 0.244595 0.045205 0.109281
7 0.571370 0.228802 0.035749 0.059915
6 0.169637 0.355531 0.036475 0.058516
6 0.237269 0.342383 0.036081 0.058184
8 0.424998 0.294076 0.037783 0.072773
6 0.484639 0.288315 0.032207 0.055791
9 0.542005 0.266406 0.036667 0.074212
6 0.601540 0.263153 0.031536 0.054163
8 0.253265 0.373426 0.041413 0.077549
6 0.570625 0.309214 0.033359 0.055218
6 0.409653 0.387686 0.035309 0.060312
6 0.477674 0.371707 0.035068 0.059196
0 0.501204 0.411681 0.036016 0.059580
2 0.391419 0.484346 0.045247 0.082630
2 0.591144 0.432017 0.042275 0.079854
0 0.657930 0.421587 0.037305 0.059990
0 0.261541 0.584482 0.043005 0.065638
0 0.344826 0.560832 0.040902 0.064867
0 0.628493 0.482858 0.038184 0.061270
3 0.690044 0.458195 0.043903 0.084359
0 0.757746 0.447191 0.038343 0.061191
1 0.285072 0.636994 0.051478 0.079372
3 0.446846 0.582526 0.047930 0.091068
4 0.520156 0.554448 0.052682 0.109971
1 0.662196 0.528638 0.046331 0.073493
5 0.726193 0.488006 0.056182 0.121475
