7 0.302576 0.651776 0.052054 0.079469
8 0.283327 0.586688 0.053587 0.081097
9 0.271134 0.526828 0.048083 0.082477
10 0.253358 0.467430 0.059235 0.102965
11 0.244378 0.412428 0.058783 0.113880
9 0.233815 0.388208 0.042181 0.078988
8 0.221463 0.350890 0.045374 0.068779
7 0.211536 0.319784 0.040742 0.060199
6 0.383496 0.632264 0.043906 0.066911
6 0.366289 0.571056 0.041315 0.064320
6 0.346925 0.517279 0.039971 0.062214
6 0.330724 0.469062 0.038057 0.060104
6 0.316393 0.423096 0.036426 0.058861
6 0.301631 0.381683 0.034128 0.057324
6 0.289888 0.344059 0.033454 0.055885
6 0.277331 0.308159 0.031536 0.052913
0 0.529375 0.418359 0.036139 0.058379
0 0.755176 0.533345 0.042754 0.063076
0 0.715825 0.479232 0.039209 0.060872
0 0.682752 0.432788 0.037288 0.058857
0 0.629219 0.352975 0.034486 0.055853
0 0.601825 0.316460 0.032288 0.054320
0 0.581056 0.284408 0.030954 0.053190
0 0.557650 0.253586 0.030208 0.051859
1 0.824871 0.510841 0.051859 0.073141
2 0.784826 0.458700 0.050986 0.076579
3 0.746486 0.409489 0.042946 0.079277
4 0.718830 0.361711 0.050498 0.093981
5 0.686426 0.315928 0.049694 0.108913
3 0.659541 0.296374 0.037480 0.074290
2 0.634881 0.267946 0.036618 0.065039
1 0.610202 0.242261 0.034173 0.057139
