7 0.256436 0.456177 0.039408 0.065439
6 0.282936 0.409912 0.033620 0.056250
11 0.252878 0.360111 0.048314 0.108822
6 0.221626 0.356854 0.032952 0.053988
6 0.521681 0.537992 0.036748 0.061445
7 0.335280 0.389002 0.037747 0.062445
6 0.306235 0.364378 0.031885 0.053854
2 0.588431 0.452070 0.041029 0.073717
0 0.685802 0.471216 0.035745 0.059515
1 0.605863 0.410195 0.039062 0.064069
0 0.525602 0.361574 0.031953 0.053923
0 0.456743 0.314017 0.030687 0.052656
5 0.575980 0.320662 0.044447 0.105739
0 0.471854 0.275773 0.029626 0.051390
