7 0.518654 0.661429 0.048890 0.079466
9 0.403949 0.564611 0.048314 0.083590
10 0.349380 0.514829 0.059587 0.104795
11 0.302497 0.468019 0.060599 0.115400
7 0.178800 0.393130 0.046598 0.065107
6 0.572918 0.616060 0.042340 0.065817
6 0.515643 0.569891 0.040101 0.063428
6 0.460921 0.529788 0.038822 0.061829
6 0.317642 0.422194 0.039144 0.058314
9 0.274609 0.383538 0.043060 0.078366
6 0.237078 0.360684 0.035068 0.054798
8 0.569020 0.520928 0.045534 0.080618
8 0.513345 0.481105 0.043519 0.078317
6 0.329346 0.358885 0.033151 0.055199
6 0.462601 0.384655 0.033952 0.056582
0 0.556245 0.383356 0.034749 0.058047
2 0.652347 0.375871 0.040742 0.074932
0 0.552961 0.326297 0.032842 0.055309
2 0.510514 0.295625 0.036426 0.070378
0 0.466423 0.276312 0.031289 0.053522
0 0.807673 0.414561 0.038477 0.059453
0 0.745695 0.381177 0.035550 0.057256
0 0.549368 0.273582 0.031419 0.052725
3 0.511418 0.243613 0.034704 0.070840
0 0.467620 0.229347 0.029557 0.050394
1 0.847777 0.377663 0.045618 0.067103
3 0.732375 0.314207 0.038981 0.074372
4 0.684066 0.281037 0.043132 0.089919
5 0.634235 0.248610 0.043138 0.105599
1 0.507956 0.205736 0.032754 0.055521
