7 0.840760 0.331126 0.044014 0.063828
7 0.743472 0.534759 0.046891 0.067741
11 0.690832 0.640029 0.058473 0.104355
6 0.776414 0.315819 0.035387 0.054235
6 0.751291 0.360036 0.035628 0.054642
6 0.645915 0.564893 0.038809 0.056784
6 0.581927 0.688993 0.041217 0.057900
8 0.692467 0.339842 0.043210 0.068701
6 0.543682 0.596229 0.038184 0.055934
9 0.507257 0.504448 0.043617 0.073428
0 0.536187 0.236592 0.033551 0.053919
3 0.415684 0.407319 0.042578 0.073493
2 0.384613 0.455321 0.044479 0.072184
0 0.347520 0.516066 0.038424 0.056396
9 0.450985 0.252033 0.038343 0.074691
0 0.319518 0.441374 0.037546 0.055918
3 0.282694 0.481134 0.045342 0.073141
0 0.242072 0.546341 0.040179 0.057357
1 0.425736 0.198426 0.037344 0.060381
1 0.326899 0.320361 0.039743 0.063574
5 0.220156 0.444154 0.059355 0.105462
