7 0.604813 0.220096 0.033395 0.058193
8 0.626800 0.246027 0.036426 0.068141
9 0.650317 0.273587 0.037783 0.076927
11 0.704800 0.325728 0.052119 0.120785
9 0.735420 0.381234 0.044863 0.084935
7 0.808599 0.481427 0.052054 0.077360
6 0.547057 0.232536 0.030885 0.053724
6 0.568727 0.263258 0.032155 0.055384
10 0.587179 0.277734 0.044385 0.095859
6 0.667712 0.406004 0.038535 0.062887
6 0.699155 0.452065 0.040837 0.065856
6 0.734912 0.505220 0.042754 0.068063
6 0.575508 0.378721 0.037227 0.061751
8 0.593561 0.411698 0.044095 0.079645
3 0.404261 0.315350 0.040566 0.081162
6 0.423372 0.361496 0.035482 0.060511
4 0.322663 0.284089 0.049271 0.096628
0 0.365609 0.418341 0.037962 0.063747
2 0.382150 0.460269 0.050615 0.082594
0 0.252896 0.282852 0.032992 0.056159
0 0.263231 0.315129 0.035661 0.058857
0 0.305690 0.483929 0.042578 0.067103
0 0.318353 0.538888 0.045052 0.070459
0 0.333691 0.598361 0.046810 0.073096
1 0.186099 0.290625 0.044814 0.064785
2 0.193703 0.320352 0.048252 0.071576
3 0.201540 0.353086 0.045215 0.083639
1 0.222635 0.493543 0.056481 0.078213
5 0.230304 0.529578 0.072386 0.138812
