7 0.801208 0.312253 0.040540 0.065638
9 0.773822 0.476566 0.046589 0.087617
11 0.748763 0.565983 0.058529 0.130723
6 0.723527 0.350485 0.035348 0.059382
3 0.713438 0.380881 0.044479 0.082536
7 0.704224 0.429144 0.043870 0.070697
6 0.680138 0.527856 0.040179 0.065264
6 0.666717 0.582017 0.041618 0.066702
6 0.658294 0.343026 0.032279 0.059242
8 0.642497 0.376916 0.041699 0.072777
6 0.618102 0.471961 0.038477 0.062445
9 0.602196 0.510376 0.046820 0.087080
6 0.568031 0.628149 0.042259 0.068460
3 0.509329 0.360539 0.043333 0.081481
0 0.493547 0.410036 0.036748 0.060150
0 0.481912 0.289290 0.033350 0.056576
2 0.382222 0.488934 0.049176 0.078317
0 0.400433 0.320954 0.034616 0.057650
0 0.312098 0.487795 0.039704 0.062790
0 0.284577 0.537601 0.041699 0.065378
0 0.256787 0.589160 0.042819 0.067422
1 0.316089 0.350246 0.040609 0.066104
1 0.267340 0.427119 0.046973 0.069889
5 0.209761 0.503439 0.062946 0.126032
