7 0.223149 0.218923 0.052523 0.065371
7 0.447316 0.210470 0.043057 0.066383
11 0.672056 0.186353 0.059587 0.103070
6 0.305876 0.287630 0.038945 0.054720
9 0.452965 0.277282 0.044382 0.068730
9 0.528161 0.272451 0.044336 0.067741
6 0.601844 0.272611 0.038278 0.054785
6 0.676968 0.269517 0.040075 0.054854
6 0.301584 0.356735 0.041540 0.053320
8 0.378232 0.348853 0.045247 0.071989
6 0.534294 0.344614 0.039062 0.054632
8 0.603755 0.339209 0.044385 0.072376
6 0.763242 0.335560 0.043203 0.053255
0 0.464396 0.496821 0.040550 0.046488
3 0.783158 0.477394 0.056172 0.059535
0 0.217780 0.586074 0.047611 0.046094
2 0.389611 0.572581 0.049176 0.065762
3 0.467557 0.572666 0.048792 0.055983
2 0.631313 0.559793 0.048727 0.067021
0 0.305068 0.666359 0.046172 0.045452
0 0.642194 0.649375 0.043470 0.045267
0 0.727269 0.646027 0.046400 0.045732
0 0.810814 0.640736 0.049863 0.045534
1 0.213184 0.760374 0.064173 0.053854
1 0.559294 0.739906 0.050527 0.052057
5 0.744731 0.724951 0.076611 0.068053
