7 0.233704 0.591120 0.052533 0.081387
8 0.231025 0.535316 0.054401 0.079551
9 0.232948 0.483133 0.047354 0.085218
11 0.228216 0.389155 0.057702 0.114710
9 0.229688 0.371016 0.040605 0.078568
8 0.226248 0.342655 0.042178 0.065824
7 0.227736 0.317274 0.037744 0.056383
6 0.323289 0.581043 0.042660 0.069339
6 0.316354 0.527199 0.040807 0.065264
10 0.311164 0.465342 0.056364 0.108359
6 0.295500 0.370928 0.033278 0.055651
6 0.291839 0.340239 0.031693 0.054189
6 0.289074 0.310229 0.029821 0.050062
6 0.365549 0.395505 0.034268 0.057598
3 0.521899 0.441338 0.042751 0.085124
6 0.505135 0.414453 0.035368 0.058555
4 0.612778 0.470405 0.050615 0.107555
0 0.556333 0.372424 0.033395 0.055863
2 0.539635 0.334233 0.035781 0.068538
0 0.708617 0.519484 0.040501 0.066383
0 0.679860 0.474788 0.038424 0.062949
0 0.598363 0.331751 0.031888 0.054056
0 0.583480 0.303560 0.031543 0.052393
0 0.568540 0.277663 0.030687 0.050260
1 0.782606 0.505537 0.048727 0.074453
2 0.750522 0.459045 0.047451 0.078447
3 0.723011 0.414030 0.042897 0.082201
5 0.675656 0.329053 0.045550 0.111582
1 0.621712 0.270055 0.033633 0.055996
