7 0.686694 0.369424 0.039209 0.063639
11 0.773215 0.407676 0.049925 0.117910
1 0.556662 0.333771 0.038825 0.063031
6 0.674212 0.424692 0.035449 0.058968
6 0.718695 0.458000 0.037214 0.060778
6 0.579924 0.417147 0.034352 0.058115
6 0.708477 0.520343 0.039277 0.062842
6 0.418919 0.347954 0.032552 0.055986
7 0.430015 0.429271 0.042021 0.066784
0 0.276038 0.362220 0.034284 0.055521
0 0.246782 0.415843 0.035947 0.058516
0 0.381125 0.556585 0.039222 0.064076
0 0.419390 0.598249 0.040980 0.065905
0 0.460687 0.640783 0.042090 0.068070
1 0.274967 0.539248 0.047930 0.072135
5 0.352920 0.602329 0.057148 0.130446
