7 0.192155 0.365251 0.043073 0.061243
9 0.312466 0.317041 0.038610 0.070697
11 0.416626 0.264040 0.043519 0.102676
9 0.466190 0.259803 0.033818 0.069300
7 0.561548 0.230729 0.032620 0.054642
6 0.219266 0.402454 0.036748 0.055918
6 0.282853 0.377611 0.034990 0.055599
10 0.338586 0.341797 0.048024 0.091452
6 0.497736 0.294027 0.029958 0.052389
6 0.547363 0.274559 0.030156 0.051917
6 0.597658 0.256081 0.028890 0.050260
8 0.365228 0.382972 0.040501 0.072695
6 0.478465 0.342689 0.031488 0.054518
8 0.528057 0.318545 0.035801 0.069818
3 0.428161 0.451025 0.041940 0.079245
0 0.488901 0.433582 0.035199 0.056826
4 0.391826 0.518228 0.056842 0.101898
2 0.465146 0.493817 0.045690 0.076058
2 0.640737 0.412340 0.041507 0.075156
0 0.367563 0.613859 0.041221 0.065472
0 0.436536 0.577432 0.040931 0.063366
0 0.685819 0.456209 0.037783 0.059834
0 0.742256 0.430007 0.036908 0.059036
0 0.793545 0.404845 0.034980 0.058857
1 0.403517 0.666252 0.052913 0.080042
3 0.545270 0.584084 0.048698 0.088766
1 0.730477 0.495371 0.046012 0.071510
5 0.791090 0.443485 0.056712 0.118024
