7 0.364526 0.602563 0.050726 0.083161
9 0.227474 0.459705 0.045150 0.088382
11 0.177139 0.385314 0.051419 0.121247
6 0.399531 0.544136 0.040579 0.069339
7 0.331095 0.477842 0.045133 0.073014
6 0.270295 0.422899 0.036481 0.061247
6 0.243065 0.396870 0.035941 0.060576
6 0.363353 0.432990 0.036348 0.062243
6 0.278748 0.357428 0.034085 0.056517
3 0.556090 0.441300 0.044746 0.089840
9 0.519896 0.415207 0.042754 0.086559
0 0.701411 0.498390 0.040374 0.067523
2 0.508070 0.355283 0.039863 0.073171
0 0.715796 0.449219 0.037770 0.064225
0 0.561257 0.347231 0.033392 0.056715
0 0.527464 0.325382 0.034668 0.055518
0 0.497868 0.304414 0.031393 0.053841
1 0.727769 0.401491 0.042406 0.067370
1 0.652993 0.353607 0.039541 0.063906
5 0.579142 0.286828 0.043252 0.110329
