7 0.499344 0.671748 0.043044 0.068730
9 0.426808 0.661310 0.042347 0.077087
11 0.286649 0.629069 0.052731 0.106152
6 0.645382 0.636379 0.036390 0.057197
9 0.440814 0.604888 0.040182 0.076846
6 0.374084 0.604795 0.035745 0.055918
6 0.306349 0.597238 0.037145 0.055055
6 0.656405 0.587288 0.035309 0.055677
8 0.589438 0.570516 0.039385 0.073584
6 0.452769 0.563633 0.035550 0.054720
6 0.259285 0.540628 0.035075 0.052858
7 0.731353 0.544264 0.040745 0.064147
2 0.662135 0.532274 0.040573 0.072217
8 0.533345 0.518159 0.038343 0.071097
0 0.541751 0.479823 0.032552 0.053258
0 0.739883 0.460459 0.034108 0.053522
3 0.551785 0.433571 0.037679 0.070964
2 0.429816 0.420833 0.036813 0.068926
3 0.369338 0.413654 0.037100 0.068825
0 0.680138 0.414126 0.032673 0.051683
0 0.440290 0.388882 0.032611 0.050928
0 0.381709 0.382192 0.032344 0.050993
0 0.324756 0.375568 0.031621 0.050791
1 0.625117 0.367813 0.035547 0.057383
1 0.514080 0.354238 0.034814 0.057982
5 0.394702 0.326172 0.041605 0.096914
