7 0.592819 0.279720 0.031120 0.052533
7 0.722622 0.468516 0.040277 0.059043
11 0.758857 0.500628 0.056654 0.096341
6 0.541266 0.295309 0.027904 0.046986
6 0.564012 0.331118 0.028460 0.048376
10 0.585093 0.354565 0.040361 0.080908
9 0.609512 0.396960 0.036667 0.065983
9 0.637946 0.438965 0.036680 0.065299
6 0.665425 0.488582 0.033285 0.050537
6 0.695781 0.536870 0.034935 0.051598
6 0.729932 0.590275 0.037279 0.052992
8 0.531660 0.373890 0.034284 0.062044
6 0.582373 0.461606 0.031732 0.050101
8 0.603716 0.498742 0.040355 0.064105
3 0.576090 0.564867 0.041699 0.071016
0 0.445065 0.448796 0.032591 0.049687
4 0.347280 0.366577 0.042848 0.082438
2 0.369608 0.418758 0.040661 0.065186
3 0.386646 0.458501 0.039222 0.067744
2 0.426576 0.556725 0.041217 0.066335
0 0.277466 0.359867 0.030771 0.048411
0 0.293905 0.397396 0.032399 0.050423
0 0.361209 0.583125 0.037386 0.053203
0 0.380669 0.639779 0.037959 0.054544
0 0.402715 0.699692 0.039303 0.055505
1 0.218177 0.370710 0.038743 0.057051
1 0.272951 0.543130 0.045003 0.062243
5 0.310898 0.644424 0.055677 0.102266
