7 0.445241 0.235946 0.035449 0.059691
7 0.610220 0.278423 0.037145 0.062445
9 0.670695 0.284043 0.038024 0.075970
11 0.793311 0.300994 0.046934 0.112503
6 0.473472 0.285952 0.031286 0.055452
9 0.646211 0.321069 0.039544 0.076370
6 0.706646 0.344093 0.034684 0.057848
6 0.771232 0.360641 0.035837 0.058750
6 0.441719 0.317207 0.033418 0.057383
8 0.497443 0.326401 0.038265 0.073962
6 0.621257 0.364183 0.034030 0.058314
6 0.816053 0.416442 0.037145 0.060645
2 0.411865 0.343084 0.039622 0.075492
8 0.529351 0.374399 0.040342 0.077008
0 0.501050 0.422023 0.036234 0.058571
0 0.285765 0.405973 0.036927 0.058092
3 0.468966 0.453252 0.042907 0.082591
2 0.601463 0.494743 0.044958 0.083014
3 0.672280 0.514220 0.046579 0.086943
0 0.309645 0.466204 0.038880 0.061660
0 0.572648 0.549134 0.040550 0.064323
0 0.643394 0.572619 0.042848 0.066429
0 0.717972 0.595387 0.042852 0.066719
1 0.204798 0.487899 0.047533 0.071735
1 0.464062 0.569287 0.046732 0.074603
5 0.614367 0.596408 0.058805 0.129482
