7 0.596906 0.796440 0.037132 0.050798
8 0.539302 0.770067 0.035283 0.056917
9 0.483963 0.749596 0.034548 0.050326
10 0.431235 0.724049 0.040719 0.067064
11 0.379959 0.700420 0.042464 0.067389
9 0.330306 0.686720 0.035749 0.051859
8 0.276525 0.663747 0.037679 0.054720
7 0.231523 0.647546 0.037832 0.048431
6 0.617433 0.743540 0.030622 0.040719
6 0.559684 0.721711 0.029512 0.040107
6 0.507733 0.701821 0.029235 0.040719
6 0.453976 0.681351 0.029235 0.040163
6 0.404131 0.661631 0.028952 0.041107
6 0.356229 0.642381 0.028675 0.039665
6 0.308218 0.623437 0.029958 0.040052
6 0.258529 0.603415 0.028568 0.037891
0 0.699971 0.521756 0.027129 0.039398
0 0.650697 0.507135 0.027129 0.038919
0 0.604443 0.489499 0.026074 0.038535
0 0.556418 0.474591 0.025498 0.038057
0 0.512756 0.459974 0.024827 0.038151
0 0.467077 0.444924 0.025306 0.038343
0 0.423652 0.429730 0.025306 0.038249
0 0.381494 0.415140 0.025020 0.038249
1 0.716206 0.482186 0.033154 0.046012
2 0.667287 0.466071 0.030238 0.051094
3 0.620065 0.450952 0.029557 0.048864
4 0.574020 0.429995 0.032819 0.061644
5 0.529518 0.412288 0.033392 0.071178
3 0.487845 0.406896 0.028092 0.050459
2 0.445153 0.392354 0.028066 0.050156
1 0.404019 0.381367 0.027406 0.044603
