6 0.282477 0.539663 0.045931 0.071097
11 0.190881 0.514123 0.069242 0.136657
6 0.369202 0.478187 0.043424 0.069883
6 0.204556 0.478791 0.045765 0.068141
1 0.459979 0.367827 0.046683 0.077262
0 0.301535 0.367718 0.040648 0.067292
0 0.767121 0.321714 0.040068 0.065283
7 0.534917 0.321440 0.044417 0.074782
6 0.454512 0.323457 0.035482 0.063893
0 0.681997 0.278193 0.038727 0.063750
7 0.609784 0.275480 0.043389 0.072536
0 0.388063 0.278768 0.038613 0.063441
0 0.241058 0.277848 0.038919 0.062982
1 0.392757 0.232015 0.042018 0.072057
5 0.319253 0.210713 0.051904 0.123822
