7 0.385366 0.328516 0.036058 0.059525
9 0.445321 0.312713 0.035628 0.072373
11 0.563257 0.284787 0.042562 0.105368
6 0.276818 0.376200 0.033083 0.055518
3 0.338325 0.358975 0.038903 0.077168
6 0.520026 0.345039 0.031289 0.054473
6 0.580023 0.337471 0.031888 0.053522
6 0.282044 0.409718 0.035150 0.057184
8 0.346904 0.395098 0.038665 0.073815
6 0.475872 0.383652 0.032174 0.055918
9 0.536859 0.367682 0.038262 0.075410
6 0.659209 0.359771 0.032487 0.054456
7 0.426370 0.422834 0.039622 0.065186
0 0.438426 0.462111 0.033630 0.058857
0 0.237137 0.531678 0.039398 0.062406
3 0.453254 0.491185 0.042080 0.084069
2 0.591494 0.473844 0.042754 0.079180
0 0.324850 0.564940 0.039974 0.064131
0 0.613714 0.520635 0.038105 0.061829
0 0.683861 0.510985 0.037865 0.062627
0 0.751846 0.500002 0.038034 0.061110
1 0.415711 0.594328 0.046781 0.076208
1 0.558667 0.572518 0.045374 0.074372
5 0.709072 0.524941 0.054180 0.125501
