7 0.666270 0.691872 0.045293 0.072454
3 0.385405 0.608143 0.044404 0.077646
11 0.254821 0.558599 0.055905 0.106520
6 0.614178 0.619059 0.037386 0.059115
6 0.353257 0.546763 0.036058 0.056423
6 0.290645 0.530083 0.037480 0.055921
6 0.443215 0.516956 0.034749 0.055853
6 0.261514 0.466598 0.035814 0.052982
7 0.536447 0.486672 0.039079 0.064307
9 0.556406 0.434832 0.038424 0.076208
0 0.766413 0.449912 0.035866 0.055599
2 0.460194 0.368179 0.037484 0.070745
0 0.719201 0.393315 0.034111 0.053923
0 0.482329 0.336750 0.032354 0.052243
0 0.426247 0.322769 0.031621 0.052256
0 0.371740 0.309012 0.031559 0.051813
1 0.675558 0.337573 0.037614 0.059971
1 0.565179 0.310176 0.036348 0.060378
5 0.448962 0.267256 0.042793 0.099505
