7 0.567031 0.622826 0.048027 0.077559
11 0.260008 0.546038 0.060622 0.119173
6 0.361655 0.525101 0.039274 0.062650
6 0.288727 0.512915 0.039342 0.062243
6 0.454266 0.485075 0.038213 0.061510
6 0.242614 0.447669 0.038743 0.059844
1 0.689362 0.468856 0.044863 0.071416
7 0.560778 0.393555 0.041940 0.070098
0 0.786431 0.385975 0.037705 0.059593
0 0.723763 0.331271 0.036810 0.057744
0 0.459264 0.290838 0.035085 0.057230
0 0.395086 0.281011 0.033838 0.057516
0 0.333112 0.270851 0.034896 0.056559
1 0.543343 0.257135 0.038678 0.065371
5 0.412703 0.219552 0.046130 0.109854
