7 0.181401 0.329404 0.040583 0.057507
8 0.242030 0.309172 0.035413 0.065902
9 0.299333 0.292142 0.034818 0.066836
10 0.351948 0.269871 0.040264 0.083206
11 0.404585 0.248774 0.039209 0.097204
9 0.453594 0.247642 0.033216 0.065570
8 0.504793 0.234027 0.031553 0.062109
7 0.550741 0.225337 0.031787 0.053089
6 0.201639 0.369056 0.033786 0.052422
6 0.264137 0.350129 0.031953 0.052204
6 0.318753 0.333125 0.030456 0.050592
6 0.428309 0.299691 0.029456 0.049648
6 0.479097 0.285008 0.028662 0.049834
6 0.529712 0.269684 0.029235 0.049818
6 0.581191 0.255177 0.028014 0.047764
6 0.422160 0.383856 0.032288 0.053258
0 0.448260 0.426707 0.033630 0.053044
0 0.308983 0.590667 0.038825 0.058874
0 0.377124 0.562189 0.038662 0.057516
0 0.444587 0.540342 0.036986 0.057917
0 0.567367 0.491452 0.036504 0.054720
0 0.628276 0.468206 0.035628 0.055202
0 0.686353 0.447277 0.034990 0.055361
0 0.740993 0.426427 0.034831 0.053441
1 0.333792 0.644150 0.049121 0.072240
2 0.404442 0.608433 0.045342 0.080426
3 0.474756 0.580882 0.044479 0.079466
4 0.542422 0.547964 0.049368 0.096436
5 0.603403 0.516854 0.050843 0.107327
3 0.663151 0.506535 0.043711 0.077301
2 0.724644 0.484427 0.045439 0.074961
1 0.780560 0.466387 0.046094 0.064225
