7 0.800742 0.329982 0.037214 0.060511
8 0.781230 0.367104 0.045820 0.065186
9 0.760688 0.403407 0.038441 0.074294
10 0.742075 0.441082 0.051188 0.095479
11 0.716919 0.479329 0.054411 0.107324
9 0.692311 0.541751 0.044479 0.078509
8 0.664004 0.601396 0.045820 0.074674
7 0.634854 0.660464 0.047930 0.071657
6 0.737967 0.316978 0.031117 0.051090
6 0.717083 0.354699 0.032396 0.052646
6 0.649202 0.479977 0.035840 0.055254
6 0.621948 0.526134 0.037002 0.056696
6 0.592271 0.579001 0.038330 0.057474
6 0.558403 0.637871 0.039443 0.059082
3 0.526955 0.331711 0.036546 0.071696
6 0.501769 0.377129 0.031455 0.052813
0 0.413857 0.398418 0.033118 0.053034
2 0.377619 0.436009 0.045055 0.069596
0 0.475973 0.247725 0.028789 0.048991
0 0.450915 0.278083 0.029902 0.050260
0 0.323345 0.422905 0.034417 0.053923
0 0.284102 0.466309 0.037279 0.054720
0 0.243193 0.511576 0.039342 0.056185
1 0.428185 0.232004 0.031885 0.054587
2 0.402801 0.258810 0.034548 0.062243
3 0.372145 0.287843 0.035215 0.067900
4 0.337246 0.314933 0.045612 0.085876
5 0.303468 0.344076 0.051995 0.102839
1 0.186792 0.484847 0.049847 0.064707
