6 0.727017 0.335213 0.035485 0.057119
11 0.793529 0.320252 0.047969 0.114111
6 0.651727 0.364404 0.035348 0.057852
6 0.781995 0.384541 0.036530 0.059115
1 0.546685 0.428361 0.041937 0.068701
0 0.686061 0.458717 0.037865 0.060775
0 0.256842 0.427922 0.037467 0.058558
7 0.459806 0.462721 0.041872 0.069831
6 0.531392 0.479541 0.037445 0.060469
7 0.293521 0.484250 0.045199 0.070166
0 0.578556 0.538778 0.039574 0.063037
0 0.729824 0.567653 0.041641 0.065339
1 0.555830 0.587607 0.046589 0.075729
5 0.635983 0.579774 0.057702 0.128102
