7 0.314504 0.413519 0.039359 0.063177
9 0.361043 0.379383 0.038506 0.075251
11 0.454528 0.316491 0.043021 0.105944
6 0.259764 0.498354 0.036813 0.060446
2 0.311331 0.461226 0.043138 0.074932
9 0.409132 0.404085 0.039704 0.076927
6 0.455018 0.386629 0.032686 0.055062
6 0.499022 0.361828 0.033219 0.055251
6 0.302900 0.528280 0.037878 0.061709
8 0.357464 0.491022 0.041458 0.076686
6 0.456431 0.436372 0.033551 0.056318
6 0.588504 0.359232 0.032419 0.054323
7 0.293752 0.590057 0.045055 0.073910
8 0.454315 0.485430 0.041221 0.076608
0 0.506447 0.520731 0.037673 0.060583
0 0.396641 0.661432 0.041328 0.067773
3 0.557780 0.542059 0.044095 0.085876
2 0.653114 0.480947 0.042178 0.076113
3 0.697791 0.446991 0.042738 0.080843
0 0.512830 0.657882 0.041891 0.067764
0 0.710540 0.514645 0.038079 0.061641
0 0.755495 0.483789 0.037546 0.060312
0 0.797067 0.453594 0.038210 0.058913
1 0.626956 0.648843 0.047064 0.078512
1 0.721717 0.577515 0.046396 0.074196
5 0.812909 0.485301 0.052868 0.120094
