7 0.819246 0.582769 0.055758 0.079085
7 0.406545 0.578302 0.049209 0.078206
11 0.320516 0.557057 0.062347 0.125846
6 0.798667 0.525246 0.041989 0.064131
6 0.717235 0.525244 0.040550 0.063939
10 0.640495 0.504821 0.053841 0.108132
9 0.565231 0.514116 0.045059 0.086273
9 0.487674 0.513908 0.046175 0.088271
6 0.411450 0.522638 0.039782 0.063747
6 0.332585 0.522257 0.042253 0.063109
6 0.251515 0.520584 0.040674 0.062575
8 0.637928 0.462896 0.043219 0.081162
6 0.488252 0.471341 0.037578 0.060964
8 0.421914 0.459699 0.042819 0.081481
3 0.351689 0.413534 0.043776 0.079964
0 0.559139 0.379328 0.034430 0.058714
4 0.693231 0.326831 0.048630 0.094671
2 0.619578 0.335887 0.039222 0.074053
3 0.558154 0.333428 0.038633 0.077936
2 0.429119 0.333148 0.038265 0.074212
0 0.739139 0.307576 0.032113 0.054079
0 0.679268 0.308096 0.035072 0.054479
0 0.431160 0.304118 0.032354 0.054453
0 0.368857 0.302681 0.032285 0.054456
0 0.308114 0.301549 0.032354 0.054186
1 0.732463 0.271852 0.038825 0.059434
1 0.437240 0.268084 0.035814 0.060446
5 0.374456 0.246877 0.042370 0.105446
