7 0.537827 0.227633 0.031787 0.052923
7 0.711385 0.358906 0.037347 0.061445
11 0.758226 0.370153 0.052109 0.111237
6 0.522148 0.270848 0.028691 0.050127
9 0.586291 0.313919 0.035869 0.072533
9 0.624232 0.343548 0.037480 0.073294
6 0.662712 0.382780 0.033340 0.055365
6 0.705195 0.416875 0.035117 0.057415
6 0.473885 0.285758 0.029626 0.051191
8 0.502490 0.306328 0.034818 0.066836
6 0.574274 0.372274 0.032454 0.055140
8 0.605306 0.396930 0.039342 0.072962
6 0.696659 0.479551 0.037627 0.060072
0 0.432858 0.380566 0.033952 0.055280
3 0.580387 0.521880 0.046172 0.084196
0 0.295365 0.309917 0.031419 0.051657
2 0.347785 0.364111 0.040954 0.071497
3 0.377147 0.393468 0.040661 0.077406
2 0.442882 0.470413 0.042275 0.076784
0 0.263571 0.359232 0.033685 0.054590
0 0.380182 0.504977 0.038743 0.060951
0 0.415163 0.550382 0.039941 0.063187
0 0.453708 0.597913 0.041302 0.065742
1 0.177646 0.347223 0.043216 0.061589
1 0.277541 0.483418 0.047848 0.069740
5 0.346709 0.556032 0.059355 0.126029
