7 0.191283 0.545511 0.048411 0.076530
7 0.278244 0.408851 0.044137 0.069017
9 0.299956 0.359717 0.042660 0.079727
11 0.347987 0.270039 0.047510 0.111582
6 0.300212 0.507357 0.039876 0.064707
9 0.369974 0.367147 0.042741 0.082119
6 0.391278 0.337869 0.034749 0.058916
6 0.411748 0.301655 0.033483 0.057848
6 0.371375 0.520337 0.040674 0.065505
8 0.395711 0.466961 0.046572 0.078285
6 0.437078 0.383732 0.035947 0.059971
8 0.457869 0.342957 0.042178 0.074053
6 0.493110 0.272869 0.032288 0.056318
2 0.441868 0.523143 0.054082 0.079964
0 0.555991 0.442547 0.038981 0.061670
0 0.576258 0.605339 0.043298 0.069889
3 0.626934 0.443351 0.045345 0.087809
2 0.656182 0.362266 0.043379 0.073971
3 0.669425 0.317354 0.042340 0.081641
0 0.675612 0.561260 0.042656 0.067962
0 0.727108 0.373680 0.037868 0.060967
0 0.738706 0.333945 0.037100 0.059720
0 0.749484 0.296512 0.034691 0.058089
1 0.749380 0.626872 0.051572 0.081673
1 0.789419 0.422809 0.046012 0.072773
5 0.806481 0.315133 0.050729 0.117793
