7 0.274461 0.387235 0.033617 0.049040
8 0.326929 0.370221 0.030068 0.056139
9 0.375850 0.356483 0.029681 0.056982
11 0.468239 0.319704 0.033965 0.082760
9 0.511799 0.318236 0.028734 0.056309
7 0.599556 0.297606 0.028245 0.046507
6 0.290967 0.423436 0.027643 0.043916
6 0.344814 0.407816 0.027415 0.044010
10 0.392445 0.383874 0.037305 0.072936
6 0.532791 0.352708 0.025335 0.043171
6 0.578164 0.339512 0.025658 0.042760
6 0.624671 0.326185 0.024824 0.041699
6 0.507528 0.396600 0.026305 0.043779
8 0.551439 0.380324 0.030423 0.057178
3 0.446431 0.491341 0.033870 0.060951
0 0.498890 0.480700 0.028405 0.043880
4 0.407184 0.546245 0.043138 0.078285
2 0.624546 0.479256 0.034150 0.060843
0 0.375469 0.621610 0.032487 0.049059
0 0.433584 0.599175 0.032487 0.047998
0 0.653205 0.523477 0.030622 0.046654
0 0.705563 0.506335 0.030326 0.046921
0 0.755688 0.489022 0.029847 0.046598
1 0.395002 0.668123 0.039541 0.059515
2 0.454202 0.640085 0.038184 0.067819
3 0.514593 0.618514 0.038079 0.066781
1 0.679692 0.562975 0.037015 0.056452
5 0.737015 0.528737 0.045898 0.089382
