7 0.543153 0.222397 0.031234 0.053812
11 0.671400 0.304354 0.044056 0.108590
7 0.798543 0.425150 0.042738 0.067344
6 0.494658 0.240672 0.028014 0.049762
6 0.524282 0.265858 0.029124 0.051090
10 0.552533 0.277101 0.040540 0.088096
9 0.584574 0.309359 0.037617 0.073965
9 0.622129 0.339448 0.037611 0.074359
6 0.658496 0.379419 0.034004 0.056364
6 0.699355 0.414665 0.035547 0.058516
6 0.744792 0.454505 0.037057 0.059635
8 0.501335 0.301162 0.035072 0.067741
6 0.569421 0.368161 0.033151 0.056159
8 0.598703 0.393271 0.039398 0.073607
3 0.585560 0.449591 0.043138 0.083493
0 0.426283 0.375029 0.034030 0.055599
4 0.311432 0.315869 0.049206 0.089870
2 0.342230 0.358143 0.044414 0.072217
3 0.368711 0.387500 0.041061 0.077969
2 0.428167 0.465532 0.044863 0.077360
0 0.236888 0.324160 0.032116 0.052884
0 0.260256 0.352756 0.033486 0.054854
0 0.364315 0.499189 0.038727 0.061257
0 0.395794 0.545106 0.040742 0.063747
0 0.430745 0.593757 0.041602 0.066146
1 0.176248 0.339842 0.043454 0.061273
1 0.291385 0.519907 0.050329 0.073252
5 0.323368 0.549640 0.062946 0.126859
