7 0.693703 0.575641 0.041618 0.067103
9 0.653905 0.603685 0.042562 0.082005
11 0.557690 0.659535 0.052223 0.121022
6 0.714515 0.495335 0.033783 0.054531
6 0.549907 0.617869 0.035550 0.059313
6 0.501790 0.653625 0.037865 0.061110
6 0.665752 0.472394 0.032565 0.054587
8 0.625633 0.493371 0.037783 0.067822
6 0.542332 0.559849 0.034482 0.056312
9 0.496854 0.581691 0.041221 0.079404
6 0.397310 0.659507 0.038213 0.061312
7 0.655928 0.423628 0.035215 0.059912
2 0.536229 0.496925 0.038343 0.070778
0 0.490021 0.481938 0.032887 0.054521
0 0.566457 0.389673 0.029626 0.050459
3 0.446514 0.454100 0.037441 0.073252
2 0.355122 0.510754 0.039782 0.071494
3 0.305638 0.537869 0.041217 0.077262
0 0.483343 0.395199 0.030755 0.050859
0 0.309814 0.495060 0.034993 0.054587
0 0.260675 0.523586 0.035413 0.055986
0 0.209456 0.552238 0.035482 0.056917
1 0.400745 0.398149 0.034349 0.057119
1 0.316846 0.442057 0.037279 0.059382
5 0.217965 0.477524 0.048659 0.108363
