7 0.774489 0.715575 0.054720 0.055277
8 0.688092 0.710133 0.047728 0.061712
9 0.606790 0.711540 0.047930 0.051686
11 0.447905 0.701916 0.057516 0.065283
9 0.370900 0.705846 0.051670 0.052246
8 0.286649 0.698128 0.053682 0.060391
7 0.210882 0.698052 0.060983 0.053389
6 0.766831 0.633586 0.042536 0.044333
6 0.683166 0.632534 0.040882 0.043994
10 0.607508 0.620109 0.052731 0.071318
6 0.451068 0.628245 0.039336 0.044714
6 0.376014 0.625550 0.040140 0.043737
6 0.297835 0.623672 0.045866 0.043470
6 0.217256 0.620457 0.045931 0.041774
3 0.608568 0.409382 0.044134 0.064499
6 0.537228 0.414751 0.036670 0.050205
4 0.688159 0.337368 0.053258 0.084665
0 0.468991 0.346128 0.036348 0.051045
2 0.396629 0.339372 0.042275 0.068926
0 0.747201 0.286571 0.036283 0.051794
0 0.677469 0.287736 0.036481 0.051195
0 0.399367 0.282830 0.036012 0.051260
0 0.330068 0.281665 0.037878 0.051058
0 0.261956 0.280353 0.039831 0.050758
1 0.747153 0.222738 0.045732 0.062708
2 0.677347 0.221253 0.040931 0.070267
3 0.607964 0.221396 0.041221 0.066048
5 0.471523 0.208049 0.048177 0.096351
1 0.269857 0.218639 0.048249 0.063757
