7 0.644049 0.368958 0.036348 0.060046
9 0.694606 0.384025 0.037227 0.073975
11 0.795715 0.420399 0.048200 0.111579
6 0.516408 0.351252 0.030400 0.052640
2 0.560194 0.367026 0.037464 0.067900
6 0.701733 0.445033 0.033551 0.056120
6 0.754688 0.472261 0.035482 0.058115
6 0.472666 0.372746 0.031686 0.054587
8 0.514067 0.389474 0.037067 0.068779
6 0.610879 0.446206 0.033620 0.056051
9 0.658786 0.464788 0.040182 0.077090
6 0.767783 0.530908 0.037943 0.059844
7 0.386131 0.369424 0.036813 0.060111
8 0.517119 0.437508 0.038424 0.072373
0 0.471769 0.472679 0.035348 0.056849
0 0.293421 0.420186 0.034082 0.054993
3 0.424032 0.492692 0.041462 0.079486
2 0.521707 0.555547 0.042946 0.079564
3 0.575226 0.586048 0.044958 0.086178
0 0.284601 0.474836 0.035615 0.058447
0 0.471841 0.596818 0.038727 0.062607
0 0.524006 0.632799 0.040342 0.064225
0 0.580003 0.668109 0.040501 0.065664
1 0.275552 0.529974 0.043617 0.068939
1 0.363304 0.591333 0.045052 0.071735
5 0.471800 0.642858 0.055352 0.127826
