7 0.787840 0.505798 0.042139 0.066302
9 0.558683 0.611742 0.044014 0.081719
11 0.426164 0.656165 0.053558 0.117194
6 0.686341 0.498024 0.035547 0.056452
3 0.631929 0.514940 0.042178 0.077744
6 0.453905 0.602153 0.037002 0.060199
6 0.389248 0.632118 0.039974 0.060505
6 0.649401 0.460544 0.034674 0.056250
8 0.594064 0.476068 0.039222 0.072454
6 0.478014 0.534725 0.035755 0.057419
9 0.417272 0.551605 0.042897 0.079245
6 0.286676 0.615335 0.039017 0.059720
7 0.501146 0.468161 0.039076 0.064173
0 0.467814 0.434810 0.033838 0.056077
0 0.595615 0.342710 0.031621 0.052458
3 0.436820 0.395960 0.038184 0.073815
2 0.321141 0.440662 0.039704 0.072855
0 0.509705 0.333188 0.031820 0.051924
0 0.290378 0.413822 0.034193 0.054720
0 0.229945 0.435669 0.035228 0.055439
0 0.169202 0.457262 0.035547 0.056159
1 0.426104 0.321190 0.035449 0.059359
1 0.322578 0.355667 0.037305 0.060872
5 0.201639 0.380467 0.047835 0.105830
