7 0.198866 0.520042 0.048493 0.068939
7 0.357837 0.320461 0.035954 0.057471
11 0.381530 0.268426 0.043040 0.099215
6 0.304126 0.488553 0.037223 0.057835
9 0.363319 0.397176 0.039144 0.073291
9 0.388467 0.358175 0.037943 0.073252
6 0.413047 0.331719 0.030358 0.052389
6 0.435913 0.298866 0.029489 0.051260
6 0.365596 0.505728 0.036986 0.058473
8 0.394860 0.455065 0.044082 0.070645
6 0.445978 0.377292 0.032288 0.053919
8 0.470103 0.339587 0.035882 0.066237
6 0.510762 0.277025 0.028568 0.049818
0 0.544025 0.441377 0.034893 0.055697
3 0.617030 0.285881 0.036025 0.070856
2 0.588649 0.495679 0.043861 0.072132
3 0.606947 0.447196 0.042181 0.079658
2 0.644232 0.369279 0.038424 0.066221
0 0.622773 0.627853 0.041621 0.064945
0 0.640229 0.569578 0.039782 0.061670
0 0.707677 0.384035 0.034085 0.055186
0 0.722256 0.346823 0.032220 0.053457
0 0.734471 0.312406 0.031221 0.051725
1 0.703060 0.645575 0.049479 0.076878
1 0.761243 0.436286 0.044974 0.066784
5 0.784373 0.334250 0.048773 0.106865
