6 0.399705 0.591248 0.039144 0.063708
11 0.328431 0.586689 0.054525 0.124811
6 0.432324 0.531335 0.036615 0.061113
6 0.300251 0.569570 0.039076 0.062109
6 0.443481 0.439455 0.033551 0.057386
0 0.314784 0.473192 0.036214 0.059847
0 0.640820 0.353415 0.031634 0.053281
1 0.583125 0.366201 0.036413 0.060645
7 0.472905 0.395387 0.037113 0.061517
0 0.556344 0.340612 0.031686 0.052923
7 0.503545 0.351808 0.036003 0.059469
0 0.330703 0.395817 0.033952 0.055599
0 0.206527 0.425215 0.035215 0.056784
1 0.308527 0.362637 0.038265 0.062396
5 0.247241 0.357096 0.046012 0.109974
