7 0.569193 0.209790 0.034082 0.057516
8 0.597152 0.237077 0.035417 0.066836
9 0.626138 0.266396 0.036188 0.074212
10 0.660544 0.293434 0.048314 0.094134
11 0.693854 0.320781 0.052799 0.113652
9 0.729059 0.375148 0.044681 0.079372
8 0.774591 0.422961 0.051045 0.075732
7 0.815262 0.471956 0.050518 0.070938
6 0.514871 0.226393 0.030492 0.052923
6 0.542686 0.258219 0.031354 0.053789
6 0.570977 0.290039 0.032018 0.054987
6 0.635236 0.363971 0.035745 0.058184
6 0.668854 0.404180 0.037077 0.058978
6 0.707669 0.449780 0.039089 0.061377
6 0.751693 0.501304 0.042057 0.062308
6 0.395379 0.335347 0.034085 0.057048
0 0.419884 0.375615 0.036715 0.059434
0 0.229940 0.298545 0.034326 0.056172
0 0.249492 0.333773 0.036237 0.058379
0 0.309326 0.461968 0.040579 0.062946
0 0.335729 0.514611 0.042578 0.064385
0 0.361771 0.571649 0.044017 0.066462
0 0.390848 0.632599 0.045771 0.069020
1 0.162821 0.311235 0.045374 0.065107
2 0.179756 0.344720 0.049368 0.073333
3 0.198088 0.382165 0.043434 0.082728
4 0.211694 0.419399 0.058551 0.105485
5 0.232814 0.460301 0.066260 0.124235
3 0.256963 0.528695 0.051764 0.086035
2 0.277340 0.590736 0.057708 0.084453
1 0.304915 0.656416 0.057422 0.081771
