6 0.625729 0.509946 0.034883 0.058115
6 0.597104 0.549687 0.036481 0.061712
11 0.567386 0.564707 0.050729 0.119635
6 0.590845 0.460280 0.033564 0.055586
6 0.500879 0.571416 0.036478 0.061178
7 0.504245 0.397017 0.036953 0.060778
0 0.532858 0.305330 0.029557 0.049860
1 0.504095 0.331203 0.034082 0.056989
0 0.454940 0.321410 0.030557 0.050586
7 0.426761 0.345591 0.034395 0.056696
0 0.333524 0.436899 0.034111 0.055120
0 0.297576 0.470332 0.034749 0.056797
0 0.261188 0.504642 0.036270 0.057839
1 0.315169 0.386938 0.038542 0.059977
5 0.243040 0.432075 0.049694 0.111696
