1 0.406515 0.235664 0.036481 0.059447
11 0.702723 0.265299 0.044749 0.104219
6 0.627207 0.316195 0.032285 0.054056
6 0.690083 0.326779 0.034482 0.054854
6 0.551053 0.346086 0.033219 0.054854
6 0.742383 0.380467 0.035612 0.055452
7 0.450099 0.418027 0.039476 0.064440
0 0.235280 0.427425 0.036348 0.055254
0 0.274889 0.488869 0.037546 0.058050
7 0.339178 0.500662 0.042660 0.066943
0 0.545894 0.544531 0.038057 0.057995
0 0.616159 0.560205 0.039401 0.059622
0 0.688726 0.574391 0.039014 0.059049
1 0.449595 0.579093 0.044176 0.068701
5 0.599894 0.592673 0.054066 0.113307
