6 0.506857 0.303691 0.030954 0.053034
11 0.545807 0.258042 0.039688 0.101462
6 0.513403 0.344476 0.031787 0.053919
6 0.590690 0.298382 0.029902 0.051146
1 0.422871 0.500939 0.041888 0.068538
0 0.645941 0.359406 0.032513 0.054482
0 0.418099 0.566253 0.037956 0.062500
7 0.566849 0.463021 0.039876 0.066035
6 0.613607 0.435028 0.034017 0.056982
0 0.524507 0.559688 0.038343 0.062598
7 0.572655 0.524225 0.042340 0.068099
0 0.705262 0.430469 0.035309 0.057917
0 0.785205 0.374329 0.034538 0.055384
1 0.760894 0.452459 0.042178 0.067399
5 0.800363 0.399106 0.049235 0.114111
