7 0.149504 0.304692 0.046012 0.065186
7 0.458507 0.246403 0.036826 0.059980
11 0.515218 0.212712 0.041413 0.107650
6 0.164030 0.342743 0.038210 0.060381
6 0.236125 0.327731 0.035146 0.059648
10 0.299704 0.298937 0.048698 0.098545
9 0.361834 0.293062 0.038903 0.079007
9 0.423481 0.279473 0.038903 0.077728
6 0.482368 0.276439 0.032594 0.056556
6 0.539548 0.264456 0.032305 0.055599
8 0.314855 0.342414 0.040902 0.078447
6 0.446659 0.319912 0.034222 0.059336
8 0.503643 0.302734 0.038424 0.075410
6 0.624432 0.282191 0.032783 0.055983
3 0.593026 0.313504 0.040420 0.083955
0 0.428451 0.409172 0.039688 0.063037
4 0.292160 0.475822 0.062809 0.115492
2 0.382010 0.463472 0.048219 0.087139
3 0.452544 0.442316 0.046396 0.091064
2 0.593451 0.409139 0.044766 0.084072
0 0.240023 0.569927 0.046491 0.074196
0 0.324476 0.544090 0.045534 0.071800
0 0.629873 0.460591 0.041758 0.066950
0 0.699985 0.442244 0.040954 0.066143
0 0.766414 0.424414 0.037386 0.064993
1 0.257030 0.628091 0.060622 0.090303
1 0.589159 0.528638 0.049847 0.081481
5 0.743525 0.458864 0.064271 0.135664
