7 0.462951 0.614250 0.044893 0.072933
7 0.334966 0.519352 0.041540 0.066901
9 0.291880 0.483888 0.040420 0.078844
11 0.220496 0.413623 0.049925 0.109167
6 0.473817 0.551258 0.035947 0.059977
9 0.349124 0.455993 0.039382 0.079082
6 0.312853 0.438994 0.033883 0.055586
6 0.276680 0.413766 0.033151 0.055052
6 0.528905 0.524730 0.035218 0.059779
8 0.486789 0.488083 0.039463 0.073893
6 0.401204 0.440503 0.033060 0.055309
8 0.369318 0.410116 0.038343 0.069658
6 0.293921 0.367367 0.031820 0.052389
0 0.540052 0.417132 0.032897 0.054531
0 0.721462 0.474222 0.036270 0.058633
2 0.626872 0.413192 0.038665 0.072295
3 0.585260 0.387868 0.038743 0.075573
2 0.505978 0.344320 0.035218 0.067702
3 0.468174 0.319919 0.035228 0.070618
0 0.718462 0.422498 0.034105 0.056637
0 0.549242 0.329521 0.030885 0.051927
0 0.511829 0.308984 0.030358 0.051061
0 0.476115 0.288813 0.029893 0.050394
1 0.812712 0.420962 0.039941 0.063311
1 0.634797 0.328742 0.035680 0.058115
5 0.553159 0.268175 0.040264 0.099215
