7 0.252992 0.564575 0.051094 0.083206
8 0.246108 0.505479 0.054450 0.084551
9 0.244593 0.448470 0.047259 0.087520
10 0.236784 0.396766 0.057285 0.108350
11 0.234897 0.347882 0.055908 0.120439
9 0.232708 0.327485 0.041029 0.081383
8 0.227645 0.295594 0.042340 0.068701
7 0.227111 0.268996 0.038278 0.060446
6 0.344209 0.554740 0.044395 0.070553
6 0.333226 0.496841 0.042370 0.067295
6 0.306296 0.364170 0.036348 0.060911
6 0.300869 0.327791 0.034551 0.057783
6 0.295212 0.294805 0.033216 0.057051
6 0.290251 0.262420 0.030755 0.052458
6 0.470396 0.429238 0.037627 0.062708
6 0.541051 0.419574 0.037865 0.062871
0 0.524860 0.377386 0.036745 0.061191
0 0.571113 0.334728 0.035306 0.057835
2 0.552900 0.294036 0.038503 0.071016
0 0.734339 0.493984 0.041536 0.067181
0 0.702985 0.446095 0.039701 0.064229
0 0.611533 0.292150 0.033073 0.055758
0 0.594518 0.261636 0.032272 0.054163
0 0.577624 0.233644 0.031074 0.051989
1 0.809870 0.480636 0.053874 0.075537
2 0.775825 0.431108 0.052568 0.079255
3 0.743940 0.383314 0.044098 0.083971
4 0.720330 0.336488 0.051572 0.098353
5 0.694211 0.292852 0.051533 0.113997
3 0.670911 0.277005 0.037546 0.077005
1 0.632282 0.227096 0.034948 0.057650
