7 0.224188 0.609246 0.050843 0.078337
8 0.213351 0.551548 0.053258 0.082477
9 0.207218 0.495192 0.046683 0.081387
10 0.194705 0.443843 0.058669 0.101227
11 0.189574 0.395207 0.057630 0.111234
9 0.185967 0.373049 0.040742 0.078701
8 0.176504 0.339593 0.044173 0.065026
7 0.173449 0.311921 0.039411 0.059102
6 0.311172 0.593799 0.042337 0.066224
6 0.296074 0.536963 0.040260 0.063268
6 0.282692 0.491349 0.038743 0.062471
6 0.270231 0.444456 0.036667 0.059115
6 0.260007 0.405075 0.035391 0.058477
6 0.251659 0.368288 0.033551 0.055039
6 0.243589 0.334857 0.032113 0.054642
6 0.235918 0.301660 0.030365 0.050586
0 0.470692 0.406377 0.034893 0.057324
0 0.673381 0.509946 0.039541 0.061989
0 0.641466 0.465091 0.036904 0.059512
0 0.618140 0.422918 0.035309 0.057425
0 0.569572 0.349779 0.032432 0.053522
0 0.547523 0.315868 0.031315 0.052803
0 0.529588 0.285672 0.030915 0.051527
0 0.511696 0.257713 0.030117 0.049450
1 0.742287 0.492974 0.048219 0.071227
2 0.707677 0.446170 0.046299 0.074294
3 0.677030 0.401411 0.040739 0.078031
4 0.651453 0.356234 0.044749 0.092142
5 0.625047 0.314269 0.043838 0.107210
3 0.603410 0.298118 0.035947 0.072695
2 0.583089 0.272145 0.034740 0.063268
1 0.563481 0.248335 0.033304 0.055680
