6 0.354533 0.552900 0.040023 0.064785
11 0.277988 0.541750 0.054870 0.125036
6 0.477632 0.481559 0.036188 0.061276
6 0.403462 0.494456 0.037705 0.062311
6 0.261160 0.520404 0.036273 0.061751
7 0.503083 0.388387 0.039622 0.065902
0 0.667152 0.328032 0.033353 0.055120
1 0.602876 0.336312 0.038265 0.062949
0 0.584445 0.307534 0.034821 0.055186
7 0.525443 0.314456 0.036615 0.061445
0 0.340291 0.345207 0.034482 0.056650
0 0.275155 0.354824 0.034417 0.056986
0 0.210615 0.363978 0.035417 0.057051
1 0.391034 0.299146 0.036813 0.062510
5 0.262448 0.298039 0.044863 0.110433
