7 0.825623 0.491797 0.049209 0.078444
11 0.802155 0.594310 0.062669 0.130586
6 0.778600 0.329163 0.038743 0.062708
6 0.728708 0.540199 0.043522 0.066816
6 0.713802 0.604762 0.045150 0.068828
6 0.663140 0.471372 0.041989 0.065856
6 0.607062 0.656172 0.045342 0.070169
7 0.529761 0.391644 0.045726 0.072852
0 0.519725 0.248732 0.036279 0.060179
0 0.431673 0.284800 0.037546 0.061644
0 0.336188 0.480947 0.042370 0.065280
0 0.306855 0.539136 0.044095 0.067197
0 0.276468 0.599432 0.045632 0.068923
1 0.341312 0.317746 0.043854 0.070856
1 0.288853 0.408462 0.051045 0.074053
5 0.226864 0.502155 0.067640 0.127272
