7 0.291520 0.629237 0.044017 0.071019
9 0.281535 0.451104 0.039385 0.073893
11 0.283130 0.364419 0.043135 0.101995
6 0.362041 0.576755 0.036016 0.058516
3 0.357896 0.524701 0.042419 0.078763
6 0.347438 0.417008 0.031901 0.053477
6 0.344626 0.382904 0.031621 0.053138
6 0.431540 0.574191 0.036283 0.059645
8 0.427739 0.525420 0.040661 0.068939
6 0.413779 0.448503 0.033118 0.053867
9 0.410080 0.404933 0.037939 0.075160
6 0.401842 0.345885 0.030091 0.050859
7 0.484709 0.479209 0.038480 0.063307
3 0.557080 0.508039 0.040456 0.078415
0 0.547756 0.477568 0.033630 0.054720
0 0.646818 0.604074 0.038011 0.060446
2 0.590182 0.395392 0.037305 0.065583
0 0.702362 0.552140 0.036429 0.058473
0 0.649917 0.395409 0.032113 0.052484
0 0.639535 0.361738 0.031478 0.052083
0 0.628589 0.330143 0.030518 0.050566
1 0.752334 0.500202 0.040645 0.065280
1 0.725129 0.425078 0.039385 0.061829
5 0.696058 0.335806 0.042656 0.100941
