7 0.820742 0.517479 0.046491 0.068779
8 0.761004 0.535664 0.047067 0.079180
9 0.697632 0.557038 0.044814 0.082122
10 0.635182 0.574033 0.054525 0.103529
11 0.569001 0.590749 0.053437 0.117747
9 0.501932 0.631286 0.046683 0.087422
8 0.426154 0.660858 0.047738 0.087712
7 0.352327 0.693709 0.050488 0.077646
6 0.772555 0.477380 0.036413 0.057318
6 0.713809 0.498615 0.036478 0.057184
6 0.656924 0.519751 0.038411 0.058714
6 0.532181 0.564842 0.037793 0.060075
6 0.467000 0.587090 0.038584 0.061751
6 0.396260 0.612852 0.040091 0.061510
6 0.318649 0.639373 0.040501 0.061989
6 0.559093 0.401584 0.031553 0.054854
0 0.502036 0.418179 0.033285 0.055785
2 0.360498 0.413049 0.038919 0.072087
0 0.602324 0.313599 0.028958 0.050329
0 0.553996 0.327744 0.030290 0.051061
0 0.395871 0.370007 0.031794 0.052643
0 0.337669 0.385866 0.034232 0.054056
0 0.276981 0.401743 0.033343 0.054255
0 0.215773 0.417853 0.035016 0.054521
1 0.575423 0.284899 0.032285 0.054987
2 0.529258 0.294279 0.032819 0.063975
3 0.478249 0.304989 0.033789 0.068063
4 0.424710 0.311258 0.038906 0.084437
5 0.373327 0.317594 0.042103 0.103184
3 0.318846 0.345562 0.035941 0.070778
1 0.200184 0.380674 0.041143 0.061178
