7 0.655965 0.680234 0.047288 0.074850
7 0.313799 0.579860 0.046413 0.067819
11 0.247493 0.544829 0.063958 0.106403
6 0.678512 0.622274 0.039277 0.060179
6 0.603032 0.602233 0.037777 0.059303
10 0.537085 0.566134 0.048122 0.097959
9 0.472808 0.558379 0.041859 0.076211
9 0.408773 0.541437 0.041940 0.077646
6 0.348647 0.533384 0.035837 0.055420
6 0.289517 0.517407 0.037223 0.054476
8 0.564595 0.526274 0.040420 0.075010
6 0.437837 0.503529 0.033949 0.054785
8 0.385096 0.480109 0.041396 0.071494
6 0.268169 0.458866 0.035010 0.051149
0 0.547715 0.432767 0.032513 0.053197
3 0.331919 0.375542 0.037705 0.069098
4 0.692048 0.407090 0.043021 0.089264
2 0.624637 0.402262 0.038011 0.070163
3 0.569660 0.389640 0.036826 0.071097
2 0.460298 0.367028 0.034684 0.066569
0 0.763337 0.395601 0.032832 0.052803
0 0.703026 0.384696 0.032035 0.052243
0 0.482326 0.339707 0.029092 0.049661
0 0.431932 0.329023 0.028558 0.048796
0 0.383037 0.318670 0.028626 0.048063
1 0.777889 0.357267 0.035615 0.058447
1 0.558563 0.315259 0.033278 0.056364
5 0.453320 0.278862 0.039570 0.094326
