6 0.539316 0.323190 0.031914 0.053978
11 0.591463 0.283211 0.042679 0.105947
6 0.519782 0.366571 0.032233 0.055641
6 0.624528 0.333491 0.031738 0.053701
7 0.461553 0.464925 0.040820 0.066543
6 0.521563 0.449401 0.034681 0.057650
0 0.293174 0.572614 0.039460 0.063346
1 0.367358 0.545361 0.043714 0.071992
0 0.675098 0.438016 0.036016 0.058382
0 0.396859 0.589670 0.040267 0.064229
7 0.463773 0.563947 0.044577 0.070615
0 0.654268 0.496174 0.037552 0.060713
0 0.772056 0.453908 0.036436 0.058955
1 0.693934 0.531683 0.043695 0.072057
5 0.755526 0.484969 0.053005 0.121611
