7 0.288109 0.263258 0.037344 0.057715
11 0.523110 0.239085 0.041527 0.105716
7 0.698651 0.257773 0.036611 0.058249
6 0.281859 0.300837 0.031686 0.052988
6 0.345599 0.299006 0.031621 0.053988
10 0.405563 0.284549 0.041510 0.090394
9 0.464230 0.289587 0.035628 0.073574
9 0.525496 0.287549 0.036279 0.072227
6 0.585679 0.294603 0.030947 0.054063
6 0.646790 0.293804 0.031895 0.053792
6 0.710659 0.292972 0.031553 0.053197
8 0.398721 0.328223 0.037279 0.072493
6 0.528096 0.331344 0.032161 0.056185
8 0.585828 0.325597 0.037575 0.072855
0 0.461938 0.414201 0.035661 0.057516
4 0.306050 0.447933 0.057516 0.102956
2 0.391208 0.454312 0.044017 0.080674
3 0.460107 0.451864 0.043711 0.083206
2 0.606038 0.451107 0.043327 0.081771
0 0.231576 0.518685 0.041536 0.063346
0 0.308423 0.514930 0.040583 0.063187
0 0.614202 0.510330 0.039622 0.061989
0 0.692240 0.510684 0.040391 0.063841
0 0.768210 0.508812 0.040260 0.063268
1 0.213895 0.573247 0.056748 0.077458
3 0.378626 0.561509 0.048796 0.091064
1 0.617381 0.564064 0.047067 0.076592
5 0.704445 0.541553 0.060446 0.125560
