7 0.546331 0.213112 0.032565 0.055475
8 0.580426 0.239453 0.034349 0.064466
9 0.615879 0.268586 0.035228 0.069821
10 0.655970 0.293512 0.045632 0.087617
11 0.695420 0.320498 0.049694 0.104577
9 0.736536 0.369691 0.042819 0.072129
8 0.787788 0.412308 0.047731 0.070033
7 0.833647 0.456426 0.048024 0.064993
6 0.498086 0.236527 0.029570 0.050592
6 0.533006 0.267565 0.030068 0.051647
6 0.567845 0.298270 0.030957 0.052035
6 0.646042 0.367580 0.033893 0.054476
6 0.686676 0.405000 0.034395 0.054642
6 0.732469 0.446632 0.036885 0.056143
6 0.783346 0.492505 0.039414 0.056982
6 0.505552 0.379202 0.033551 0.054590
0 0.409310 0.368392 0.034967 0.055215
0 0.447500 0.406470 0.034967 0.054756
0 0.239451 0.346670 0.033883 0.053457
0 0.269676 0.381785 0.035081 0.055120
0 0.365483 0.508675 0.037731 0.057630
0 0.404652 0.559001 0.039915 0.058665
0 0.444222 0.612780 0.041068 0.060391
0 0.487762 0.669434 0.042100 0.061888
1 0.176855 0.368089 0.045534 0.063268
2 0.206001 0.401701 0.050133 0.071032
3 0.236398 0.441483 0.045244 0.077360
4 0.263680 0.479271 0.056748 0.098353
5 0.299251 0.521956 0.061426 0.110723
3 0.336326 0.586048 0.047529 0.077799
2 0.374043 0.643470 0.050423 0.079277
1 0.416603 0.704979 0.049580 0.074658
