7 0.723045 0.247913 0.035811 0.060579
11 0.759963 0.381162 0.057399 0.120898
9 0.770858 0.445278 0.047354 0.086755
7 0.797964 0.566934 0.054268 0.080332
6 0.660046 0.252490 0.033164 0.054082
6 0.665439 0.288109 0.032350 0.055280
10 0.668384 0.308590 0.045439 0.096725
9 0.677152 0.354118 0.042578 0.081562
6 0.692990 0.457106 0.039782 0.062884
6 0.701283 0.512227 0.041797 0.065378
6 0.710532 0.575879 0.043617 0.067871
8 0.604010 0.318675 0.039622 0.071009
6 0.613468 0.410332 0.036826 0.060456
8 0.612318 0.449897 0.045293 0.076527
3 0.477147 0.316803 0.039463 0.079323
0 0.474079 0.366763 0.035469 0.058877
4 0.415618 0.272979 0.045918 0.092507
2 0.411411 0.325003 0.042738 0.071406
2 0.391535 0.457894 0.050485 0.077090
0 0.360789 0.260465 0.031885 0.053516
0 0.355863 0.293750 0.033086 0.055247
0 0.318273 0.465187 0.039880 0.063076
0 0.304901 0.520116 0.042275 0.065570
0 0.291193 0.579500 0.045342 0.067581
1 0.300278 0.259017 0.038343 0.060378
3 0.282686 0.322196 0.040579 0.078128
1 0.241761 0.459717 0.053281 0.072773
5 0.222337 0.495929 0.070124 0.126722
