6 0.299478 0.468213 0.038011 0.058783
11 0.240591 0.427313 0.051878 0.111006
6 0.389334 0.447809 0.034281 0.057982
6 0.281424 0.415623 0.034548 0.055531
6 0.478843 0.430868 0.034762 0.057119
7 0.570509 0.408846 0.038278 0.064775
0 0.780936 0.429023 0.036188 0.057754
1 0.714753 0.408605 0.039941 0.064945
0 0.741273 0.379696 0.034512 0.055921
7 0.683127 0.362261 0.037347 0.061976
0 0.514233 0.320947 0.031488 0.052923
0 0.461745 0.307534 0.030762 0.052855
0 0.411419 0.293787 0.030762 0.051989
1 0.542861 0.290062 0.035892 0.059303
5 0.488770 0.258120 0.041986 0.102666
