7 0.591359 0.623826 0.047165 0.078031
9 0.335137 0.508675 0.044577 0.083958
11 0.222199 0.440449 0.054756 0.117103
6 0.562518 0.551774 0.038981 0.063268
7 0.441143 0.497340 0.042975 0.071895
6 0.325693 0.450785 0.036680 0.059779
6 0.270933 0.427609 0.037236 0.060550
3 0.605174 0.502726 0.045628 0.084645
8 0.544320 0.477640 0.042754 0.080234
6 0.422933 0.437871 0.035215 0.059115
9 0.369168 0.405378 0.040661 0.082201
6 0.263345 0.370254 0.035726 0.056641
3 0.614082 0.400042 0.042259 0.083158
0 0.557357 0.388229 0.035749 0.058249
0 0.771772 0.422840 0.037308 0.060472
2 0.483433 0.310518 0.038421 0.073333
0 0.740090 0.366403 0.035628 0.058073
0 0.517181 0.287350 0.032884 0.055384
0 0.467220 0.268709 0.034017 0.054854
0 0.417327 0.250770 0.031686 0.053988
1 0.710993 0.311602 0.039212 0.063177
1 0.606691 0.273929 0.037744 0.062174
5 0.499189 0.218481 0.043040 0.105732
