7 0.651540 0.235884 0.038809 0.064639
9 0.741841 0.350233 0.046012 0.092412
11 0.792492 0.408717 0.062809 0.143561
6 0.605313 0.273675 0.035469 0.061829
7 0.643680 0.332212 0.044574 0.072855
6 0.687814 0.407464 0.041540 0.068861
6 0.712539 0.448962 0.043216 0.072454
3 0.538791 0.266374 0.043232 0.085892
6 0.592253 0.377498 0.039941 0.067100
9 0.610313 0.404067 0.048600 0.095954
6 0.654906 0.502248 0.046016 0.075251
3 0.414354 0.307804 0.042080 0.089919
8 0.426548 0.346383 0.048890 0.082839
0 0.328070 0.262578 0.037005 0.061641
2 0.374688 0.431838 0.050326 0.088480
0 0.263651 0.299149 0.038343 0.064229
0 0.291652 0.447017 0.044769 0.073343
0 0.298651 0.492643 0.046110 0.076211
0 0.308285 0.540241 0.048887 0.079766
1 0.195041 0.335409 0.046781 0.074769
1 0.200389 0.405290 0.050804 0.079661
5 0.211486 0.467246 0.065264 0.155046
