7 0.361029 0.320249 0.036003 0.058083
11 0.453828 0.261198 0.040358 0.101901
1 0.237728 0.409824 0.041738 0.064238
6 0.443402 0.324727 0.030423 0.052930
6 0.490667 0.304684 0.031354 0.052526
6 0.433114 0.368195 0.032210 0.054528
6 0.575137 0.306248 0.029505 0.051924
6 0.308480 0.464220 0.035228 0.058636
7 0.460252 0.440479 0.040407 0.064772
0 0.328149 0.556698 0.038610 0.062640
0 0.434168 0.560186 0.038825 0.062708
0 0.650677 0.448309 0.035625 0.058154
0 0.700923 0.423664 0.035309 0.057757
0 0.746019 0.399458 0.031875 0.055999
1 0.644106 0.503662 0.042848 0.069596
5 0.748241 0.425334 0.049580 0.116416
