7 0.768983 0.304458 0.035615 0.059183
7 0.768674 0.504115 0.045693 0.072135
11 0.770599 0.536567 0.061979 0.126859
6 0.705213 0.303991 0.031130 0.052591
6 0.703353 0.338019 0.032194 0.054001
9 0.697632 0.401538 0.041507 0.078031
9 0.696410 0.445760 0.043776 0.082041
6 0.692474 0.500933 0.038477 0.060635
6 0.688423 0.554736 0.040101 0.063828
10 0.640920 0.317956 0.042275 0.090970
8 0.635667 0.362808 0.039147 0.067021
6 0.625760 0.450073 0.036286 0.058714
8 0.614836 0.486960 0.044001 0.073333
6 0.600067 0.604181 0.040674 0.065973
0 0.502523 0.395972 0.033353 0.056117
3 0.445490 0.574315 0.048408 0.087425
4 0.465420 0.304613 0.041908 0.088672
2 0.452803 0.352871 0.039134 0.066784
3 0.441069 0.383833 0.039144 0.076689
2 0.406393 0.472096 0.046973 0.074453
0 0.420304 0.288630 0.030680 0.050703
0 0.409071 0.319085 0.031175 0.052591
0 0.339080 0.472381 0.037477 0.059645
0 0.315981 0.521043 0.039209 0.062041
0 0.291217 0.573267 0.041875 0.064639
1 0.365985 0.282668 0.034281 0.056696
1 0.293213 0.416475 0.045215 0.065345
5 0.242518 0.490091 0.062946 0.119954
