7 0.212052 0.328416 0.039743 0.059782
8 0.274823 0.314969 0.032952 0.068564
9 0.335480 0.303807 0.034827 0.071338
11 0.447746 0.271628 0.039925 0.104102
9 0.501172 0.278009 0.034486 0.069567
8 0.556846 0.271042 0.033151 0.064954
7 0.606849 0.268192 0.032839 0.054808
6 0.222625 0.364505 0.033395 0.055755
6 0.289001 0.353213 0.032676 0.055475
10 0.348747 0.329287 0.042754 0.091354
6 0.466808 0.323312 0.030732 0.052809
6 0.521618 0.314548 0.030065 0.052702
6 0.577093 0.305366 0.030065 0.052425
6 0.633511 0.296296 0.029515 0.050703
3 0.392941 0.440815 0.042738 0.082601
6 0.458187 0.435900 0.035417 0.057913
0 0.548024 0.466782 0.036680 0.059977
2 0.615640 0.444513 0.042100 0.078604
0 0.277669 0.577352 0.042259 0.067660
0 0.356393 0.557542 0.042018 0.066543
0 0.646859 0.494868 0.038743 0.062575
0 0.714720 0.481061 0.038411 0.062441
0 0.778394 0.466549 0.037679 0.060312
1 0.290171 0.631895 0.053779 0.082917
2 0.372993 0.604170 0.049580 0.093301
3 0.455065 0.583613 0.049753 0.094518
4 0.534694 0.558299 0.054180 0.113076
5 0.606603 0.532096 0.057314 0.128874
1 0.816243 0.508397 0.050996 0.073141
