7 0.342043 0.584479 0.040140 0.065312
9 0.294347 0.554977 0.038825 0.075488
11 0.212702 0.493534 0.046777 0.104775
6 0.481188 0.604250 0.034193 0.057757
6 0.302648 0.511849 0.032067 0.052865
6 0.262171 0.490952 0.032624 0.053200
6 0.527856 0.576105 0.033551 0.057275
8 0.482035 0.545654 0.037786 0.070618
6 0.388688 0.507604 0.031732 0.053255
9 0.348276 0.478049 0.036507 0.072777
6 0.268997 0.446888 0.031289 0.050039
7 0.476335 0.500133 0.036146 0.059779
0 0.516502 0.477471 0.031898 0.052591
0 0.697420 0.518174 0.033285 0.055117
3 0.554722 0.447669 0.035947 0.071654
2 0.470036 0.412560 0.033952 0.063988
3 0.429471 0.392650 0.034268 0.066471
0 0.683826 0.471901 0.032087 0.052656
0 0.506963 0.397077 0.029225 0.048861
0 0.467386 0.379834 0.028092 0.048197
0 0.429110 0.363424 0.027829 0.046263
1 0.671040 0.426901 0.035505 0.056309
1 0.587653 0.391465 0.033815 0.055319
5 0.502173 0.339803 0.038057 0.093271
