7 0.318628 0.335301 0.042529 0.069365
11 0.367305 0.233752 0.046934 0.115537
6 0.308856 0.491437 0.041221 0.066462
6 0.409805 0.308455 0.035710 0.060954
6 0.432451 0.269033 0.034668 0.060553
6 0.455578 0.361340 0.037783 0.062549
6 0.518446 0.240794 0.034430 0.058555
7 0.501615 0.418687 0.044974 0.074691
9 0.576357 0.423553 0.046777 0.088376
0 0.591497 0.612342 0.045091 0.071090
2 0.685008 0.348009 0.045439 0.075921
0 0.696982 0.568341 0.044863 0.069365
0 0.758099 0.362983 0.039590 0.063076
0 0.772622 0.319414 0.037770 0.062214
0 0.784652 0.278770 0.036908 0.060488
1 0.795550 0.521118 0.049850 0.079372
1 0.822148 0.420944 0.050612 0.075632
5 0.843429 0.304434 0.054756 0.120898
