7 0.818136 0.327537 0.040472 0.067568
7 0.788307 0.447653 0.046413 0.075807
9 0.781981 0.484920 0.048890 0.091911
11 0.753299 0.569829 0.060791 0.137985
6 0.734299 0.363840 0.036507 0.061032
9 0.698791 0.478091 0.047835 0.090107
6 0.684421 0.534958 0.040898 0.067904
6 0.668643 0.587879 0.043216 0.070218
6 0.667111 0.357121 0.034482 0.061976
8 0.650853 0.388507 0.042819 0.074932
6 0.623000 0.480270 0.039476 0.064837
6 0.565378 0.631873 0.043294 0.071735
2 0.599710 0.344292 0.041699 0.075329
8 0.567677 0.421567 0.044176 0.075244
0 0.497796 0.419631 0.037214 0.062308
0 0.491279 0.304738 0.033815 0.057184
3 0.431445 0.404268 0.043535 0.084837
2 0.381051 0.494215 0.050710 0.081576
3 0.355716 0.538657 0.049466 0.091930
0 0.407368 0.334427 0.035615 0.058913
0 0.309827 0.493055 0.040260 0.065374
0 0.279871 0.540889 0.041891 0.067487
0 0.248237 0.590545 0.043617 0.069788
1 0.320934 0.361675 0.041699 0.067581
1 0.267476 0.434456 0.047933 0.071178
5 0.204681 0.504530 0.063776 0.131273
