6 0.644837 0.347629 0.033438 0.055120
11 0.707887 0.321011 0.044518 0.110889
6 0.590184 0.382321 0.033838 0.056471
6 0.716217 0.378719 0.033783 0.056807
1 0.316826 0.458880 0.042539 0.067969
6 0.523758 0.457708 0.035016 0.058978
0 0.666102 0.453973 0.036234 0.059723
0 0.237511 0.503027 0.038662 0.061654
7 0.458507 0.495780 0.041742 0.069365
0 0.306890 0.546165 0.039385 0.064069
7 0.380347 0.542930 0.044535 0.071296
0 0.605695 0.538647 0.038825 0.063669
0 0.755780 0.535215 0.039782 0.063841
1 0.609969 0.583319 0.045693 0.075010
5 0.689974 0.556014 0.056816 0.129040
