7 0.656165 0.209684 0.041608 0.068900
9 0.751973 0.400090 0.047643 0.087614
11 0.805965 0.506751 0.068467 0.125755
6 0.607297 0.271066 0.037015 0.062243
7 0.648337 0.365197 0.046335 0.074131
6 0.694967 0.481634 0.042331 0.065664
6 0.720615 0.545181 0.044896 0.066540
6 0.594954 0.437238 0.040951 0.064971
6 0.662163 0.627910 0.045726 0.069212
3 0.464144 0.278883 0.045436 0.086081
9 0.422666 0.394919 0.048659 0.085586
0 0.311045 0.261274 0.038633 0.062594
2 0.371149 0.532223 0.052148 0.084069
0 0.245430 0.322145 0.040645 0.064323
0 0.286035 0.554194 0.046107 0.068734
0 0.296628 0.623550 0.048503 0.070934
0 0.309424 0.695877 0.048600 0.072184
1 0.175781 0.383617 0.049271 0.076400
1 0.187113 0.494873 0.055885 0.079564
5 0.206130 0.615789 0.069297 0.133206
