7 0.822451 0.401523 0.041139 0.064108
8 0.787119 0.436143 0.046094 0.070697
9 0.746177 0.472448 0.043454 0.076048
11 0.663255 0.544046 0.054642 0.108822
9 0.618833 0.603612 0.046494 0.080811
8 0.567549 0.657181 0.047279 0.079831
7 0.515729 0.712531 0.050488 0.074769
6 0.760789 0.375588 0.033343 0.053988
6 0.723475 0.411602 0.034749 0.054388
10 0.685015 0.430775 0.048890 0.093848
6 0.557078 0.570592 0.038265 0.058236
6 0.506712 0.618843 0.039622 0.058714
6 0.450119 0.671670 0.039541 0.059447
6 0.547563 0.493348 0.035895 0.055641
3 0.535005 0.351073 0.037627 0.073252
6 0.495589 0.392617 0.033229 0.054089
4 0.531292 0.288298 0.040645 0.086947
0 0.402441 0.397614 0.034173 0.054147
2 0.352122 0.428206 0.044193 0.071992
0 0.521296 0.255884 0.029089 0.050127
0 0.484600 0.282982 0.030788 0.051146
0 0.308021 0.405291 0.034883 0.054919
0 0.255397 0.440773 0.036680 0.055055
0 0.202108 0.477619 0.039541 0.056051
1 0.479523 0.232202 0.032952 0.055452
2 0.443971 0.254271 0.034271 0.064544
3 0.402017 0.279414 0.035947 0.068900
1 0.266740 0.372599 0.042406 0.061976
5 0.210316 0.390514 0.058092 0.105599
