7 0.433880 0.291318 0.037806 0.061842
11 0.548993 0.247196 0.043252 0.109971
6 0.267645 0.359172 0.034548 0.059912
6 0.514899 0.311595 0.032435 0.056556
6 0.573693 0.300132 0.033070 0.056956
6 0.479383 0.353774 0.033617 0.058636
6 0.661086 0.317666 0.033232 0.057194
7 0.433034 0.396559 0.041302 0.068698
2 0.464995 0.429391 0.043298 0.080605
0 0.268026 0.522967 0.042100 0.067184
0 0.370669 0.550609 0.042178 0.068060
0 0.659077 0.482788 0.040029 0.065433
0 0.727741 0.467882 0.039017 0.064515
0 0.793353 0.451634 0.039505 0.063841
1 0.475479 0.573421 0.048027 0.079948
1 0.617669 0.539385 0.046973 0.077806
5 0.764181 0.479364 0.056735 0.130309
