7 0.288402 0.610072 0.048984 0.078991
7 0.227476 0.407188 0.040407 0.062253
11 0.215299 0.354344 0.051191 0.105160
6 0.371756 0.592057 0.040980 0.067103
6 0.351185 0.542251 0.038665 0.063350
9 0.319702 0.453389 0.040902 0.078926
9 0.301234 0.418535 0.035944 0.078926
6 0.290036 0.394849 0.030755 0.054001
6 0.277699 0.365653 0.028132 0.053122
4 0.421963 0.509515 0.052227 0.104219
8 0.403397 0.479692 0.041318 0.074580
6 0.366395 0.413325 0.033232 0.055361
8 0.354757 0.379735 0.039541 0.067633
6 0.325423 0.327030 0.029316 0.049847
0 0.507422 0.418408 0.033789 0.055599
3 0.431619 0.297376 0.034111 0.068861
2 0.590317 0.432218 0.040980 0.074372
3 0.566960 0.397573 0.041927 0.077568
2 0.520609 0.341312 0.034759 0.066224
0 0.717476 0.500008 0.038825 0.062230
0 0.681608 0.461465 0.036589 0.060391
0 0.573687 0.335208 0.030036 0.051686
0 0.552596 0.309686 0.028278 0.050010
0 0.532306 0.286079 0.027640 0.048011
1 0.781743 0.481564 0.044736 0.069098
1 0.653729 0.349054 0.036813 0.058981
5 0.601751 0.277148 0.039401 0.098542
