7 0.591534 0.260982 0.032222 0.055251
8 0.613350 0.290959 0.034484 0.061442
9 0.636215 0.322113 0.035149 0.068300
10 0.662040 0.352057 0.047163 0.085794
7 0.716685 0.445107 0.043667 0.063105
11 0.751921 0.474354 0.059769 0.105876
6 0.541326 0.273477 0.028234 0.048760
6 0.560587 0.306835 0.029024 0.049530
6 0.582469 0.342333 0.030089 0.049454
9 0.629024 0.412725 0.038426 0.072057
6 0.656232 0.461892 0.033952 0.053644
6 0.684673 0.511736 0.036389 0.055251
6 0.719960 0.562216 0.038347 0.056118
6 0.570013 0.435774 0.032897 0.052923
8 0.596913 0.472685 0.043218 0.069101
6 0.488092 0.402599 0.031753 0.052249
0 0.414289 0.376167 0.032341 0.052037
0 0.429284 0.418333 0.034084 0.053188
2 0.403955 0.521455 0.042500 0.069497
0 0.425036 0.577148 0.038545 0.057781
0 0.270435 0.327765 0.031353 0.050926
0 0.282450 0.365575 0.032619 0.051858
0 0.321506 0.492406 0.036015 0.056253
0 0.335959 0.542512 0.037811 0.056452
3 0.348834 0.588942 0.045612 0.077487
0 0.370506 0.658621 0.041462 0.060311
1 0.208461 0.335157 0.040208 0.059845
2 0.216453 0.371690 0.044739 0.065026
3 0.228793 0.409962 0.040979 0.072616
4 0.240832 0.445207 0.053396 0.094038
5 0.247300 0.490387 0.059494 0.108360
1 0.290904 0.678155 0.050486 0.073571
