7 0.304585 0.289398 0.040274 0.064233
6 0.187968 0.362981 0.037278 0.057450
9 0.455116 0.303052 0.039782 0.074676
11 0.515865 0.273596 0.044401 0.109051
6 0.576462 0.285473 0.033552 0.055119
6 0.273105 0.395200 0.037877 0.057979
6 0.661991 0.309392 0.034616 0.055853
2 0.429140 0.405817 0.042275 0.079563
8 0.493910 0.388743 0.041300 0.076607
6 0.561189 0.382361 0.035308 0.058155
6 0.448176 0.466090 0.039011 0.057649
0 0.716799 0.400293 0.037546 0.056915
0 0.319707 0.558727 0.040341 0.060774
0 0.677183 0.463747 0.038142 0.058717
0 0.258213 0.637090 0.043938 0.064246
3 0.336726 0.611678 0.050040 0.083859
0 0.640069 0.536987 0.040476 0.060179
1 0.270837 0.704327 0.057996 0.079276
5 0.675167 0.577903 0.061842 0.114987
