7 0.251202 0.621481 0.051862 0.078221
6 0.397609 0.713621 0.045853 0.068380
8 0.307913 0.529466 0.046303 0.079276
9 0.278819 0.481468 0.044769 0.083399
11 0.250061 0.422809 0.055896 0.115400
6 0.230536 0.405010 0.034034 0.059914
6 0.439901 0.621564 0.042738 0.066303
6 0.269496 0.348236 0.034084 0.056650
2 0.445407 0.484565 0.046812 0.078046
0 0.412055 0.447644 0.036081 0.058912
6 0.385895 0.405422 0.035347 0.058178
6 0.512211 0.470704 0.037212 0.061310
0 0.393272 0.314947 0.033310 0.055840
0 0.649276 0.543614 0.040179 0.061991
0 0.473676 0.336915 0.032913 0.055681
0 0.751534 0.570557 0.041938 0.063747
0 0.560668 0.354848 0.033552 0.056878
1 0.819205 0.544469 0.053601 0.073733
3 0.725000 0.443272 0.044735 0.081002
5 0.617646 0.313697 0.048036 0.110291
