2 0.301240 0.552715 0.045615 0.081481
7 0.255698 0.528411 0.044960 0.071035
11 0.206710 0.476768 0.049279 0.118436
6 0.565111 0.655147 0.041141 0.067424
8 0.404818 0.548771 0.043135 0.079276
9 0.355428 0.519568 0.043138 0.085354
6 0.263254 0.474697 0.037467 0.060870
6 0.560937 0.589383 0.039276 0.064507
6 0.405698 0.499263 0.035417 0.058313
6 0.266462 0.423991 0.035483 0.057315
6 0.554760 0.531915 0.035949 0.060979
8 0.504977 0.493352 0.041627 0.075810
0 0.455838 0.473406 0.037080 0.059378
6 0.410344 0.446586 0.034272 0.057517
9 0.605020 0.487981 0.041779 0.084997
0 0.553390 0.471096 0.036349 0.060314
0 0.368938 0.374137 0.034173 0.056250
0 0.456551 0.377928 0.033618 0.056379
0 0.801182 0.501091 0.036716 0.061448
0 0.743905 0.474153 0.037196 0.058955
0 0.546639 0.377252 0.034084 0.055853
3 0.505160 0.346455 0.038343 0.075251
1 0.845208 0.472111 0.041779 0.067503
3 0.734628 0.413170 0.041313 0.079950
1 0.589879 0.352512 0.038013 0.061974
5 0.546971 0.307703 0.044517 0.107556
