7 0.365881 0.650594 0.045453 0.073013
10 0.287255 0.511771 0.048790 0.098641
7 0.242316 0.453568 0.038985 0.063347
11 0.220928 0.399302 0.046829 0.106177
6 0.434709 0.632761 0.038611 0.061978
9 0.404544 0.578710 0.042579 0.082209
8 0.353150 0.499765 0.040493 0.071653
9 0.326725 0.463299 0.040731 0.076928
6 0.302102 0.439363 0.032887 0.054587
6 0.280775 0.406670 0.032093 0.054054
6 0.469691 0.567283 0.037345 0.059712
6 0.440488 0.529024 0.034818 0.057050
6 0.386042 0.453244 0.032784 0.053810
8 0.361220 0.417794 0.038737 0.068366
6 0.312039 0.361744 0.030843 0.051868
0 0.443185 0.437808 0.033393 0.054398
2 0.561496 0.482121 0.041227 0.072054
0 0.529139 0.453266 0.034349 0.056240
0 0.423404 0.333729 0.030843 0.051095
2 0.524654 0.371878 0.035281 0.066237
0 0.496966 0.350671 0.030823 0.051257
0 0.742685 0.528924 0.036667 0.058793
0 0.703540 0.490938 0.035387 0.056478
4 0.674888 0.441582 0.045437 0.092411
0 0.576591 0.364602 0.031554 0.052642
3 0.551323 0.329215 0.035628 0.069897
1 0.801280 0.508857 0.042097 0.066624
3 0.723370 0.430931 0.040020 0.074772
1 0.627178 0.348519 0.035083 0.057851
5 0.602687 0.300883 0.042437 0.099272
