7 0.237303 0.679018 0.048601 0.077646
6 0.379198 0.770124 0.044415 0.068621
8 0.291961 0.591103 0.047163 0.080043
9 0.261814 0.541440 0.046657 0.085169
11 0.232826 0.479709 0.053145 0.116779
6 0.209522 0.457733 0.035274 0.061637
6 0.423100 0.685301 0.042536 0.066111
6 0.249565 0.396172 0.036280 0.059911
6 0.458967 0.611285 0.040274 0.063905
2 0.433641 0.548659 0.045813 0.079950
0 0.400094 0.508768 0.038581 0.061353
6 0.373684 0.462495 0.036878 0.060645
0 0.500549 0.533930 0.039940 0.062629
0 0.383697 0.361310 0.036680 0.058783
0 0.640731 0.615923 0.041217 0.063459
0 0.470737 0.388436 0.036481 0.058849
0 0.741815 0.645532 0.040933 0.065377
0 0.564200 0.411371 0.036746 0.059580
1 0.812098 0.621157 0.049236 0.074656
3 0.729977 0.514463 0.045899 0.083515
9 0.622507 0.384997 0.041382 0.080761
5 0.598606 0.330111 0.051068 0.112364
