2 0.668484 0.588891 0.045724 0.084646
7 0.616718 0.626045 0.047834 0.075443
11 0.561151 0.635761 0.055628 0.131964
6 0.798533 0.459380 0.036147 0.059646
8 0.655446 0.531567 0.043366 0.078796
9 0.609605 0.556817 0.046128 0.088919
6 0.504454 0.629162 0.042017 0.066624
6 0.700673 0.459120 0.036267 0.060470
6 0.553416 0.539529 0.037077 0.061710
6 0.394573 0.632102 0.040820 0.066703
6 0.609079 0.459985 0.035876 0.058912
3 0.557900 0.473667 0.042851 0.081481
0 0.506700 0.509942 0.037467 0.062312
6 0.453537 0.536911 0.036908 0.061991
9 0.555136 0.422553 0.040549 0.079563
0 0.505101 0.457060 0.036187 0.060390
0 0.294297 0.564023 0.040182 0.064785
0 0.308117 0.511062 0.038264 0.062229
0 0.552073 0.346901 0.032354 0.054960
0 0.507657 0.368828 0.032993 0.055678
0 0.314398 0.459127 0.036481 0.060245
1 0.509044 0.323428 0.037282 0.059712
3 0.417551 0.358477 0.040103 0.076928
1 0.271660 0.431323 0.040582 0.065906
5 0.212641 0.431114 0.050936 0.120231
