7 0.202541 0.390797 0.040023 0.058876
9 0.320012 0.353530 0.036028 0.065506
10 0.374724 0.331187 0.039864 0.082520
7 0.479689 0.311288 0.033552 0.055387
11 0.531230 0.278810 0.038823 0.093175
6 0.220992 0.433138 0.033175 0.051925
6 0.283228 0.415284 0.031296 0.050529
8 0.401691 0.375828 0.034950 0.065036
9 0.454033 0.357483 0.034990 0.066224
6 0.503676 0.347143 0.029236 0.048816
6 0.558013 0.331505 0.029848 0.049041
6 0.606172 0.314684 0.028958 0.048132
6 0.361500 0.436796 0.031009 0.050648
6 0.481521 0.400231 0.030357 0.049993
8 0.531576 0.376425 0.034990 0.066462
6 0.446281 0.457937 0.031399 0.051700
0 0.412761 0.521030 0.034550 0.052854
0 0.475437 0.501691 0.034220 0.052391
2 0.620479 0.497202 0.038585 0.069980
0 0.673566 0.482495 0.033727 0.052034
0 0.335051 0.671195 0.038343 0.057609
0 0.405040 0.644091 0.037546 0.055999
4 0.469180 0.610174 0.047930 0.091068
0 0.593497 0.571263 0.036280 0.054788
0 0.652679 0.549562 0.035351 0.053720
3 0.709732 0.523264 0.041508 0.072950
0 0.766286 0.505565 0.035079 0.052189
1 0.360628 0.727812 0.047738 0.070169
2 0.433684 0.694377 0.044385 0.077265
3 0.501898 0.666510 0.044577 0.076306
1 0.688601 0.595805 0.043737 0.064640
5 0.754056 0.560332 0.056181 0.101875
