7 0.683705 0.639355 0.048793 0.080053
10 0.387568 0.536571 0.053720 0.110893
7 0.318709 0.535351 0.048793 0.074868
6 0.710488 0.592793 0.044005 0.066769
9 0.633523 0.560496 0.046875 0.091448
8 0.487546 0.518039 0.045728 0.085602
9 0.418456 0.500427 0.045093 0.087771
6 0.354114 0.493375 0.040582 0.063429
6 0.286197 0.473467 0.040020 0.063350
11 0.221354 0.433216 0.056042 0.120645
6 0.660157 0.523274 0.040599 0.064504
6 0.448183 0.465423 0.036683 0.061111
6 0.253583 0.416835 0.037741 0.060112
6 0.615440 0.464319 0.038545 0.061442
8 0.546009 0.434405 0.042738 0.079484
0 0.480230 0.425322 0.037880 0.060248
2 0.355749 0.384891 0.043231 0.078604
4 0.292394 0.361807 0.050999 0.098833
2 0.640311 0.407589 0.042083 0.080906
0 0.573065 0.400165 0.037705 0.060952
0 0.325094 0.338955 0.036121 0.059127
0 0.414079 0.323024 0.035301 0.058323
0 0.817072 0.375756 0.036280 0.059911
0 0.747841 0.360744 0.036548 0.058783
0 0.500231 0.302894 0.034623 0.058089
3 0.445149 0.279828 0.039114 0.077937
1 0.837588 0.336789 0.043376 0.067183
3 0.705103 0.301329 0.040357 0.078896
1 0.526033 0.267855 0.038277 0.063105
5 0.468760 0.230938 0.046243 0.111134
