7 0.554572 0.616357 0.046399 0.074382
6 0.725838 0.598624 0.040942 0.062242
11 0.439965 0.501324 0.051994 0.113998
6 0.305078 0.489921 0.037212 0.059048
6 0.668046 0.526270 0.038604 0.060112
6 0.270428 0.432207 0.036187 0.056478
8 0.487988 0.425408 0.040069 0.075155
6 0.425782 0.416202 0.034018 0.055784
3 0.575202 0.394256 0.040357 0.078029
0 0.334770 0.349383 0.033396 0.054752
0 0.720680 0.390427 0.033218 0.056250
0 0.416905 0.330744 0.032738 0.054087
0 0.795704 0.367326 0.033750 0.055718
0 0.495554 0.307505 0.032007 0.053310
1 0.810683 0.328105 0.041458 0.062308
5 0.515394 0.251108 0.041872 0.104332
