7 0.615466 0.320322 0.035351 0.059778
6 0.503441 0.288484 0.030784 0.052424
2 0.631424 0.392244 0.042100 0.073416
11 0.673571 0.405830 0.050384 0.119815
6 0.712677 0.467469 0.037477 0.061974
6 0.480129 0.327971 0.031356 0.055188
6 0.703841 0.529630 0.040069 0.066237
8 0.518651 0.426728 0.040899 0.076452
6 0.552884 0.470071 0.036944 0.061908
6 0.422288 0.419778 0.034749 0.059246
0 0.567290 0.577176 0.042920 0.068214
0 0.306943 0.374803 0.034031 0.057278
0 0.462669 0.555493 0.041402 0.067870
0 0.228026 0.362054 0.034511 0.057116
3 0.246958 0.381518 0.041892 0.080139
0 0.357060 0.537821 0.040741 0.066224
1 0.162179 0.374382 0.043856 0.066144
5 0.280541 0.535445 0.061425 0.134726
