7 0.611690 0.663391 0.042500 0.069977
8 0.547209 0.633781 0.041124 0.077358
9 0.487272 0.608767 0.040661 0.077725
10 0.432363 0.579823 0.046935 0.093522
11 0.378102 0.550408 0.046243 0.104335
9 0.324347 0.545886 0.037946 0.072566
7 0.226066 0.513520 0.041670 0.058515
6 0.642401 0.623681 0.034815 0.057050
6 0.579306 0.599110 0.034352 0.055985
6 0.520718 0.577761 0.033750 0.054656
6 0.362302 0.518818 0.026601 0.050883
6 0.316371 0.499927 0.031346 0.050728
6 0.269676 0.484562 0.030159 0.049395
6 0.445210 0.502044 0.030069 0.049762
8 0.398562 0.480777 0.034828 0.065106
6 0.529616 0.488790 0.029623 0.049861
0 0.605794 0.474559 0.030225 0.050327
0 0.554769 0.457250 0.030423 0.049395
2 0.486644 0.399249 0.031078 0.060231
0 0.757054 0.450825 0.030489 0.049593
0 0.701500 0.435980 0.030023 0.047596
0 0.556896 0.394615 0.026961 0.045532
0 0.513062 0.381966 0.026759 0.044871
0 0.472341 0.369907 0.026812 0.044008
0 0.428862 0.357703 0.026303 0.043363
1 0.778823 0.421944 0.036019 0.054187
2 0.723431 0.403325 0.031888 0.060909
3 0.672731 0.388737 0.032593 0.063505
4 0.624729 0.371458 0.035390 0.075489
5 0.578576 0.349959 0.037576 0.089726
3 0.538689 0.351027 0.030155 0.060645
1 0.454441 0.334833 0.028016 0.047106
