6 0.180680 0.437100 0.037278 0.060046
11 0.423897 0.333446 0.045784 0.111925
3 0.532776 0.312862 0.036987 0.075810
6 0.278743 0.450084 0.038664 0.060632
6 0.615812 0.328070 0.032755 0.054322
6 0.551586 0.396042 0.034018 0.057388
8 0.646495 0.401276 0.040899 0.074689
0 0.696240 0.387832 0.034828 0.057199
0 0.382855 0.574621 0.041412 0.066233
0 0.684018 0.441515 0.036587 0.059431
0 0.349641 0.651696 0.045149 0.071799
7 0.496653 0.583857 0.047930 0.076882
0 0.677027 0.503185 0.039061 0.062791
1 0.390033 0.704449 0.055099 0.086505
5 0.731432 0.518796 0.061012 0.126997
