7 0.178376 0.534883 0.049048 0.070777
10 0.288664 0.398426 0.049656 0.096627
7 0.352136 0.340640 0.037546 0.061974
11 0.381093 0.286824 0.044170 0.105486
6 0.242556 0.557578 0.038505 0.061908
9 0.281179 0.502639 0.043793 0.080608
8 0.354433 0.421682 0.040274 0.071630
9 0.381488 0.382384 0.039702 0.076448
6 0.407364 0.356103 0.032189 0.054640
6 0.437145 0.321318 0.031729 0.054421
6 0.345546 0.529096 0.037143 0.061782
6 0.377436 0.486207 0.035942 0.058783
6 0.442538 0.403067 0.032953 0.055519
6 0.515865 0.299327 0.031154 0.053654
8 0.473634 0.450349 0.040661 0.075169
0 0.499740 0.417445 0.035308 0.057755
2 0.511397 0.512348 0.043456 0.075251
0 0.538166 0.473644 0.037384 0.059914
0 0.632429 0.324301 0.033310 0.055281
2 0.648654 0.404810 0.040099 0.069897
0 0.667736 0.373271 0.033952 0.056237
0 0.592462 0.657097 0.041617 0.066303
0 0.619942 0.602776 0.040182 0.063747
4 0.649183 0.540747 0.052216 0.103644
0 0.712192 0.425193 0.036587 0.058476
3 0.734436 0.379954 0.039593 0.078413
1 0.669964 0.677834 0.049808 0.077877
3 0.718753 0.562788 0.047646 0.086944
1 0.778929 0.437250 0.042817 0.067821
5 0.803585 0.377776 0.047348 0.112087
