7 0.254567 0.622622 0.046495 0.076495
11 0.189261 0.419220 0.050658 0.118022
6 0.379507 0.710012 0.043776 0.070136
2 0.335111 0.598257 0.050228 0.082824
8 0.319681 0.550076 0.047345 0.078604
9 0.296389 0.504592 0.045079 0.086392
6 0.260522 0.432695 0.036746 0.061111
6 0.433290 0.639618 0.041607 0.067636
6 0.305299 0.382586 0.035149 0.059180
6 0.477756 0.577621 0.039302 0.064468
6 0.458467 0.529005 0.037345 0.061978
0 0.434570 0.486220 0.037877 0.061243
6 0.414812 0.444987 0.035813 0.060311
9 0.553681 0.548905 0.044960 0.088287
0 0.528500 0.513322 0.039223 0.062867
0 0.437943 0.359641 0.035311 0.057834
0 0.655157 0.592897 0.039686 0.064226
0 0.518785 0.387521 0.036108 0.058317
0 0.752168 0.625202 0.041220 0.066336
0 0.606817 0.412085 0.036108 0.059673
1 0.824502 0.608097 0.047530 0.075169
3 0.755852 0.508292 0.045916 0.085222
1 0.669497 0.397993 0.040542 0.066104
5 0.648095 0.339764 0.049114 0.112503
