7 0.459401 0.297851 0.041700 0.067024
11 0.521868 0.259284 0.046819 0.116987
6 0.155443 0.408618 0.039061 0.064385
2 0.298560 0.369362 0.044864 0.081673
8 0.368065 0.355010 0.041892 0.079372
9 0.429856 0.336911 0.041412 0.083876
6 0.552837 0.316301 0.036680 0.060513
6 0.254633 0.428509 0.039742 0.064835
6 0.647632 0.330021 0.036534 0.060314
6 0.349400 0.444630 0.039461 0.065344
6 0.423945 0.429317 0.037414 0.064104
0 0.490787 0.410997 0.038611 0.064573
6 0.556938 0.395572 0.036905 0.063029
9 0.384681 0.476892 0.046359 0.090185
0 0.457710 0.468641 0.040142 0.066369
0 0.719884 0.398241 0.038022 0.063029
0 0.690527 0.451485 0.039540 0.065185
0 0.298793 0.616412 0.043776 0.073571
0 0.378838 0.593127 0.043938 0.070777
0 0.665764 0.510359 0.041620 0.067583
1 0.330432 0.663231 0.054256 0.085794
3 0.491267 0.605810 0.052533 0.100271
1 0.705906 0.549552 0.048089 0.079964
5 0.779980 0.506842 0.058942 0.135000
