7 0.463274 0.276756 0.028181 0.050093
8 0.505270 0.287386 0.028919 0.057358
9 0.548251 0.300172 0.030357 0.060443
10 0.592487 0.308957 0.036349 0.075969
11 0.639044 0.317720 0.036138 0.090969
9 0.689205 0.344054 0.033019 0.063307
8 0.738626 0.361809 0.032821 0.060979
7 0.795817 0.382650 0.037282 0.054454
6 0.436518 0.304122 0.025575 0.044435
6 0.479218 0.319172 0.025764 0.044401
6 0.523819 0.334296 0.026184 0.045212
6 0.614454 0.366243 0.028294 0.045403
6 0.664625 0.381442 0.028515 0.046931
6 0.717290 0.400316 0.029891 0.047391
6 0.771639 0.416346 0.030665 0.048360
6 0.514737 0.409170 0.028237 0.047487
0 0.440316 0.423848 0.029620 0.047450
0 0.488390 0.444600 0.031058 0.048697
0 0.281440 0.455040 0.031088 0.048929
0 0.329568 0.475344 0.032285 0.049061
0 0.478947 0.539263 0.032880 0.051667
0 0.532629 0.563371 0.034028 0.051954
0 0.587414 0.587768 0.035086 0.053585
0 0.651017 0.614514 0.036333 0.053968
1 0.239256 0.488082 0.042606 0.058247
2 0.288406 0.506470 0.041905 0.067583
3 0.340703 0.528006 0.038826 0.069021
4 0.391650 0.541948 0.047163 0.085985
5 0.446134 0.565997 0.047970 0.099044
3 0.498466 0.603297 0.040582 0.071574
2 0.560756 0.628874 0.041220 0.073621
1 0.621614 0.661596 0.042421 0.066141
