7 0.378411 0.292642 0.032153 0.054054
8 0.429284 0.297009 0.031154 0.061379
9 0.479416 0.303228 0.032219 0.064907
10 0.530217 0.304906 0.037226 0.081002
11 0.584249 0.306197 0.037288 0.097586
7 0.754702 0.348661 0.037811 0.056720
6 0.358821 0.323437 0.028059 0.048079
6 0.410815 0.332520 0.028237 0.048208
6 0.463952 0.340895 0.027738 0.048356
9 0.571772 0.351222 0.033948 0.067821
6 0.626004 0.366197 0.029401 0.049815
6 0.684823 0.376445 0.031121 0.051204
6 0.744392 0.383603 0.030952 0.051260
6 0.560055 0.392844 0.029071 0.050926
8 0.615349 0.394072 0.035870 0.067900
6 0.481801 0.415810 0.031088 0.052526
0 0.405805 0.443317 0.032113 0.052817
0 0.465719 0.456209 0.033839 0.053489
2 0.573948 0.514745 0.040820 0.075172
0 0.639638 0.533090 0.035565 0.056749
0 0.234521 0.504699 0.036614 0.055985
0 0.298528 0.517283 0.036680 0.055453
0 0.488897 0.555329 0.038727 0.057900
0 0.556624 0.569563 0.037288 0.058188
3 0.622932 0.577159 0.043614 0.081098
0 0.699770 0.598757 0.039540 0.059914
1 0.197320 0.548433 0.050724 0.067262
2 0.264550 0.557970 0.047050 0.078684
3 0.333001 0.570352 0.045149 0.080043
4 0.399109 0.573798 0.053489 0.099044
5 0.470349 0.587487 0.053145 0.113538
1 0.689706 0.653201 0.046733 0.074372
