7 0.795605 0.365969 0.036587 0.059352
10 0.727098 0.452482 0.046472 0.092603
7 0.674790 0.540554 0.042259 0.066782
6 0.739854 0.355190 0.031495 0.052424
9 0.716529 0.376784 0.037146 0.071577
8 0.661625 0.446490 0.039223 0.066782
9 0.638826 0.478148 0.040503 0.076290
6 0.613611 0.523203 0.034339 0.057530
6 0.580071 0.565858 0.038277 0.060513
11 0.552345 0.582727 0.050661 0.115678
6 0.660387 0.370575 0.031012 0.051925
6 0.577755 0.469990 0.032890 0.054643
6 0.487445 0.588666 0.036412 0.058846
6 0.585537 0.386154 0.031154 0.050728
8 0.552030 0.411903 0.036614 0.066703
0 0.523978 0.450473 0.033618 0.055185
2 0.525187 0.363808 0.034752 0.065638
0 0.497184 0.400911 0.032219 0.053786
4 0.402442 0.489153 0.047259 0.095873
0 0.365403 0.541854 0.036415 0.058515
2 0.382482 0.446587 0.039342 0.069365
0 0.350412 0.486558 0.034349 0.056058
0 0.482467 0.290359 0.028737 0.048872
0 0.454646 0.317374 0.029570 0.049762
0 0.330255 0.435215 0.033016 0.054385
3 0.293824 0.459413 0.039302 0.074964
1 0.434833 0.275033 0.033396 0.054530
3 0.376316 0.322497 0.035549 0.068459
1 0.278667 0.415933 0.038545 0.061045
5 0.235947 0.428522 0.049349 0.108360
