7 0.785432 0.737808 0.059355 0.053604
8 0.697224 0.734127 0.049005 0.063267
9 0.615146 0.739907 0.049081 0.052050
10 0.535198 0.736161 0.056845 0.065569
7 0.371829 0.740934 0.052077 0.052087
11 0.281452 0.739246 0.074544 0.066376
6 0.774686 0.657855 0.045694 0.044256
6 0.690577 0.657006 0.041538 0.043337
6 0.609960 0.658156 0.040073 0.043535
9 0.450582 0.656184 0.046687 0.053393
6 0.375746 0.660898 0.040658 0.044177
6 0.292510 0.660499 0.045602 0.043135
6 0.211019 0.665341 0.048009 0.042738
6 0.448312 0.578776 0.037669 0.043657
8 0.375418 0.576190 0.045294 0.063505
6 0.529464 0.505046 0.038075 0.044802
0 0.599415 0.435111 0.038823 0.051187
0 0.524355 0.433480 0.039206 0.051379
2 0.380369 0.366209 0.042503 0.068859
0 0.310179 0.374907 0.038664 0.050886
0 0.733613 0.304539 0.039276 0.052325
0 0.660055 0.306536 0.037411 0.051392
4 0.595124 0.290415 0.050612 0.086849
0 0.452090 0.309291 0.036825 0.051683
0 0.383070 0.309451 0.037146 0.051845
3 0.314193 0.303679 0.045437 0.065665
0 0.239800 0.310557 0.042874 0.051723
1 0.731725 0.239481 0.049560 0.063651
2 0.657039 0.236690 0.041121 0.071032
3 0.587687 0.240913 0.042576 0.068380
5 0.448907 0.228955 0.049144 0.098697
1 0.240840 0.245162 0.049206 0.063188
