7 0.342452 0.660162 0.052530 0.083492
8 0.308449 0.604555 0.052341 0.087424
9 0.279511 0.551313 0.048122 0.088671
10 0.249985 0.500898 0.059633 0.107808
11 0.227191 0.451194 0.061425 0.118366
9 0.201888 0.431665 0.042659 0.080685
7 0.161614 0.373318 0.044537 0.062312
6 0.420114 0.633770 0.043297 0.068618
6 0.385068 0.580638 0.040341 0.066303
6 0.352009 0.535775 0.039474 0.063972
6 0.271592 0.421503 0.035149 0.057834
6 0.248930 0.388242 0.032894 0.056518
6 0.225446 0.359502 0.032897 0.054144
6 0.359572 0.432533 0.034150 0.056786
8 0.331245 0.396556 0.042946 0.072087
6 0.451885 0.449071 0.034729 0.058360
0 0.542255 0.463738 0.036270 0.060314
0 0.508666 0.426672 0.035069 0.058396
2 0.497141 0.344757 0.035751 0.068099
0 0.467872 0.325445 0.030843 0.051868
0 0.741058 0.498542 0.039398 0.062500
0 0.693464 0.459478 0.037768 0.059147
0 0.579651 0.363419 0.031286 0.054054
0 0.547865 0.336093 0.031088 0.053323
0 0.489535 0.286721 0.029011 0.049977
1 0.800159 0.473945 0.048505 0.069881
2 0.751825 0.431996 0.046012 0.075539
3 0.705284 0.395570 0.040549 0.078317
4 0.664593 0.359795 0.046012 0.092791
5 0.629658 0.321128 0.044633 0.108247
3 0.598735 0.310994 0.035308 0.072536
1 0.536136 0.270972 0.032173 0.054696
