7 0.353484 0.706465 0.042259 0.063347
9 0.290266 0.605771 0.040255 0.067500
10 0.260574 0.555253 0.049117 0.085929
7 0.209185 0.483791 0.040341 0.058185
11 0.181705 0.430222 0.049560 0.090589
6 0.414446 0.679173 0.035949 0.051726
8 0.321959 0.531860 0.038211 0.063641
9 0.291892 0.493414 0.036905 0.066062
6 0.264585 0.463029 0.030069 0.048373
6 0.239702 0.425185 0.030516 0.048042
6 0.213770 0.391662 0.029901 0.047265
6 0.438702 0.600615 0.034216 0.050728
6 0.406850 0.558183 0.032007 0.049487
6 0.346088 0.473358 0.030622 0.047265
8 0.317336 0.434769 0.037417 0.062176
2 0.513085 0.497121 0.036746 0.063442
0 0.479444 0.464200 0.031488 0.049061
0 0.447644 0.430615 0.029957 0.048327
2 0.465527 0.370198 0.032887 0.060238
0 0.436639 0.345423 0.028522 0.046230
0 0.681572 0.536055 0.033231 0.049927
0 0.642269 0.495227 0.032176 0.047933
4 0.612763 0.445681 0.042021 0.079411
0 0.511840 0.356579 0.028800 0.046551
3 0.485615 0.319919 0.032216 0.061908
0 0.454947 0.296278 0.027566 0.045215
1 0.732356 0.509512 0.039382 0.057437
3 0.654079 0.428608 0.035883 0.063307
1 0.556949 0.335190 0.031954 0.052312
5 0.529937 0.288360 0.037771 0.087136
