2 0.359944 0.368151 0.038975 0.073333
7 0.407045 0.348849 0.040420 0.063426
11 0.453013 0.302065 0.045000 0.110294
6 0.199162 0.507988 0.037940 0.063707
8 0.364836 0.417368 0.040645 0.074868
9 0.409769 0.389294 0.039940 0.079005
6 0.500245 0.349064 0.033948 0.056958
9 0.250713 0.527902 0.044573 0.085896
6 0.304764 0.505999 0.038211 0.063776
6 0.461076 0.420675 0.033952 0.057593
6 0.589896 0.344980 0.033085 0.056316
6 0.402603 0.501399 0.038075 0.063175
8 0.460124 0.465354 0.041901 0.079563
0 0.506683 0.444367 0.036025 0.060870
6 0.554256 0.418279 0.034550 0.058647
2 0.463171 0.524972 0.044286 0.081002
0 0.512955 0.501162 0.037867 0.062629
0 0.691835 0.391086 0.035747 0.057781
0 0.698358 0.442340 0.035949 0.059580
0 0.465346 0.663019 0.041987 0.069213
0 0.520995 0.625298 0.040747 0.066620
0 0.712588 0.497085 0.037675 0.061829
3 0.756427 0.460438 0.043231 0.085122
1 0.525144 0.696111 0.050327 0.079947
3 0.631991 0.611802 0.048889 0.092890
1 0.770329 0.522219 0.044401 0.072229
5 0.819210 0.470827 0.051905 0.122579
