7 0.161640 0.420564 0.040873 0.064573
10 0.336581 0.351931 0.042573 0.090205
7 0.441498 0.329692 0.036825 0.059835
11 0.493203 0.292437 0.041068 0.101574
6 0.188872 0.458801 0.034947 0.056974
9 0.251359 0.429714 0.039544 0.074931
8 0.372579 0.392173 0.037546 0.070298
9 0.423963 0.371265 0.038185 0.073171
6 0.473439 0.360557 0.030886 0.052192
6 0.526892 0.342449 0.030952 0.053032
6 0.282774 0.472715 0.034669 0.057692
6 0.340251 0.451136 0.033062 0.056028
6 0.460000 0.409750 0.032229 0.053866
6 0.610764 0.350971 0.031786 0.052867
8 0.436098 0.455136 0.038922 0.074577
0 0.490951 0.440521 0.034011 0.057120
2 0.412774 0.517717 0.041779 0.076610
0 0.472183 0.500433 0.035747 0.058313
4 0.527973 0.463228 0.045053 0.094134
0 0.686576 0.413527 0.033952 0.054851
2 0.621906 0.483656 0.040645 0.074772
0 0.672229 0.467282 0.034815 0.056786
0 0.356366 0.663527 0.040661 0.065427
0 0.424826 0.633171 0.039864 0.062546
0 0.662510 0.527994 0.036680 0.058515
3 0.715992 0.497624 0.042659 0.080043
1 0.394769 0.710828 0.049689 0.076928
3 0.530570 0.640339 0.046683 0.087232
1 0.706867 0.564689 0.044415 0.070377
5 0.767500 0.521915 0.055079 0.114709
