7 0.536113 0.325850 0.041379 0.069418
7 0.608456 0.328340 0.044067 0.070489
11 0.682639 0.305379 0.051349 0.123132
6 0.244074 0.362541 0.038981 0.063271
9 0.318563 0.355901 0.043423 0.085122
8 0.468786 0.363676 0.043519 0.082153
9 0.539940 0.361536 0.044517 0.085354
6 0.686477 0.373957 0.038343 0.063509
6 0.311240 0.408107 0.039623 0.065506
6 0.543151 0.415071 0.037480 0.064170
6 0.770441 0.416281 0.040142 0.064772
6 0.379623 0.451811 0.040476 0.066703
8 0.461592 0.448720 0.046015 0.087427
0 0.539195 0.457811 0.041604 0.066911
6 0.617728 0.460858 0.039610 0.067371
2 0.375885 0.499773 0.048198 0.090645
0 0.458628 0.509765 0.043406 0.068168
2 0.538861 0.502847 0.047642 0.090397
0 0.783519 0.515830 0.042817 0.068380
0 0.705675 0.566174 0.044974 0.070377
0 0.186650 0.615779 0.047546 0.074673
0 0.277526 0.617168 0.047546 0.073046
0 0.625238 0.624258 0.046733 0.072854
3 0.710122 0.617821 0.054180 0.101574
1 0.167859 0.675820 0.059699 0.088347
3 0.357052 0.670850 0.056710 0.103181
1 0.627341 0.683515 0.053492 0.089530
5 0.722538 0.666682 0.066591 0.146300
