7 0.603375 0.677426 0.039878 0.062596
8 0.542920 0.643333 0.039782 0.069339
9 0.486070 0.615203 0.039302 0.067774
10 0.434036 0.581086 0.046491 0.085989
11 0.381267 0.550074 0.045668 0.089726
9 0.328826 0.537373 0.036991 0.064322
8 0.281235 0.512383 0.041134 0.064739
7 0.232798 0.493500 0.042275 0.056174
6 0.635554 0.633340 0.035658 0.051091
6 0.575842 0.603181 0.033118 0.050205
6 0.519969 0.576926 0.032192 0.049527
6 0.468095 0.550901 0.031177 0.048872
6 0.418886 0.525856 0.031078 0.047196
6 0.368938 0.503476 0.030423 0.046534
6 0.321612 0.480107 0.030579 0.047067
6 0.275147 0.459878 0.030698 0.046693
0 0.761391 0.431824 0.030923 0.047900
0 0.706847 0.411875 0.030155 0.045933
0 0.657652 0.391872 0.028426 0.045999
0 0.610589 0.374562 0.028161 0.045334
0 0.563495 0.357189 0.027176 0.044669
0 0.519519 0.339848 0.027093 0.044735
0 0.478280 0.323404 0.026495 0.044071
0 0.434909 0.306930 0.026161 0.043469
1 0.786470 0.396624 0.038767 0.053948
2 0.731533 0.373532 0.034415 0.060582
3 0.681174 0.355003 0.032288 0.061111
4 0.633523 0.333674 0.037483 0.074868
5 0.587464 0.307983 0.036812 0.087712
3 0.546364 0.303717 0.030116 0.060073
2 0.501708 0.289917 0.029825 0.057183
1 0.461523 0.278444 0.028793 0.048872
