7 0.659940 0.332745 0.041462 0.068221
6 0.539211 0.282890 0.035281 0.060245
8 0.620129 0.382599 0.043022 0.079716
9 0.653753 0.416141 0.045734 0.090205
11 0.689615 0.438188 0.056882 0.132103
6 0.722760 0.510346 0.042510 0.069507
6 0.501379 0.328080 0.036667 0.062788
6 0.692133 0.573826 0.042817 0.072136
6 0.466174 0.373669 0.038902 0.064626
2 0.485650 0.407781 0.049653 0.079755
0 0.516510 0.452138 0.040341 0.067569
6 0.544555 0.495747 0.041220 0.067421
0 0.416415 0.428079 0.040542 0.065972
0 0.532693 0.607265 0.045215 0.073095
0 0.295365 0.365137 0.038145 0.063773
0 0.427512 0.574721 0.044335 0.071577
0 0.210289 0.342670 0.038409 0.063442
0 0.320364 0.545977 0.043856 0.070936
1 0.137965 0.350736 0.046015 0.073046
3 0.176233 0.420999 0.049577 0.092487
5 0.237426 0.534375 0.063211 0.141329
