7 0.533150 0.654357 0.043456 0.071657
10 0.380615 0.543912 0.048122 0.098254
7 0.290111 0.499238 0.040182 0.063985
11 0.245056 0.452194 0.048082 0.105830
6 0.581562 0.621037 0.037946 0.060446
9 0.527125 0.578386 0.042179 0.080761
8 0.428421 0.515895 0.039382 0.073733
9 0.381438 0.487642 0.039398 0.074484
6 0.337404 0.472531 0.032619 0.054593
6 0.295146 0.445195 0.033016 0.053922
6 0.572803 0.553186 0.034950 0.057973
6 0.523790 0.524916 0.033452 0.055698
6 0.426233 0.466063 0.032176 0.052589
8 0.382508 0.436559 0.036472 0.068886
6 0.296655 0.395030 0.032120 0.051541
2 0.607770 0.453027 0.038264 0.070777
0 0.558634 0.434258 0.033485 0.054454
0 0.512703 0.412722 0.031088 0.052791
0 0.386835 0.343919 0.030344 0.050040
2 0.507599 0.359469 0.034815 0.065704
0 0.465847 0.345400 0.030066 0.049980
0 0.784421 0.457937 0.033618 0.054921
0 0.730369 0.432406 0.033356 0.052854
4 0.686075 0.393433 0.042275 0.087136
0 0.546194 0.342791 0.030291 0.049993
3 0.507672 0.314734 0.033816 0.066835
1 0.822102 0.427970 0.039408 0.061243
3 0.717793 0.374415 0.037146 0.070298
1 0.583429 0.318125 0.033340 0.054808
5 0.543533 0.278105 0.039686 0.095708
