7 0.337937 0.560053 0.048571 0.078208
6 0.501763 0.612846 0.044001 0.070744
11 0.328598 0.428619 0.052731 0.122854
3 0.257971 0.379484 0.042563 0.081290
6 0.515585 0.535496 0.040675 0.066971
6 0.276880 0.341931 0.035149 0.057050
6 0.405671 0.373664 0.034081 0.057183
8 0.421614 0.320633 0.036812 0.068542
0 0.387973 0.301953 0.031898 0.054309
0 0.687173 0.449807 0.037308 0.061511
0 0.469686 0.311078 0.032341 0.054590
0 0.784231 0.458074 0.038747 0.062708
0 0.555050 0.315891 0.032454 0.055248
1 0.836389 0.430516 0.047288 0.070298
5 0.601255 0.272045 0.043714 0.107900
