7 0.376683 0.224054 0.045245 0.071224
6 0.221746 0.296820 0.043618 0.059355
8 0.462469 0.295514 0.045215 0.077735
9 0.537657 0.294289 0.046809 0.074888
11 0.616353 0.277647 0.057976 0.107946
6 0.690903 0.297841 0.041739 0.057983
6 0.300359 0.366862 0.042140 0.057784
6 0.781131 0.360784 0.045999 0.057116
2 0.461895 0.432217 0.048889 0.081577
0 0.543271 0.435908 0.042004 0.057318
6 0.624046 0.437285 0.041009 0.057050
6 0.460370 0.518451 0.043810 0.053872
0 0.798120 0.512369 0.049461 0.053191
0 0.288502 0.602133 0.045066 0.052857
0 0.718277 0.588199 0.045668 0.052788
0 0.196037 0.683819 0.049461 0.053386
3 0.282938 0.683619 0.056941 0.063727
0 0.640476 0.675493 0.045866 0.052057
1 0.182368 0.773464 0.068882 0.067364
5 0.652178 0.760842 0.071558 0.083819
