7 0.810355 0.479590 0.046333 0.063373
8 0.757872 0.499423 0.044765 0.074864
9 0.703266 0.522181 0.042477 0.078032
10 0.648061 0.540114 0.052457 0.096353
11 0.586840 0.560117 0.050155 0.110314
9 0.527445 0.605243 0.044573 0.080202
8 0.462996 0.633854 0.044749 0.080638
7 0.393257 0.672750 0.048313 0.073237
6 0.764403 0.446678 0.034216 0.053323
6 0.711913 0.467636 0.033952 0.053843
6 0.660124 0.491235 0.033151 0.054560
6 0.491134 0.563700 0.035880 0.058181
6 0.425509 0.591508 0.039140 0.058049
6 0.360944 0.622037 0.038608 0.059193
6 0.508474 0.497464 0.033118 0.054365
6 0.534015 0.436723 0.032011 0.051872
0 0.553163 0.385117 0.030823 0.051452
0 0.499775 0.402958 0.031753 0.052252
2 0.365610 0.405289 0.036987 0.068059
0 0.584175 0.299578 0.028628 0.047431
0 0.537880 0.315749 0.028459 0.047821
0 0.393929 0.363517 0.030291 0.050453
0 0.341271 0.380561 0.031756 0.051524
0 0.287983 0.397503 0.031687 0.051991
0 0.228137 0.417708 0.033548 0.052989
1 0.555341 0.272675 0.031786 0.052698
2 0.510056 0.283347 0.031488 0.060913
3 0.463963 0.296774 0.032993 0.065585
4 0.418686 0.306657 0.038264 0.081402
5 0.365417 0.312756 0.040159 0.098925
3 0.316065 0.341574 0.035615 0.068036
1 0.203950 0.382770 0.041696 0.059673
