7 0.523396 0.256951 0.030013 0.052811
8 0.558542 0.275704 0.031634 0.061448
9 0.595881 0.296637 0.032913 0.066303
10 0.635007 0.314681 0.040741 0.083396
11 0.677235 0.333373 0.044193 0.101515
9 0.723848 0.372986 0.038185 0.070384
8 0.772082 0.403884 0.042417 0.067669
7 0.825959 0.440068 0.046865 0.061577
6 0.483857 0.278170 0.027120 0.047543
6 0.518859 0.301442 0.027573 0.048763
6 0.556620 0.326229 0.027956 0.048872
6 0.680579 0.406090 0.032229 0.051815
6 0.728684 0.438786 0.034167 0.053697
6 0.781777 0.470157 0.035883 0.054521
6 0.595580 0.405984 0.031220 0.051524
6 0.507141 0.398140 0.030400 0.052034
0 0.425050 0.394759 0.032672 0.051687
0 0.462316 0.426672 0.034031 0.053204
0 0.256576 0.389463 0.032510 0.052404
0 0.290992 0.419692 0.034220 0.052923
0 0.402340 0.519401 0.037226 0.056799
0 0.444158 0.557824 0.037946 0.057917
0 0.487776 0.598686 0.039223 0.059593
0 0.539980 0.644699 0.040741 0.061190
1 0.199448 0.411478 0.046012 0.062308
2 0.230742 0.440542 0.046491 0.070456
3 0.268871 0.471807 0.043231 0.075632
4 0.305865 0.497945 0.053145 0.095248
5 0.343929 0.534408 0.056045 0.111673
3 0.383624 0.588565 0.045437 0.080139
2 0.433032 0.633917 0.046687 0.080810
1 0.481267 0.685637 0.049048 0.075420
