6 0.765167 0.443416 0.034018 0.055053
11 0.541010 0.497723 0.049970 0.112364
6 0.673262 0.425848 0.033416 0.054521
6 0.314271 0.547804 0.038343 0.058313
6 0.415782 0.460539 0.033231 0.055364
0 0.266528 0.459127 0.035880 0.056852
0 0.575737 0.328408 0.029511 0.049983
8 0.419082 0.370597 0.036809 0.068059
0 0.308094 0.408580 0.033482 0.054322
0 0.594643 0.290352 0.028492 0.048727
7 0.449435 0.326048 0.034616 0.056184
0 0.340919 0.359765 0.031951 0.052057
1 0.567951 0.262004 0.033085 0.053856
5 0.317037 0.306324 0.041190 0.102034
