7 0.615332 0.240438 0.037305 0.062708
10 0.690312 0.337771 0.049924 0.098122
7 0.746806 0.436114 0.045615 0.070218
11 0.780840 0.462717 0.060324 0.120784
6 0.558295 0.253127 0.034137 0.056452
9 0.578922 0.280045 0.038743 0.076849
8 0.623142 0.362487 0.041124 0.074769
9 0.651754 0.401004 0.043330 0.082153
6 0.680205 0.452273 0.038075 0.061035
6 0.709496 0.503209 0.039878 0.063376
6 0.518056 0.299653 0.033485 0.056647
6 0.585549 0.424352 0.037011 0.061111
6 0.674927 0.572849 0.040807 0.065837
6 0.480556 0.347576 0.035880 0.059114
8 0.496186 0.385572 0.042417 0.073333
0 0.519258 0.433829 0.038264 0.062626
2 0.407047 0.356042 0.042579 0.073254
0 0.427998 0.404081 0.037788 0.060635
4 0.497288 0.531820 0.053948 0.109626
0 0.519286 0.604486 0.042851 0.066716
2 0.399347 0.508216 0.047642 0.079468
0 0.422353 0.564016 0.042186 0.065585
0 0.246295 0.306179 0.035182 0.058476
0 0.261152 0.346536 0.036908 0.059818
0 0.323900 0.528442 0.041220 0.065106
3 0.338532 0.572345 0.050423 0.090205
1 0.177581 0.312657 0.041994 0.067834
3 0.203254 0.390470 0.045820 0.084167
1 0.244772 0.539964 0.049464 0.077169
5 0.254858 0.578333 0.061786 0.130198
