7 0.566951 0.652523 0.050152 0.080985
11 0.245939 0.561566 0.057837 0.132933
6 0.746396 0.630863 0.043737 0.069431
2 0.582907 0.589200 0.049233 0.091336
8 0.503757 0.570934 0.047738 0.090493
9 0.427187 0.557897 0.047278 0.092255
6 0.278198 0.539714 0.042275 0.066815
6 0.681539 0.564294 0.042278 0.067047
6 0.228943 0.482230 0.040261 0.063826
6 0.623434 0.507477 0.039878 0.063505
6 0.547424 0.488963 0.037745 0.063442
0 0.474059 0.475944 0.040182 0.064229
6 0.402811 0.461541 0.038347 0.063829
9 0.640053 0.445546 0.044749 0.089610
0 0.566245 0.443072 0.039223 0.064464
0 0.288578 0.394039 0.038585 0.062550
0 0.380483 0.372272 0.037388 0.061349
0 0.811999 0.403115 0.038409 0.062044
0 0.738639 0.391399 0.038013 0.060714
0 0.467956 0.345813 0.036746 0.060470
1 0.825899 0.361981 0.043856 0.069649
3 0.684302 0.332426 0.043042 0.082345
1 0.487490 0.307055 0.041700 0.067503
5 0.423967 0.271756 0.049005 0.116872
