7 0.162889 0.392593 0.042179 0.063988
10 0.382963 0.303945 0.040549 0.088862
7 0.428775 0.298973 0.034759 0.058317
6 0.194998 0.424077 0.035149 0.058115
9 0.254643 0.393229 0.039398 0.077166
8 0.369380 0.355139 0.037140 0.070033
9 0.417232 0.333267 0.037388 0.073525
6 0.463213 0.323310 0.030010 0.052421
6 0.513022 0.305038 0.030423 0.052655
11 0.554793 0.264876 0.041412 0.102953
6 0.290043 0.429944 0.034782 0.058803
6 0.456627 0.365582 0.031673 0.054530
6 0.595670 0.307222 0.030513 0.052593
6 0.379124 0.432979 0.034947 0.059048
8 0.439952 0.404167 0.039878 0.074101
0 0.491194 0.389438 0.033631 0.057037
4 0.632531 0.314213 0.041710 0.089914
2 0.425708 0.458970 0.041462 0.076849
0 0.480569 0.441323 0.035390 0.058876
0 0.677336 0.354845 0.033284 0.055053
2 0.625274 0.417244 0.039411 0.073694
0 0.670713 0.400946 0.034018 0.056052
0 0.388039 0.588477 0.039702 0.065744
0 0.451867 0.557882 0.039064 0.063667
0 0.669646 0.452870 0.035880 0.058981
3 0.718824 0.421529 0.041379 0.081319
1 0.432399 0.625837 0.049560 0.078128
3 0.557890 0.553990 0.046204 0.089534
1 0.717750 0.480260 0.041386 0.069342
5 0.772249 0.434441 0.049557 0.118022
