7 0.651065 0.595513 0.048313 0.078221
11 0.319679 0.583462 0.058128 0.140966
6 0.780420 0.546885 0.039676 0.067037
8 0.546278 0.547245 0.046128 0.087884
9 0.471212 0.550084 0.047834 0.094997
6 0.313758 0.569988 0.042192 0.069679
6 0.685179 0.511896 0.039544 0.065103
6 0.226774 0.535825 0.041425 0.067285
6 0.599821 0.481453 0.038413 0.062774
2 0.522968 0.471414 0.043905 0.083112
0 0.450612 0.484370 0.038545 0.063839
6 0.376627 0.486845 0.037877 0.064239
0 0.511237 0.444315 0.039742 0.063175
0 0.223199 0.455949 0.039144 0.064067
0 0.637113 0.407869 0.035668 0.059580
0 0.293457 0.424115 0.036829 0.062067
0 0.686602 0.377879 0.035215 0.058317
0 0.355448 0.390046 0.036346 0.060073
1 0.672340 0.347189 0.040982 0.063988
3 0.542379 0.344218 0.040837 0.080043
9 0.349028 0.351070 0.039782 0.081002
5 0.280775 0.333479 0.048449 0.118988
