6 0.440883 0.653150 0.043538 0.067979
11 0.304248 0.433975 0.052318 0.118161
6 0.471842 0.567303 0.040476 0.064441
6 0.276916 0.326329 0.033674 0.055642
6 0.396650 0.373985 0.034616 0.056720
8 0.423259 0.316356 0.038211 0.067235
0 0.394062 0.291108 0.032113 0.054735
0 0.664909 0.487670 0.039011 0.061253
3 0.542257 0.362517 0.040837 0.078796
0 0.474241 0.307730 0.033072 0.055215
0 0.764939 0.507227 0.040645 0.062788
7 0.639466 0.386050 0.040103 0.065823
0 0.560179 0.320529 0.033168 0.056078
1 0.826635 0.480539 0.051128 0.071495
5 0.612586 0.278302 0.045437 0.108938
