7 0.200364 0.483492 0.049530 0.065503
8 0.247788 0.439916 0.045853 0.070936
9 0.292644 0.401042 0.039878 0.072374
10 0.331007 0.359716 0.047642 0.089438
11 0.370613 0.319745 0.046472 0.101918
9 0.404301 0.301434 0.034031 0.068542
8 0.437641 0.276068 0.032913 0.063188
7 0.467816 0.251644 0.033085 0.055119
6 0.254611 0.513520 0.038185 0.058634
6 0.302822 0.470071 0.035215 0.055651
6 0.344694 0.430501 0.033952 0.055651
6 0.420197 0.361559 0.031068 0.052424
6 0.452338 0.328977 0.029689 0.050923
6 0.486194 0.298495 0.029755 0.050860
6 0.513340 0.269616 0.028459 0.049041
6 0.490250 0.436526 0.033006 0.054706
0 0.548418 0.458768 0.035374 0.056366
0 0.562798 0.660651 0.041124 0.063459
0 0.601189 0.604476 0.040261 0.060585
0 0.637472 0.555060 0.038251 0.059147
0 0.696425 0.465718 0.035562 0.056845
0 0.724512 0.426943 0.034606 0.055599
0 0.750443 0.390947 0.033360 0.054931
0 0.774983 0.355048 0.032976 0.054256
1 0.635298 0.695210 0.050324 0.076015
2 0.673024 0.632819 0.049236 0.077186
3 0.704597 0.575091 0.047050 0.081961
4 0.733566 0.518064 0.054064 0.098700
5 0.769008 0.467783 0.057745 0.111465
3 0.792513 0.441533 0.043955 0.078105
2 0.816357 0.404504 0.049712 0.068730
1 0.838793 0.371362 0.042976 0.062546
