7 0.668510 0.599234 0.054831 0.080427
6 0.787743 0.514646 0.045724 0.066144
11 0.475650 0.535491 0.059355 0.128515
6 0.301926 0.587925 0.046095 0.069177
6 0.682269 0.470810 0.040073 0.064438
6 0.202568 0.541488 0.045069 0.067302
6 0.361007 0.456973 0.040023 0.064706
3 0.497411 0.377770 0.044173 0.086194
8 0.271443 0.405974 0.045784 0.085698
0 0.195096 0.423356 0.041700 0.065569
0 0.613181 0.327965 0.034683 0.059646
0 0.267806 0.371402 0.038727 0.063075
0 0.655015 0.284854 0.033687 0.057784
0 0.328963 0.319540 0.037192 0.060966
1 0.637335 0.244955 0.041462 0.064626
5 0.318239 0.252105 0.048178 0.118991
