7 0.818591 0.422755 0.047354 0.068730
6 0.779894 0.337710 0.034616 0.056782
11 0.697007 0.468003 0.054795 0.126442
6 0.645179 0.597095 0.042659 0.068938
6 0.696143 0.358786 0.034282 0.058181
6 0.538725 0.632273 0.043694 0.069911
8 0.560045 0.450918 0.043330 0.076690
6 0.527487 0.500387 0.038743 0.062374
6 0.520177 0.397865 0.035228 0.059276
0 0.387688 0.576948 0.042738 0.068221
0 0.515081 0.316212 0.031624 0.054706
0 0.363963 0.507970 0.040341 0.064623
0 0.488647 0.276488 0.030899 0.053366
3 0.461720 0.295513 0.037784 0.075172
0 0.335767 0.446250 0.037811 0.061250
1 0.436424 0.261472 0.037212 0.059312
5 0.270435 0.403505 0.056458 0.120231
