7 0.821273 0.578818 0.048492 0.077007
4 0.516678 0.621351 0.057146 0.116617
7 0.440278 0.654975 0.052149 0.081386
11 0.353514 0.647867 0.060294 0.136660
6 0.788102 0.538054 0.040093 0.065744
9 0.715837 0.540230 0.046204 0.091068
8 0.564292 0.567437 0.046587 0.086944
9 0.491524 0.581768 0.048082 0.092603
6 0.334091 0.622498 0.040351 0.068542
6 0.685632 0.507715 0.039385 0.064226
6 0.465911 0.545628 0.039077 0.064306
6 0.235858 0.591195 0.042007 0.066835
6 0.594105 0.481520 0.037715 0.060632
8 0.519010 0.482422 0.043297 0.081723
0 0.448919 0.502480 0.039544 0.063108
6 0.375723 0.513881 0.038343 0.064243
2 0.564775 0.428686 0.041779 0.079964
0 0.497012 0.448639 0.037788 0.062470
2 0.428719 0.451966 0.043905 0.081577
0 0.212135 0.495408 0.040274 0.064640
0 0.274334 0.448439 0.038026 0.062149
0 0.646807 0.351875 0.034818 0.057050
0 0.583234 0.362262 0.034550 0.056918
0 0.327376 0.400789 0.036425 0.059831
3 0.262027 0.400124 0.042751 0.081577
1 0.624840 0.317941 0.039606 0.062642
3 0.500797 0.329600 0.039478 0.077328
1 0.313102 0.363456 0.038942 0.066171
5 0.243977 0.348300 0.048542 0.117103
