7 0.326539 0.642907 0.045724 0.069980
8 0.316042 0.594251 0.046091 0.071736
9 0.308358 0.545580 0.040559 0.074388
10 0.298634 0.499347 0.051190 0.092794
11 0.292312 0.456877 0.049808 0.100883
9 0.284044 0.437373 0.035853 0.068442
8 0.274843 0.409631 0.034706 0.059243
7 0.270435 0.383735 0.035870 0.053284
6 0.399048 0.632100 0.037626 0.060073
6 0.386872 0.583259 0.035351 0.057252
6 0.374196 0.541186 0.033710 0.055678
6 0.363332 0.502417 0.031716 0.052804
6 0.355225 0.467895 0.031224 0.051591
6 0.343299 0.435498 0.028846 0.049263
6 0.336480 0.404732 0.028958 0.048062
6 0.325579 0.377703 0.026204 0.046253
0 0.540962 0.465511 0.031554 0.051763
0 0.726124 0.558145 0.036111 0.056958
0 0.696607 0.516725 0.033948 0.053839
0 0.673399 0.479778 0.032593 0.052487
0 0.628034 0.415724 0.029157 0.049054
0 0.608942 0.387644 0.028836 0.048337
0 0.592647 0.361926 0.027880 0.046412
0 0.574312 0.336359 0.026680 0.045463
1 0.789747 0.543434 0.043138 0.064706
2 0.758717 0.499104 0.042817 0.068380
3 0.728710 0.459962 0.038545 0.071227
4 0.701336 0.422305 0.041700 0.083684
5 0.681511 0.383042 0.043042 0.097970
3 0.661622 0.369654 0.032821 0.065440
2 0.639534 0.346387 0.031620 0.057781
1 0.622498 0.326331 0.032120 0.050261
