7 0.831723 0.475921 0.046012 0.067662
10 0.659253 0.540471 0.051647 0.102265
7 0.535169 0.610766 0.047738 0.072854
11 0.466987 0.621786 0.055443 0.119749
6 0.785744 0.441271 0.036614 0.057583
9 0.730678 0.455595 0.042083 0.079563
8 0.610899 0.505190 0.042579 0.077808
9 0.554456 0.530989 0.045724 0.082632
6 0.495594 0.567369 0.037946 0.061379
6 0.427102 0.596233 0.040274 0.060913
6 0.361063 0.627442 0.039408 0.062708
6 0.688014 0.426634 0.034349 0.057116
6 0.635489 0.449129 0.034729 0.055863
6 0.511936 0.497817 0.035837 0.058525
8 0.455374 0.516533 0.043618 0.078284
2 0.555822 0.366971 0.039144 0.072758
0 0.500279 0.395959 0.035215 0.057183
0 0.447824 0.418261 0.034550 0.057851
0 0.258365 0.487493 0.038277 0.060179
2 0.352758 0.399504 0.039940 0.074451
0 0.295167 0.428948 0.036346 0.058234
0 0.591367 0.277449 0.031075 0.052404
0 0.540362 0.296293 0.031154 0.052884
4 0.489322 0.296410 0.043234 0.089150
0 0.323560 0.371682 0.035089 0.055585
3 0.265670 0.382695 0.040645 0.076402
1 0.559102 0.245964 0.035559 0.058747
3 0.456774 0.275542 0.036908 0.071177
1 0.295656 0.335398 0.038185 0.063429
5 0.232922 0.332988 0.047622 0.108819
