7 0.271475 0.664362 0.052884 0.082989
9 0.251877 0.547039 0.048198 0.088462
10 0.242604 0.491627 0.057517 0.108823
7 0.228305 0.420946 0.043138 0.067169
11 0.220944 0.360929 0.052569 0.113307
6 0.356574 0.654180 0.045053 0.071177
6 0.343869 0.594610 0.040675 0.066905
6 0.330041 0.543171 0.039944 0.065569
8 0.322903 0.487679 0.044815 0.075728
9 0.308876 0.442475 0.043022 0.083052
6 0.295878 0.414105 0.031690 0.058317
6 0.289504 0.376467 0.034616 0.057695
6 0.276939 0.342809 0.030757 0.055188
6 0.378657 0.439696 0.035079 0.058181
8 0.363140 0.398729 0.039223 0.071895
6 0.463135 0.472255 0.036415 0.061045
0 0.548271 0.503649 0.038677 0.063310
0 0.530012 0.458808 0.037080 0.060777
2 0.553133 0.369268 0.038813 0.070764
0 0.533738 0.342842 0.032688 0.054653
0 0.743995 0.578107 0.042817 0.066782
0 0.711601 0.526941 0.039861 0.062870
4 0.691349 0.466093 0.053836 0.102609
0 0.634729 0.402373 0.034669 0.058026
0 0.613492 0.367040 0.033214 0.056316
3 0.596546 0.326212 0.038581 0.075890
0 0.574517 0.302991 0.031455 0.053145
1 0.819828 0.562770 0.052242 0.075923
2 0.785443 0.508666 0.051283 0.079659
3 0.751152 0.460360 0.045056 0.083796
1 0.673299 0.355721 0.038264 0.062791
5 0.655608 0.301078 0.045668 0.108591
