7 0.649387 0.629162 0.040420 0.066782
9 0.519286 0.597555 0.039782 0.076882
10 0.458884 0.578604 0.045440 0.092791
7 0.340718 0.566731 0.038585 0.061432
11 0.281027 0.535928 0.049692 0.103185
6 0.666321 0.591028 0.034825 0.055655
8 0.479876 0.544097 0.036081 0.070033
9 0.421854 0.534172 0.036187 0.071815
6 0.368006 0.532601 0.031620 0.051703
6 0.312359 0.521000 0.032841 0.051703
6 0.256354 0.512273 0.028562 0.050427
6 0.618940 0.539828 0.032563 0.053254
6 0.561935 0.529476 0.030509 0.051703
6 0.443457 0.506200 0.029349 0.049762
8 0.391605 0.491625 0.035479 0.066769
6 0.593361 0.459451 0.029011 0.050205
0 0.539236 0.450341 0.030179 0.049649
0 0.488104 0.443347 0.029124 0.048929
2 0.454823 0.401921 0.031485 0.061045
0 0.406789 0.400980 0.028128 0.046379
0 0.730976 0.420676 0.029431 0.048595
0 0.674990 0.412854 0.029563 0.047196
4 0.626280 0.389769 0.036746 0.078446
2 0.571267 0.391477 0.031753 0.060711
0 0.474268 0.382007 0.027569 0.045767
3 0.429406 0.367257 0.030823 0.061776
0 0.380023 0.367419 0.026739 0.044382
1 0.743595 0.391053 0.032758 0.053681
3 0.636579 0.370466 0.031954 0.062910
1 0.491963 0.355243 0.030678 0.049640
5 0.445331 0.329135 0.037963 0.088297
