7 0.787632 0.624722 0.052447 0.073717
10 0.554332 0.652381 0.055628 0.104497
7 0.394428 0.691306 0.050423 0.075060
6 0.760461 0.569554 0.039606 0.060112
9 0.685248 0.572660 0.046204 0.081577
8 0.529841 0.592442 0.045899 0.082477
9 0.455671 0.608540 0.048313 0.081961
6 0.381673 0.629585 0.040099 0.061670
6 0.298889 0.642606 0.042897 0.061111
11 0.220278 0.637474 0.061429 0.111951
6 0.662328 0.523725 0.038386 0.058859
6 0.437378 0.556151 0.037612 0.059048
6 0.203570 0.596305 0.036809 0.058581
6 0.574542 0.484031 0.037007 0.056250
8 0.498462 0.482280 0.042897 0.077966
0 0.427216 0.501275 0.038664 0.058634
4 0.204191 0.519623 0.057285 0.098975
2 0.552450 0.417120 0.041938 0.078604
0 0.482455 0.436050 0.036987 0.059196
0 0.195990 0.476344 0.040261 0.059752
2 0.331533 0.402310 0.042417 0.077166
0 0.263614 0.420544 0.037784 0.058396
0 0.649616 0.319444 0.034881 0.056118
0 0.583879 0.329163 0.034550 0.055053
0 0.322591 0.363221 0.036505 0.057116
3 0.257110 0.362700 0.042275 0.076114
1 0.632879 0.274859 0.040261 0.063641
3 0.504975 0.286298 0.039593 0.074964
1 0.313649 0.314992 0.039011 0.064706
5 0.244413 0.301275 0.049236 0.109970
