2 0.682860 0.419396 0.039702 0.071974
7 0.735565 0.445694 0.041508 0.065377
11 0.792560 0.444702 0.048730 0.118022
6 0.451591 0.367474 0.032897 0.054478
8 0.591776 0.423947 0.038981 0.073733
9 0.642503 0.442050 0.039974 0.080331
6 0.749568 0.497184 0.038277 0.060856
6 0.453274 0.409704 0.033552 0.057755
6 0.769349 0.548694 0.039140 0.062791
6 0.456488 0.451186 0.035728 0.058747
6 0.503709 0.476429 0.034613 0.058512
0 0.555127 0.498810 0.036809 0.062024
6 0.606718 0.524392 0.037014 0.061243
9 0.406860 0.470243 0.040261 0.079567
0 0.456582 0.503651 0.037960 0.060774
0 0.673629 0.607956 0.040453 0.066429
0 0.568614 0.609585 0.040741 0.066624
0 0.215355 0.485519 0.035817 0.059907
0 0.263457 0.509327 0.036147 0.060909
0 0.461729 0.613613 0.039782 0.065665
1 0.159686 0.508039 0.043604 0.069497
3 0.254962 0.551802 0.047047 0.087540
1 0.406746 0.643100 0.047163 0.076306
5 0.460175 0.652467 0.058803 0.136839
