7 0.708947 0.605771 0.048793 0.074676
7 0.635754 0.632525 0.048796 0.074692
11 0.419383 0.706668 0.062450 0.123390
6 0.462019 0.632583 0.040837 0.063558
6 0.387583 0.663201 0.042083 0.064610
6 0.681520 0.489377 0.037867 0.058284
6 0.704861 0.426205 0.035278 0.055599
2 0.647728 0.434525 0.043710 0.074673
9 0.585855 0.457024 0.043515 0.077017
6 0.524980 0.485256 0.036521 0.057900
6 0.252756 0.574296 0.041412 0.060880
0 0.670908 0.386146 0.034124 0.055599
10 0.433710 0.444388 0.048095 0.099597
3 0.522386 0.376731 0.039408 0.075248
2 0.464481 0.396779 0.039061 0.073571
0 0.403530 0.422366 0.035069 0.056637
0 0.203125 0.483581 0.038902 0.060231
0 0.314203 0.401020 0.035628 0.056637
0 0.250656 0.420792 0.036187 0.057517
1 0.572262 0.283156 0.034947 0.059580
1 0.409664 0.327485 0.037278 0.061710
5 0.227014 0.356025 0.050661 0.111396
