7 0.778016 0.423261 0.042421 0.068221
7 0.774334 0.464983 0.044177 0.071415
11 0.776288 0.578669 0.060942 0.135665
6 0.694411 0.545896 0.040933 0.066620
6 0.691298 0.596458 0.043522 0.069583
6 0.687606 0.655561 0.044193 0.072569
6 0.642447 0.383910 0.035370 0.058476
10 0.613304 0.523113 0.055271 0.113773
6 0.584883 0.343985 0.033165 0.056270
2 0.574514 0.369203 0.042738 0.072136
9 0.567275 0.402611 0.042348 0.083264
6 0.559239 0.449625 0.036521 0.061829
0 0.524046 0.338328 0.032219 0.056452
2 0.421834 0.434803 0.043138 0.075823
0 0.407254 0.480615 0.038634 0.062599
0 0.317098 0.518423 0.040645 0.065761
0 0.299411 0.564732 0.041316 0.069021
0 0.274821 0.615491 0.044669 0.071227
1 0.337961 0.326682 0.037867 0.062232
1 0.282508 0.426946 0.043853 0.069507
3 0.259840 0.460025 0.045916 0.086564
5 0.217627 0.529458 0.059911 0.133624
