7 0.652106 0.316050 0.038413 0.064772
10 0.674354 0.337525 0.048449 0.101571
9 0.723494 0.425111 0.046359 0.088528
11 0.762869 0.453580 0.060724 0.126101
9 0.567308 0.285397 0.038505 0.077639
7 0.636128 0.401189 0.043776 0.069897
6 0.657351 0.444726 0.037467 0.063108
6 0.686470 0.491658 0.040261 0.065585
6 0.719901 0.546392 0.041620 0.067341
6 0.509501 0.305081 0.033505 0.056974
6 0.432483 0.278309 0.032454 0.056306
3 0.446729 0.302603 0.038247 0.080622
0 0.460713 0.347434 0.035188 0.060046
6 0.479562 0.384449 0.035453 0.060843
4 0.370532 0.269545 0.048082 0.095823
6 0.399148 0.355605 0.034018 0.058915
8 0.425898 0.430410 0.049448 0.078366
0 0.308985 0.297106 0.034266 0.057401
0 0.316916 0.332244 0.035658 0.059600
0 0.355957 0.453295 0.039686 0.063747
2 0.367298 0.493001 0.049272 0.083879
2 0.278340 0.458127 0.050423 0.079375
0 0.292354 0.511339 0.042275 0.067870
0 0.307932 0.563333 0.044289 0.069689
0 0.318717 0.622336 0.046878 0.072470
1 0.185127 0.383814 0.047768 0.070215
1 0.193580 0.424585 0.047834 0.072186
3 0.198604 0.466354 0.050040 0.091101
5 0.215599 0.551225 0.068327 0.138039
