7 0.233304 0.451460 0.042652 0.069018
10 0.270858 0.403353 0.050843 0.100939
9 0.346004 0.347889 0.041425 0.077761
11 0.371900 0.301356 0.045651 0.112407
9 0.258641 0.499254 0.045311 0.087483
7 0.365317 0.398337 0.042004 0.066303
6 0.399120 0.370223 0.033882 0.057318
6 0.428679 0.339401 0.033218 0.056653
6 0.459067 0.308846 0.031290 0.055053
6 0.322713 0.523274 0.039302 0.065377
6 0.347771 0.585432 0.041620 0.068621
6 0.458322 0.461933 0.036749 0.062391
3 0.420675 0.591210 0.049656 0.093750
0 0.492388 0.515136 0.039206 0.065569
0 0.493371 0.624473 0.042649 0.070618
0 0.618960 0.455934 0.037867 0.062629
2 0.647063 0.416663 0.042659 0.073413
2 0.687045 0.467492 0.044335 0.077808
0 0.709787 0.436402 0.038343 0.062070
0 0.731116 0.401612 0.035466 0.060394
0 0.754443 0.369418 0.036108 0.058955
1 0.707599 0.570718 0.048730 0.077646
1 0.732115 0.527014 0.046174 0.075569
3 0.760895 0.477766 0.046128 0.089382
5 0.800761 0.390329 0.051488 0.121749
