7 0.542247 0.683198 0.049130 0.080450
7 0.463236 0.657791 0.048330 0.077011
11 0.246164 0.576195 0.065033 0.124897
6 0.359354 0.568661 0.038185 0.062077
6 0.292244 0.551386 0.038185 0.061832
6 0.663069 0.595921 0.039537 0.063509
6 0.761081 0.566126 0.040582 0.061591
2 0.690397 0.536473 0.044385 0.080618
9 0.613914 0.519309 0.043786 0.080033
6 0.546973 0.510445 0.036214 0.058846
10 0.415974 0.463140 0.047556 0.097054
6 0.301630 0.446126 0.034815 0.055321
0 0.778474 0.518069 0.038727 0.061349
3 0.656835 0.436050 0.040933 0.078125
2 0.591938 0.423810 0.039114 0.073909
0 0.530762 0.416963 0.033416 0.055453
0 0.355484 0.377751 0.032087 0.054253
0 0.494648 0.369096 0.032153 0.054527
0 0.437932 0.358247 0.031353 0.053188
1 0.819608 0.397556 0.044468 0.063909
1 0.632042 0.357794 0.036544 0.060780
5 0.464215 0.303239 0.041756 0.102841
