7 0.817695 0.524785 0.051204 0.069577
8 0.760698 0.548839 0.051045 0.079484
9 0.692553 0.577541 0.047103 0.078958
10 0.630569 0.598087 0.059577 0.099415
11 0.560754 0.625227 0.056204 0.108747
7 0.334486 0.742755 0.053297 0.075919
6 0.713089 0.506410 0.037388 0.056366
6 0.649993 0.531946 0.038651 0.057517
6 0.588853 0.555126 0.038307 0.057169
6 0.457083 0.611553 0.039802 0.059349
6 0.385188 0.644046 0.041640 0.060850
6 0.303629 0.680223 0.043714 0.060737
6 0.486475 0.530508 0.037156 0.057173
8 0.424115 0.547679 0.043905 0.077262
6 0.691486 0.394129 0.034269 0.053442
9 0.600885 0.363441 0.039031 0.074474
0 0.545627 0.389998 0.033647 0.054831
0 0.487009 0.413340 0.034315 0.055694
0 0.396614 0.395559 0.034319 0.054259
2 0.335572 0.407373 0.040423 0.073092
0 0.590741 0.285526 0.030622 0.051726
0 0.539583 0.303267 0.031488 0.052189
3 0.429053 0.329446 0.037867 0.071974
0 0.314461 0.374373 0.034511 0.054640
0 0.252583 0.395850 0.035179 0.055397
0 0.185959 0.415455 0.038823 0.056280
1 0.563022 0.249585 0.034286 0.057649
2 0.512419 0.262232 0.034269 0.067421
4 0.406620 0.286076 0.040165 0.088575
5 0.350531 0.295400 0.045830 0.105185
3 0.290942 0.328287 0.038823 0.072216
1 0.161083 0.370751 0.047133 0.063419
