7 0.558748 0.370845 0.028290 0.047894
8 0.581822 0.390167 0.029821 0.055916
9 0.606705 0.413576 0.031260 0.062100
10 0.631961 0.433019 0.038135 0.079881
11 0.659773 0.454602 0.040526 0.095704
7 0.761553 0.574590 0.040182 0.062063
6 0.537927 0.405719 0.026362 0.044415
6 0.560572 0.432078 0.027401 0.046333
6 0.582422 0.458441 0.028118 0.047292
6 0.637341 0.518793 0.030754 0.051045
6 0.669375 0.553628 0.032354 0.053433
6 0.707599 0.594563 0.034828 0.054960
6 0.559215 0.502338 0.030116 0.050245
8 0.583780 0.528219 0.036508 0.065982
6 0.424879 0.401635 0.027014 0.044990
9 0.391675 0.430951 0.033231 0.064699
0 0.408864 0.466159 0.029620 0.048793
0 0.431486 0.496834 0.031154 0.050136
2 0.415468 0.579188 0.040837 0.070268
0 0.274036 0.436635 0.027609 0.047067
0 0.289279 0.464481 0.030099 0.048889
3 0.318143 0.519689 0.037226 0.072374
0 0.336729 0.563697 0.032976 0.053108
0 0.355038 0.601610 0.034891 0.056462
0 0.378955 0.643118 0.036905 0.058763
0 0.399805 0.691432 0.039306 0.061640
1 0.216728 0.445627 0.037278 0.053753
2 0.229993 0.472095 0.038942 0.060248
4 0.255688 0.526205 0.048697 0.088383
5 0.270489 0.556215 0.051766 0.107999
3 0.289988 0.611849 0.042371 0.076978
1 0.326721 0.713229 0.046782 0.074388
