7 0.491777 0.303388 0.039461 0.064706
10 0.554659 0.303249 0.048452 0.095466
9 0.685734 0.337599 0.042619 0.079107
11 0.756758 0.332984 0.053403 0.110479
9 0.406758 0.329550 0.039990 0.075767
6 0.670908 0.386653 0.035757 0.058955
6 0.741558 0.399354 0.037672 0.059626
6 0.816615 0.412727 0.037675 0.059335
6 0.389069 0.379383 0.036617 0.058370
6 0.296227 0.408183 0.038247 0.059626
3 0.363762 0.414339 0.042946 0.083208
6 0.503523 0.450456 0.037616 0.060622
7 0.409937 0.484188 0.043618 0.068938
0 0.246481 0.509135 0.041640 0.062232
0 0.537250 0.570954 0.040837 0.062232
2 0.615643 0.581032 0.046935 0.085470
2 0.518199 0.621052 0.048198 0.086964
0 0.596318 0.646116 0.043482 0.065222
0 0.676610 0.661243 0.043022 0.066257
0 0.757996 0.680395 0.044286 0.066835
1 0.259187 0.634039 0.049749 0.076782
1 0.414864 0.668176 0.049940 0.078032
3 0.496648 0.685384 0.050413 0.089438
5 0.658180 0.705928 0.061015 0.124924
