9 0.244405 0.540207 0.046058 0.081935
11 0.192135 0.494258 0.058356 0.116498
7 0.395291 0.579220 0.043796 0.071429
6 0.299099 0.515698 0.036015 0.058783
6 0.253998 0.485175 0.036614 0.059114
6 0.207201 0.453289 0.038079 0.056187
6 0.548287 0.616356 0.039669 0.064180
10 0.352186 0.465169 0.049709 0.097262
6 0.659942 0.616271 0.040274 0.062973
6 0.495407 0.509074 0.035880 0.058717
0 0.708829 0.576391 0.039544 0.062867
7 0.595481 0.503232 0.042417 0.068859
2 0.543861 0.466769 0.041941 0.076680
2 0.589922 0.438031 0.040903 0.074613
0 0.540096 0.417474 0.034418 0.055853
0 0.537247 0.362907 0.032821 0.054854
0 0.491346 0.340007 0.031687 0.053922
0 0.449907 0.315976 0.031753 0.052593
1 0.840804 0.469633 0.045853 0.068300
1 0.676779 0.383343 0.039061 0.063505
3 0.627779 0.349575 0.038535 0.074196
5 0.536571 0.291149 0.043710 0.103416
