7 0.194942 0.509888 0.042662 0.053810
8 0.236095 0.469056 0.041892 0.058284
9 0.281399 0.430732 0.036138 0.058469
10 0.316863 0.391696 0.045360 0.074147
7 0.394474 0.338456 0.031687 0.050661
11 0.423421 0.291660 0.035890 0.084339
6 0.281434 0.499740 0.032636 0.046200
6 0.324530 0.461964 0.030556 0.044802
6 0.362740 0.428145 0.028958 0.044134
9 0.400377 0.386483 0.032401 0.058780
6 0.431508 0.362141 0.027493 0.043938
6 0.463395 0.330686 0.027226 0.043337
6 0.496379 0.298934 0.026098 0.043872
6 0.442923 0.416062 0.028360 0.044868
8 0.474697 0.380139 0.032351 0.056958
6 0.331187 0.599530 0.033750 0.047798
0 0.461845 0.546260 0.032017 0.045820
0 0.496979 0.502788 0.031729 0.046111
0 0.432983 0.664534 0.035278 0.048122
2 0.508128 0.568857 0.037705 0.059752
0 0.580904 0.490374 0.031062 0.046204
2 0.614153 0.450646 0.035615 0.055784
0 0.523284 0.650203 0.034702 0.048218
3 0.598044 0.555121 0.038343 0.060976
0 0.660086 0.480499 0.031442 0.046204
0 0.688219 0.442492 0.030195 0.045532
0 0.717793 0.408077 0.030103 0.045532
1 0.539982 0.738347 0.042371 0.059147
4 0.649502 0.580923 0.043905 0.078221
5 0.682679 0.534902 0.047037 0.084891
3 0.712566 0.501467 0.037626 0.062391
1 0.772624 0.428877 0.038985 0.053681
