7 0.448550 0.665301 0.047609 0.075410
11 0.227135 0.585575 0.059950 0.119643
6 0.336152 0.572808 0.039276 0.062176
6 0.264831 0.554405 0.039868 0.062070
6 0.647429 0.598813 0.039798 0.062870
7 0.578613 0.574511 0.045056 0.073618
10 0.289845 0.485785 0.051680 0.100493
6 0.746343 0.566285 0.040979 0.061432
2 0.676255 0.535352 0.045367 0.080923
6 0.527880 0.506824 0.038009 0.059778
0 0.766553 0.513361 0.039864 0.061987
6 0.288161 0.390389 0.036971 0.058476
1 0.442804 0.380499 0.041627 0.068062
0 0.312659 0.350313 0.036429 0.058376
3 0.729767 0.395875 0.043482 0.078912
0 0.402192 0.325245 0.035470 0.057513
1 0.818229 0.371815 0.043376 0.067262
5 0.429006 0.261703 0.047073 0.109742
