7 0.814322 0.611819 0.045774 0.075331
8 0.747862 0.625122 0.046815 0.086620
9 0.675053 0.642447 0.046839 0.090800
10 0.605230 0.652569 0.056167 0.111978
7 0.453285 0.700547 0.050420 0.078224
11 0.379114 0.701824 0.058571 0.134375
6 0.711025 0.589562 0.038631 0.063938
6 0.640473 0.605666 0.039015 0.065089
9 0.496533 0.628609 0.046954 0.090175
6 0.428573 0.655291 0.040261 0.066786
6 0.352245 0.675342 0.040661 0.068700
6 0.269884 0.696032 0.041779 0.068380
6 0.467875 0.591524 0.039494 0.064993
8 0.400878 0.599367 0.045248 0.085030
6 0.707292 0.489421 0.037335 0.060179
6 0.511204 0.532427 0.036620 0.060489
0 0.549079 0.473646 0.036809 0.061736
0 0.482024 0.490374 0.038439 0.061832
0 0.641910 0.414977 0.035870 0.057917
2 0.521677 0.433662 0.041700 0.076849
3 0.454109 0.444754 0.041796 0.082920
0 0.386723 0.467988 0.036905 0.060790
2 0.320346 0.472698 0.042563 0.079755
0 0.554717 0.393568 0.035949 0.057917
3 0.428494 0.408547 0.042576 0.079163
0 0.301247 0.443185 0.039464 0.061349
0 0.233585 0.457523 0.036429 0.061753
0 0.163767 0.470265 0.039623 0.061832
1 0.588629 0.344072 0.038436 0.063588
4 0.407171 0.365230 0.044401 0.096855
5 0.344547 0.368107 0.048082 0.115493
1 0.142480 0.428406 0.044735 0.069167
