7 0.763014 0.478069 0.039620 0.066224
10 0.746098 0.506586 0.049888 0.098879
9 0.706104 0.601123 0.043360 0.081948
11 0.691910 0.638730 0.055559 0.116541
9 0.711678 0.419724 0.039130 0.074646
7 0.661407 0.546835 0.041796 0.068254
6 0.639466 0.591986 0.036809 0.060010
6 0.619048 0.641546 0.038730 0.062695
6 0.595465 0.696475 0.039686 0.062692
6 0.651291 0.417166 0.033819 0.054755
6 0.611262 0.367072 0.031981 0.053720
3 0.591209 0.394815 0.036829 0.073492
8 0.571845 0.433846 0.037672 0.068254
6 0.549547 0.476640 0.034167 0.055906
4 0.553173 0.339557 0.041220 0.089054
0 0.509613 0.425104 0.033221 0.055718
0 0.495048 0.344800 0.032219 0.052722
0 0.400504 0.490268 0.035565 0.056845
2 0.372247 0.524696 0.042021 0.072295
2 0.339003 0.467887 0.040407 0.071362
0 0.312217 0.514383 0.037292 0.058462
0 0.284466 0.557707 0.036809 0.060394
0 0.250387 0.603097 0.040357 0.061445
1 0.332857 0.381753 0.039345 0.061310
1 0.306974 0.417713 0.037877 0.063376
3 0.275167 0.450271 0.042464 0.076601
5 0.217462 0.516898 0.051353 0.114815
