7 0.436427 0.310775 0.037014 0.060513
11 0.550532 0.262708 0.042917 0.105728
6 0.574950 0.316994 0.032553 0.055317
6 0.295471 0.426215 0.035949 0.059646
6 0.539236 0.366655 0.033816 0.056915
10 0.607523 0.331782 0.044411 0.093915
6 0.241037 0.483864 0.038079 0.062245
1 0.447753 0.427462 0.040341 0.068542
2 0.569673 0.389646 0.039782 0.076210
6 0.723722 0.402695 0.035347 0.057917
0 0.759729 0.439144 0.036812 0.060179
7 0.301797 0.631078 0.048409 0.079372
3 0.384198 0.597219 0.049368 0.090972
1 0.670380 0.517171 0.044577 0.072774
0 0.733614 0.500114 0.038128 0.062312
5 0.774891 0.523439 0.057976 0.124233
