7 0.697829 0.648565 0.046809 0.073492
10 0.629545 0.654129 0.055989 0.106233
9 0.479640 0.700696 0.047930 0.085420
11 0.404198 0.714054 0.059177 0.122745
7 0.661743 0.595074 0.047044 0.071015
6 0.454712 0.653651 0.039226 0.062579
6 0.379886 0.676366 0.040956 0.064067
6 0.297234 0.699722 0.041987 0.063843
6 0.694439 0.533108 0.037841 0.058320
9 0.631524 0.540931 0.042771 0.080903
6 0.729238 0.471048 0.036121 0.056594
3 0.664572 0.477452 0.042179 0.075923
6 0.535812 0.517983 0.036465 0.057976
0 0.701167 0.427647 0.036429 0.056716
0 0.421460 0.446776 0.036141 0.057612
2 0.352148 0.453041 0.042021 0.076690
2 0.397503 0.398249 0.040443 0.073892
0 0.333317 0.419841 0.035278 0.057229
0 0.269043 0.435944 0.036524 0.058376
0 0.200233 0.449279 0.037867 0.058763
1 0.556911 0.325428 0.038009 0.062378
1 0.439302 0.349727 0.039610 0.062774
3 0.374970 0.355999 0.041779 0.074372
5 0.250342 0.370230 0.048727 0.110155
