7 0.686526 0.391986 0.042179 0.068859
11 0.786323 0.491587 0.058571 0.127480
6 0.679200 0.485888 0.039015 0.064897
6 0.712563 0.531085 0.040747 0.066720
6 0.507988 0.345218 0.035281 0.059048
7 0.528970 0.376473 0.042100 0.067821
6 0.422341 0.318519 0.035549 0.058717
2 0.438934 0.347603 0.043614 0.073413
6 0.488849 0.430195 0.037612 0.063108
0 0.359238 0.327526 0.035215 0.059980
6 0.522824 0.628626 0.043810 0.069699
10 0.346174 0.442055 0.051680 0.107669
0 0.448472 0.648110 0.044418 0.071736
3 0.243122 0.380863 0.045245 0.085126
1 0.316672 0.557361 0.048568 0.077646
0 0.342746 0.612801 0.043694 0.070456
1 0.154205 0.361789 0.044335 0.069299
5 0.257080 0.602245 0.061012 0.138730
