7 0.402021 0.642859 0.049848 0.079851
11 0.238991 0.592173 0.070847 0.129418
6 0.355891 0.572588 0.040407 0.064838
6 0.281372 0.560496 0.041488 0.064835
6 0.678962 0.572050 0.042275 0.066369
10 0.301118 0.490337 0.060298 0.104656
6 0.776951 0.531627 0.041541 0.064041
6 0.547192 0.492312 0.038585 0.062388
2 0.408548 0.463601 0.044669 0.081481
0 0.790197 0.478929 0.040261 0.064610
7 0.639015 0.447477 0.042943 0.072950
6 0.299345 0.402316 0.036812 0.059183
1 0.452290 0.381313 0.041617 0.068221
0 0.321673 0.364147 0.034749 0.058075
3 0.737550 0.371430 0.043042 0.080810
0 0.408547 0.334871 0.034349 0.057037
1 0.820683 0.343234 0.042338 0.068142
5 0.431602 0.272467 0.046128 0.110893
