7 0.725251 0.359785 0.033340 0.055972
8 0.730061 0.386346 0.037146 0.063988
9 0.732217 0.415835 0.039256 0.075890
10 0.735053 0.443117 0.047407 0.096756
7 0.736984 0.540681 0.044087 0.072057
11 0.749198 0.566417 0.057927 0.127913
6 0.669815 0.391012 0.031554 0.051283
6 0.668695 0.423365 0.033151 0.054481
6 0.666458 0.456875 0.033790 0.055999
9 0.666159 0.488712 0.043218 0.083297
6 0.667017 0.537479 0.038743 0.062067
6 0.668216 0.587126 0.041458 0.066944
6 0.669256 0.645402 0.043856 0.069097
6 0.597599 0.494620 0.035549 0.058955
8 0.593108 0.529226 0.043426 0.074292
6 0.556791 0.359339 0.028958 0.049927
0 0.482343 0.416133 0.032212 0.053489
0 0.476133 0.450756 0.033356 0.056022
0 0.446858 0.359363 0.029101 0.049924
0 0.399349 0.489406 0.037156 0.056941
2 0.381225 0.524577 0.047530 0.073254
0 0.381920 0.385994 0.030599 0.051187
3 0.351118 0.441081 0.039623 0.076369
0 0.318077 0.526217 0.037960 0.060622
0 0.300420 0.571252 0.039458 0.063958
0 0.275689 0.623133 0.043138 0.067179
1 0.337788 0.354153 0.036753 0.054319
2 0.324550 0.378963 0.037943 0.062642
4 0.288396 0.430116 0.050040 0.092024
5 0.268004 0.457589 0.056366 0.114570
3 0.249203 0.514400 0.045933 0.081081
1 0.192842 0.617379 0.055599 0.077741
