7 0.270098 0.595608 0.047067 0.075060
10 0.241339 0.537702 0.055628 0.108208
9 0.189864 0.462230 0.044365 0.082371
11 0.156926 0.409081 0.055559 0.118869
9 0.380360 0.607383 0.047553 0.090625
7 0.344117 0.568558 0.046025 0.075060
6 0.254787 0.450870 0.035949 0.060582
6 0.225694 0.415450 0.035086 0.059722
6 0.197894 0.378208 0.034127 0.057321
6 0.446880 0.589129 0.040949 0.065916
6 0.554952 0.611100 0.041068 0.066604
3 0.517264 0.553497 0.045149 0.086081
6 0.443272 0.479937 0.036346 0.061111
0 0.620789 0.583555 0.040182 0.066224
0 0.529178 0.403062 0.036346 0.058849
2 0.496976 0.361009 0.039223 0.073492
2 0.587445 0.376321 0.039944 0.073013
0 0.551946 0.350771 0.034216 0.057183
0 0.517183 0.320929 0.033485 0.056184
0 0.487791 0.291172 0.032751 0.054454
1 0.762693 0.466399 0.043714 0.070172
1 0.681351 0.394428 0.040274 0.066435
3 0.644653 0.352536 0.040357 0.078128
5 0.574727 0.280279 0.045208 0.107900
