7 0.742300 0.412573 0.039064 0.064306
9 0.739823 0.492045 0.042622 0.078211
10 0.737718 0.529268 0.050245 0.101749
7 0.727763 0.640749 0.044097 0.072854
11 0.732811 0.675466 0.055344 0.117791
6 0.671182 0.495643 0.035890 0.058436
8 0.666786 0.535111 0.042851 0.070453
9 0.660820 0.580501 0.045463 0.084640
6 0.657176 0.634249 0.039140 0.062308
6 0.653861 0.689132 0.040982 0.065188
6 0.649706 0.749241 0.040820 0.064785
6 0.606994 0.449110 0.035430 0.057632
6 0.588439 0.580809 0.037004 0.060294
8 0.581460 0.623983 0.045248 0.074388
6 0.548442 0.400913 0.034511 0.056250
0 0.524664 0.527713 0.037847 0.060394
0 0.457485 0.521329 0.037847 0.060509
0 0.419370 0.393545 0.034924 0.056594
2 0.399279 0.467133 0.044894 0.071495
3 0.387999 0.509590 0.042897 0.080364
0 0.375642 0.565617 0.037500 0.060050
2 0.360936 0.607951 0.045053 0.075010
0 0.345795 0.427710 0.036028 0.057285
3 0.317748 0.504102 0.044193 0.080618
0 0.291149 0.605532 0.040374 0.062348
0 0.278955 0.656895 0.039458 0.064306
0 0.260321 0.711478 0.042447 0.065337
1 0.291705 0.378981 0.040407 0.063313
4 0.249955 0.488452 0.048085 0.098353
1 0.216042 0.595195 0.046733 0.072374
5 0.200220 0.625865 0.056319 0.121062
