9 0.626890 0.696544 0.050843 0.089127
11 0.573158 0.735136 0.060298 0.124683
7 0.675061 0.576605 0.045136 0.072133
6 0.571085 0.661703 0.040820 0.062705
6 0.514648 0.707837 0.043456 0.066224
6 0.449469 0.759251 0.043376 0.066544
6 0.713702 0.477022 0.037946 0.059276
10 0.511219 0.604158 0.055479 0.106472
6 0.708576 0.411782 0.035017 0.056786
6 0.564800 0.509487 0.036544 0.058783
0 0.659692 0.380881 0.034352 0.057517
7 0.564608 0.439165 0.040341 0.067821
2 0.513082 0.467237 0.042817 0.077569
0 0.416574 0.477581 0.036984 0.059435
2 0.518084 0.350678 0.039064 0.071415
0 0.315860 0.478391 0.038631 0.060010
0 0.261316 0.513428 0.038056 0.060870
0 0.200203 0.548226 0.040453 0.061829
1 0.519360 0.301862 0.036267 0.061508
1 0.377145 0.381609 0.039626 0.064785
3 0.321771 0.405317 0.041710 0.077169
5 0.214355 0.453681 0.054663 0.116104
