7 0.447163 0.616410 0.044015 0.071815
10 0.395863 0.572819 0.051323 0.103185
9 0.296063 0.518819 0.043866 0.079259
11 0.242156 0.477761 0.050390 0.113915
9 0.554805 0.602913 0.044504 0.085060
7 0.390398 0.521293 0.042021 0.067996
6 0.343833 0.496890 0.034272 0.057358
6 0.295064 0.471372 0.035149 0.058247
6 0.243457 0.443808 0.036108 0.055360
6 0.595549 0.575370 0.037500 0.060966
6 0.698846 0.571114 0.037500 0.059815
3 0.637989 0.531114 0.041892 0.079471
6 0.531245 0.485129 0.034970 0.057401
8 0.739917 0.526992 0.043618 0.076015
0 0.622568 0.477953 0.036081 0.057718
0 0.774001 0.502085 0.036349 0.058714
0 0.558795 0.401890 0.034216 0.054719
2 0.512803 0.371903 0.036584 0.070056
2 0.599580 0.369590 0.037143 0.069107
0 0.551005 0.354160 0.032619 0.053657
0 0.502675 0.334654 0.032348 0.052589
0 0.459706 0.313686 0.031488 0.051921
1 0.739532 0.390987 0.038079 0.062510
1 0.686976 0.369268 0.036895 0.060949
3 0.637085 0.339426 0.036829 0.071968
5 0.543553 0.287849 0.042331 0.102609
