7 0.628328 0.337505 0.038145 0.063509
7 0.655709 0.374603 0.040255 0.065906
11 0.761860 0.472874 0.065248 0.126402
6 0.651764 0.465403 0.038634 0.062692
6 0.686944 0.511559 0.040549 0.065665
6 0.727993 0.565989 0.042560 0.067679
6 0.487870 0.329740 0.033234 0.056558
6 0.408586 0.304458 0.032675 0.055840
2 0.422239 0.330623 0.040661 0.070308
9 0.446253 0.362361 0.042348 0.082011
6 0.467381 0.409225 0.036025 0.060711
10 0.519074 0.476151 0.052937 0.111620
0 0.348788 0.311531 0.033151 0.056925
3 0.311086 0.385038 0.040837 0.084924
2 0.331404 0.429628 0.045453 0.076928
0 0.350207 0.478783 0.041028 0.064034
0 0.419322 0.637097 0.046587 0.073717
0 0.290580 0.543497 0.043714 0.069005
0 0.311430 0.597171 0.045347 0.071703
1 0.151847 0.340372 0.045294 0.066703
1 0.179487 0.457513 0.048697 0.074960
5 0.218163 0.588350 0.068244 0.144114
