7 0.819395 0.760713 0.067421 0.055519
8 0.722832 0.761379 0.054871 0.062579
9 0.625918 0.762404 0.054282 0.057870
10 0.536104 0.761711 0.064782 0.065499
7 0.351597 0.756645 0.060873 0.056749
11 0.251219 0.766280 0.092252 0.068479
6 0.714651 0.672397 0.046657 0.047209
6 0.622202 0.670460 0.046574 0.046812
6 0.536847 0.668105 0.044256 0.045774
6 0.361576 0.670408 0.046207 0.047067
6 0.269071 0.672854 0.052149 0.047354
6 0.171485 0.675012 0.059239 0.046300
6 0.445422 0.581430 0.044335 0.046095
8 0.364653 0.574884 0.051091 0.066045
6 0.791607 0.497364 0.052593 0.048591
9 0.699836 0.407708 0.054732 0.069087
0 0.615966 0.410207 0.043254 0.054871
0 0.529692 0.415096 0.043254 0.054755
0 0.774896 0.334878 0.047834 0.056462
0 0.443819 0.339347 0.042447 0.056022
2 0.364003 0.330484 0.048647 0.076207
0 0.687378 0.263079 0.042467 0.058188
3 0.525081 0.258828 0.047688 0.071815
0 0.368532 0.265038 0.043254 0.059011
0 0.286629 0.268661 0.045784 0.057976
0 0.204955 0.267452 0.050843 0.057860
1 0.770316 0.181531 0.055982 0.074676
2 0.685326 0.181589 0.047259 0.081386
4 0.527758 0.175357 0.052685 0.101918
5 0.449616 0.172710 0.056872 0.111260
3 0.368641 0.186698 0.049848 0.078032
1 0.204296 0.189064 0.061237 0.072566
