7 0.395478 0.627655 0.048409 0.079478
11 0.242093 0.569046 0.066111 0.132219
6 0.285752 0.545147 0.039673 0.064573
6 0.673993 0.577282 0.041339 0.066839
6 0.394793 0.513628 0.039144 0.063042
10 0.311518 0.480519 0.055126 0.105516
6 0.774615 0.544562 0.042073 0.064640
1 0.550460 0.493151 0.043856 0.073571
2 0.416245 0.462574 0.043614 0.080427
6 0.315688 0.401880 0.034563 0.058304
0 0.341544 0.368649 0.033750 0.057523
7 0.821465 0.410858 0.042851 0.069884
3 0.746771 0.393479 0.042563 0.081290
1 0.487412 0.353317 0.039342 0.064835
0 0.427687 0.345845 0.033482 0.056782
5 0.369692 0.310519 0.045324 0.111237
