7 0.738146 0.473778 0.038905 0.059514
10 0.716480 0.506806 0.049798 0.085985
9 0.663313 0.606139 0.038757 0.068165
11 0.641184 0.651220 0.050172 0.095827
9 0.697983 0.408008 0.036515 0.066048
7 0.631270 0.539735 0.038413 0.059848
6 0.604115 0.587199 0.034084 0.050926
6 0.577354 0.638659 0.035417 0.051855
6 0.546434 0.697239 0.035883 0.051991
6 0.643748 0.399054 0.030360 0.048327
6 0.615018 0.342455 0.028581 0.048264
3 0.590410 0.372766 0.034907 0.064229
8 0.566124 0.411177 0.036012 0.060582
6 0.540537 0.455746 0.030843 0.048707
4 0.563952 0.312055 0.037705 0.079964
6 0.515170 0.396371 0.029679 0.047761
0 0.487103 0.434749 0.031614 0.050258
8 0.458461 0.470800 0.039494 0.062884
0 0.512839 0.309952 0.028846 0.047655
0 0.485046 0.344152 0.029623 0.048264
0 0.403115 0.458474 0.032593 0.049765
2 0.370155 0.494277 0.039782 0.063509
2 0.350471 0.430714 0.037226 0.063347
0 0.319395 0.477245 0.034511 0.050886
0 0.287123 0.521382 0.033552 0.051766
0 0.248738 0.567235 0.036187 0.051925
1 0.360107 0.338244 0.035003 0.055589
1 0.331000 0.374304 0.035017 0.057186
3 0.295615 0.408967 0.037937 0.065506
5 0.227898 0.479754 0.051187 0.095956
