7 0.185008 0.516958 0.056366 0.076382
8 0.224782 0.464137 0.056078 0.080238
9 0.270365 0.412983 0.046657 0.082996
10 0.301319 0.365608 0.056825 0.100642
11 0.336321 0.317892 0.053297 0.117001
9 0.366723 0.300650 0.038380 0.075771
7 0.421921 0.244067 0.035681 0.059246
6 0.260074 0.536533 0.045056 0.067431
6 0.295782 0.485683 0.041220 0.064626
6 0.334567 0.438036 0.038743 0.061839
6 0.369315 0.396491 0.035866 0.059755
6 0.398593 0.357350 0.035308 0.059752
6 0.426513 0.321042 0.033151 0.057116
6 0.451156 0.287016 0.031954 0.056009
6 0.476240 0.253900 0.030357 0.054640
8 0.486768 0.326710 0.039673 0.072183
0 0.543644 0.485908 0.040582 0.065995
0 0.566372 0.434907 0.039061 0.063988
0 0.649836 0.644066 0.047259 0.073429
0 0.672221 0.577731 0.046207 0.071323
0 0.731381 0.419385 0.038985 0.064147
0 0.746880 0.378246 0.038337 0.062391
0 0.758621 0.338464 0.036587 0.060632
0 0.774921 0.302396 0.033704 0.058793
1 0.744269 0.667984 0.061448 0.089342
2 0.762022 0.595109 0.059587 0.088684
3 0.779547 0.529983 0.053009 0.094134
4 0.797128 0.467354 0.065017 0.112639
5 0.811678 0.409544 0.065155 0.128790
3 0.820372 0.380693 0.048211 0.088350
2 0.836276 0.344023 0.051190 0.075446
1 0.846220 0.308851 0.046012 0.067583
