7 0.687634 0.303786 0.037345 0.062044
10 0.726430 0.406596 0.053297 0.101571
7 0.735790 0.464466 0.046475 0.070856
9 0.748930 0.508750 0.048601 0.089425
11 0.775815 0.547596 0.064388 0.122745
9 0.633681 0.336255 0.038380 0.077014
6 0.645450 0.384590 0.034511 0.058439
8 0.656030 0.420367 0.042946 0.073426
6 0.677044 0.517963 0.039590 0.063651
6 0.691622 0.573699 0.042259 0.066782
6 0.708917 0.637062 0.044097 0.067821
6 0.573209 0.349044 0.034739 0.056825
6 0.505109 0.311602 0.032440 0.055559
6 0.517303 0.428935 0.036353 0.060390
0 0.448790 0.431189 0.037269 0.060969
8 0.448990 0.471559 0.048409 0.074931
0 0.380632 0.317594 0.033935 0.056022
2 0.380810 0.386156 0.041700 0.070856
3 0.379109 0.426751 0.043614 0.082345
0 0.377756 0.484048 0.038998 0.062004
2 0.373472 0.527624 0.047837 0.079084
0 0.316271 0.355785 0.035658 0.057629
4 0.310789 0.376062 0.048985 0.097778
0 0.299929 0.534522 0.041604 0.064812
0 0.298203 0.589790 0.042946 0.067391
0 0.290486 0.651572 0.045728 0.070360
1 0.239439 0.391858 0.043456 0.067103
1 0.234208 0.434517 0.044494 0.070298
3 0.224198 0.477030 0.046875 0.085126
5 0.209428 0.566715 0.064881 0.130863
