7 0.217449 0.450165 0.047609 0.071574
11 0.243224 0.295445 0.052937 0.114130
6 0.306139 0.362487 0.035757 0.058571
6 0.311409 0.321362 0.035185 0.057037
6 0.353211 0.561331 0.042097 0.065744
7 0.360552 0.503151 0.045933 0.073254
6 0.430060 0.626837 0.043538 0.067662
2 0.434987 0.558838 0.054352 0.078608
9 0.435909 0.494274 0.046058 0.084342
6 0.437528 0.450261 0.036987 0.060470
0 0.511693 0.625668 0.042659 0.067474
10 0.507092 0.387624 0.048601 0.099587
6 0.503289 0.280276 0.032113 0.055757
2 0.580627 0.445847 0.045056 0.074577
0 0.576230 0.403256 0.037348 0.059448
0 0.561916 0.280101 0.033085 0.055321
3 0.669777 0.552054 0.049924 0.087308
0 0.638371 0.358021 0.035281 0.058185
0 0.629519 0.317646 0.033416 0.057050
1 0.770670 0.621789 0.057609 0.079563
1 0.728831 0.446147 0.045612 0.071019
5 0.699059 0.293945 0.049223 0.111812
