7 0.290671 0.409972 0.039742 0.060976
11 0.371470 0.294008 0.040976 0.100489
6 0.399238 0.358155 0.030235 0.051369
6 0.422870 0.327111 0.029901 0.050982
6 0.343803 0.517257 0.037097 0.058773
7 0.374205 0.475385 0.040023 0.064626
6 0.372369 0.581863 0.038634 0.061445
2 0.404423 0.531376 0.050407 0.072216
9 0.435250 0.480666 0.041273 0.076114
6 0.461741 0.448785 0.032755 0.055440
0 0.436825 0.599709 0.038545 0.061713
10 0.541903 0.410665 0.043218 0.091071
6 0.602110 0.325091 0.029233 0.051260
2 0.582181 0.473221 0.040341 0.069101
0 0.603464 0.438231 0.033019 0.055119
0 0.654788 0.334215 0.030833 0.051366
3 0.604236 0.575959 0.045245 0.082824
1 0.649909 0.490362 0.040274 0.066505
0 0.682627 0.413059 0.033952 0.054239
0 0.696768 0.377670 0.031233 0.053601
1 0.658226 0.656369 0.048257 0.075569
5 0.760665 0.367249 0.046587 0.106508
