7 0.567508 0.669843 0.053674 0.084838
11 0.298689 0.660437 0.070288 0.140833
6 0.397128 0.614747 0.043482 0.070169
6 0.309658 0.619826 0.047450 0.069970
6 0.709901 0.548821 0.042216 0.066260
7 0.636144 0.545522 0.046481 0.077454
6 0.775699 0.494871 0.039917 0.063036
2 0.701688 0.484959 0.045532 0.082728
6 0.548051 0.499876 0.039917 0.063383
0 0.762176 0.446786 0.038902 0.062308
10 0.473221 0.435934 0.049947 0.104521
6 0.251723 0.459225 0.039947 0.062391
2 0.537824 0.403947 0.041124 0.078032
9 0.470605 0.403922 0.041872 0.081376
0 0.257364 0.418872 0.037216 0.060913
3 0.665299 0.361326 0.040261 0.078604
1 0.533140 0.368327 0.039342 0.064173
0 0.399527 0.374949 0.035370 0.058476
0 0.332469 0.377824 0.035460 0.058472
1 0.720212 0.327912 0.039623 0.064144
5 0.337736 0.314649 0.046128 0.112500
