7 0.283854 0.396597 0.038277 0.062044
7 0.346596 0.377025 0.038423 0.060552
11 0.506014 0.301066 0.042470 0.101240
6 0.483963 0.376561 0.031954 0.052963
6 0.536734 0.356870 0.032113 0.053522
6 0.591496 0.336379 0.031233 0.051687
6 0.285463 0.498810 0.036620 0.057321
10 0.520069 0.398957 0.045311 0.090321
6 0.246687 0.567733 0.038631 0.058859
2 0.313542 0.537308 0.042738 0.078677
9 0.379456 0.508213 0.042470 0.078958
6 0.439798 0.492386 0.035278 0.056749
0 0.275508 0.614974 0.039382 0.060231
3 0.447361 0.601784 0.045536 0.080235
2 0.509592 0.574134 0.043138 0.077493
0 0.569846 0.555233 0.036948 0.056584
0 0.669334 0.574272 0.037543 0.058049
0 0.724254 0.547712 0.036214 0.057249
0 0.780008 0.522908 0.036015 0.055043
1 0.383922 0.774821 0.049081 0.075060
1 0.590521 0.677442 0.044977 0.071657
5 0.773001 0.574636 0.058667 0.109603
