7 0.185691 0.542368 0.049272 0.071991
8 0.223304 0.495460 0.047771 0.075251
9 0.265446 0.450954 0.040999 0.077636
10 0.296490 0.408707 0.048899 0.093016
11 0.329109 0.366543 0.045400 0.107669
7 0.407100 0.303085 0.032950 0.053922
6 0.254473 0.561925 0.040076 0.063175
6 0.287803 0.517295 0.037477 0.060311
6 0.324616 0.475322 0.035615 0.057450
6 0.356936 0.439076 0.033151 0.054851
6 0.410646 0.372895 0.030995 0.052483
6 0.434294 0.342897 0.030036 0.050966
6 0.457857 0.313780 0.028439 0.049769
6 0.443519 0.415513 0.032513 0.054802
8 0.466786 0.379476 0.036197 0.066624
9 0.489491 0.561779 0.045761 0.083743
0 0.516849 0.524259 0.037877 0.061045
0 0.538952 0.479357 0.035615 0.058714
2 0.644841 0.415369 0.042017 0.067100
0 0.611738 0.666978 0.043059 0.068062
0 0.633027 0.608991 0.041617 0.066144
0 0.689092 0.470225 0.035479 0.058181
0 0.703844 0.433977 0.035003 0.056650
0 0.715088 0.398629 0.032483 0.054388
0 0.729998 0.367470 0.031154 0.052930
1 0.696521 0.689362 0.055503 0.081865
2 0.713441 0.625843 0.053489 0.083016
3 0.730941 0.569067 0.046935 0.086852
4 0.747483 0.513748 0.057976 0.102265
5 0.761088 0.463115 0.058803 0.116508
3 0.770074 0.438687 0.043522 0.081098
1 0.794583 0.375402 0.042017 0.060870
