7 0.777736 0.406343 0.037477 0.063042
8 0.767401 0.437123 0.040357 0.070648
9 0.753525 0.468125 0.041250 0.080251
10 0.740177 0.495494 0.049349 0.101928
7 0.705418 0.587525 0.044018 0.071577
11 0.695923 0.608712 0.054696 0.124897
6 0.703596 0.432282 0.033740 0.056845
6 0.687300 0.466457 0.035466 0.057900
9 0.653059 0.529461 0.043366 0.085688
6 0.638795 0.575354 0.036233 0.063843
6 0.621539 0.618710 0.039018 0.065569
6 0.601554 0.666379 0.039623 0.066541
6 0.585827 0.526225 0.034616 0.061637
8 0.566675 0.557725 0.044289 0.075807
6 0.592973 0.379177 0.033168 0.055119
6 0.539196 0.476091 0.035470 0.058955
0 0.493145 0.429580 0.032784 0.057612
0 0.475074 0.464760 0.036141 0.059335
0 0.472006 0.361806 0.033264 0.055119
2 0.434301 0.415936 0.040023 0.071415
0 0.387315 0.491936 0.036812 0.059818
2 0.361549 0.521774 0.043297 0.075890
0 0.394360 0.382082 0.034415 0.055599
3 0.346690 0.435914 0.042083 0.080043
0 0.298618 0.514767 0.038505 0.061670
0 0.274015 0.553231 0.037864 0.063188
0 0.243180 0.593613 0.041062 0.064706
1 0.356078 0.339282 0.037612 0.060311
4 0.285127 0.416000 0.047358 0.096253
5 0.259248 0.440465 0.053145 0.117887
3 0.233601 0.493095 0.042017 0.082282
1 0.170916 0.578155 0.044656 0.073413
