7 0.659190 0.630240 0.043776 0.069501
10 0.589132 0.633421 0.053476 0.098158
9 0.445769 0.667029 0.045612 0.076518
11 0.373003 0.676508 0.053836 0.110899
9 0.701286 0.556467 0.041620 0.077140
7 0.633667 0.575686 0.042738 0.066465
6 0.430625 0.620620 0.036045 0.058476
6 0.357290 0.637012 0.034891 0.057517
6 0.280124 0.654555 0.038919 0.058284
6 0.675162 0.516888 0.035198 0.055906
6 0.718299 0.457359 0.034739 0.053952
3 0.653920 0.461050 0.039494 0.071227
6 0.525678 0.493421 0.034854 0.055215
0 0.670577 0.371928 0.033674 0.052758
0 0.427933 0.416567 0.034431 0.053922
2 0.361086 0.419730 0.039064 0.071974
2 0.410886 0.367662 0.037222 0.070060
0 0.348810 0.385331 0.033710 0.053922
0 0.286372 0.398209 0.033948 0.054560
0 0.221121 0.407880 0.035813 0.053988
1 0.574246 0.301217 0.035198 0.060179
1 0.457336 0.320723 0.036081 0.060380
3 0.394324 0.324636 0.037874 0.070536
5 0.274631 0.333490 0.046128 0.102497
