7 0.302282 0.378725 0.041997 0.065281
11 0.348500 0.260899 0.047404 0.104530
6 0.411949 0.296758 0.034752 0.055360
6 0.366682 0.584851 0.040876 0.057851
6 0.455926 0.364638 0.035747 0.055519
10 0.476475 0.291047 0.045939 0.090982
2 0.518315 0.368532 0.043297 0.067103
6 0.494588 0.689441 0.041062 0.056720
6 0.619296 0.286037 0.033869 0.054798
1 0.624838 0.508313 0.045734 0.066825
0 0.680878 0.297756 0.035387 0.054560
7 0.666794 0.657813 0.049560 0.068826
1 0.724254 0.410511 0.044415 0.065585
0 0.734160 0.361143 0.035866 0.055599
5 0.750612 0.292321 0.053373 0.102149
