7 0.758434 0.526356 0.046359 0.071091
11 0.654026 0.656768 0.059435 0.121452
6 0.621936 0.590415 0.040142 0.062708
6 0.583459 0.642440 0.041739 0.063439
6 0.695876 0.399473 0.035747 0.056518
10 0.512507 0.598070 0.054193 0.105876
6 0.671098 0.340451 0.033228 0.055308
6 0.568904 0.449945 0.036088 0.057583
2 0.496250 0.525265 0.044094 0.078684
0 0.617546 0.318158 0.032593 0.055602
7 0.543142 0.383750 0.039623 0.064868
6 0.344254 0.596973 0.040010 0.062510
1 0.379069 0.478613 0.042576 0.069818
0 0.284620 0.571366 0.039689 0.062308
3 0.475850 0.306687 0.038439 0.074484
0 0.275661 0.498608 0.038049 0.060582
1 0.459238 0.261281 0.037940 0.060314
5 0.215971 0.447614 0.057146 0.116227
