7 0.674234 0.325928 0.038211 0.062907
11 0.802731 0.339732 0.052758 0.110899
6 0.776028 0.401445 0.034669 0.058955
6 0.448317 0.350099 0.033816 0.056316
6 0.679173 0.422287 0.034947 0.058714
10 0.758803 0.427864 0.051680 0.099696
1 0.532781 0.420856 0.040423 0.067183
2 0.658638 0.453861 0.043042 0.079567
6 0.320924 0.408476 0.035281 0.056197
6 0.773990 0.556802 0.040023 0.061911
0 0.750316 0.607832 0.042649 0.064944
7 0.235713 0.489742 0.047001 0.068300
3 0.304003 0.504840 0.045916 0.083687
1 0.571898 0.607890 0.048545 0.074888
0 0.645154 0.635863 0.041862 0.065344
5 0.721181 0.642455 0.059907 0.124924
