7 0.597105 0.353434 0.035215 0.058714
10 0.634426 0.362573 0.044864 0.093466
7 0.672130 0.401943 0.037877 0.061710
9 0.716615 0.421147 0.041723 0.081501
11 0.771832 0.432328 0.053836 0.119696
9 0.510732 0.339967 0.035764 0.073029
8 0.586432 0.389173 0.037626 0.071415
6 0.668049 0.448361 0.034947 0.059580
6 0.716445 0.478786 0.036415 0.062110
6 0.772331 0.513067 0.038611 0.063575
6 0.464936 0.364362 0.032192 0.054881
6 0.380218 0.353938 0.031495 0.053810
3 0.413467 0.368940 0.037622 0.077649
6 0.482915 0.429896 0.033839 0.058952
6 0.392617 0.420496 0.032993 0.057116
0 0.427816 0.449264 0.037001 0.061147
8 0.464737 0.472293 0.043456 0.078125
0 0.272234 0.387822 0.034507 0.057133
4 0.299626 0.395276 0.048889 0.097550
0 0.407252 0.504623 0.039398 0.063161
2 0.444453 0.531604 0.045618 0.085218
0 0.242955 0.431966 0.036703 0.060294
2 0.340188 0.520038 0.045245 0.081683
0 0.380557 0.562768 0.042179 0.068829
0 0.424747 0.601486 0.042563 0.070552
0 0.468604 0.645782 0.045919 0.074772
1 0.203700 0.478684 0.049544 0.071019
1 0.236814 0.511195 0.047536 0.073892
3 0.268871 0.541698 0.048793 0.093945
5 0.347897 0.601751 0.062282 0.144606
