7 0.267778 0.654942 0.048697 0.078403
10 0.241098 0.591878 0.056693 0.108929
9 0.191796 0.506058 0.046210 0.083743
11 0.160456 0.448280 0.053406 0.120807
9 0.380757 0.674790 0.049649 0.091511
6 0.259155 0.495790 0.038449 0.061733
6 0.231109 0.455050 0.037384 0.060774
6 0.203886 0.413829 0.035470 0.059048
6 0.450804 0.656290 0.041892 0.066336
6 0.562044 0.685430 0.043128 0.066720
6 0.452328 0.536415 0.038439 0.062983
3 0.629678 0.644805 0.048773 0.090417
7 0.555172 0.556946 0.045615 0.073416
0 0.698021 0.631374 0.041696 0.066062
0 0.545210 0.455390 0.037305 0.060152
2 0.513099 0.408611 0.041058 0.075410
2 0.606233 0.429580 0.041858 0.075093
0 0.571230 0.399238 0.035218 0.059190
0 0.536448 0.364689 0.033816 0.057057
0 0.507589 0.330899 0.033750 0.056184
1 0.785711 0.536561 0.048697 0.072374
1 0.703021 0.453138 0.043614 0.068380
3 0.667083 0.406093 0.042275 0.080427
5 0.596987 0.324291 0.047348 0.111948
