7 0.401432 0.343894 0.035813 0.058780
11 0.507479 0.295842 0.041128 0.104223
6 0.534897 0.343862 0.030754 0.053056
6 0.279067 0.444254 0.035251 0.059514
6 0.507770 0.385468 0.032417 0.055850
10 0.570137 0.352075 0.042470 0.090771
6 0.233090 0.494302 0.038185 0.062149
6 0.429735 0.441172 0.034484 0.058647
2 0.541536 0.402173 0.038185 0.073254
0 0.256475 0.530741 0.038631 0.064418
7 0.398856 0.492903 0.041779 0.069821
6 0.687374 0.407502 0.033816 0.056584
0 0.726331 0.435835 0.035308 0.058872
3 0.390800 0.580155 0.048313 0.092255
1 0.653671 0.502568 0.042817 0.070777
0 0.710595 0.486200 0.035681 0.061310
1 0.568846 0.580453 0.045152 0.076594
5 0.755317 0.496534 0.053558 0.125476
