7 0.206296 0.520423 0.046091 0.074054
11 0.188795 0.369683 0.050605 0.118869
6 0.267452 0.430716 0.036346 0.060513
6 0.259664 0.391174 0.036478 0.059980
6 0.374122 0.605337 0.041181 0.067751
7 0.366296 0.553598 0.045615 0.074451
6 0.465527 0.652569 0.042563 0.068558
2 0.456554 0.592475 0.049656 0.081386
6 0.427406 0.500258 0.037477 0.062169
0 0.542799 0.642793 0.041604 0.068350
10 0.484674 0.434863 0.048899 0.100790
6 0.447897 0.335021 0.034272 0.057437
2 0.567859 0.482368 0.044018 0.076448
9 0.551594 0.437705 0.042745 0.082123
0 0.507659 0.329990 0.033743 0.057037
3 0.676037 0.565394 0.047450 0.087903
1 0.624486 0.438284 0.042338 0.068968
0 0.603087 0.398328 0.035274 0.059626
0 0.585928 0.361192 0.035182 0.058667
1 0.778408 0.615637 0.050645 0.076690
5 0.653168 0.331814 0.047487 0.112503
