7 0.175127 0.529438 0.055314 0.084934
10 0.168213 0.459102 0.067834 0.116465
7 0.170450 0.425544 0.051283 0.076882
9 0.165642 0.372068 0.049200 0.089276
11 0.151734 0.312186 0.059864 0.128558
9 0.280207 0.566738 0.055989 0.101571
8 0.254907 0.459967 0.052712 0.083492
6 0.239936 0.373733 0.039461 0.065106
6 0.230628 0.332632 0.038585 0.063909
6 0.222121 0.292171 0.036267 0.060473
6 0.365794 0.560329 0.046733 0.073661
6 0.472956 0.609638 0.048089 0.074851
3 0.451609 0.533292 0.052569 0.098125
6 0.415880 0.438996 0.041058 0.067741
4 0.560157 0.568786 0.065599 0.126554
6 0.510255 0.476815 0.041058 0.068538
0 0.491045 0.426829 0.041508 0.067103
8 0.473252 0.377221 0.048218 0.079375
0 0.643644 0.575068 0.046396 0.074005
0 0.542092 0.371566 0.038535 0.063938
2 0.524678 0.325005 0.043700 0.079276
0 0.691672 0.505136 0.045248 0.070456
2 0.613489 0.356868 0.044894 0.079563
0 0.589494 0.323970 0.037288 0.062503
0 0.565384 0.288022 0.035278 0.060582
0 0.548178 0.254183 0.034795 0.059239
1 0.743360 0.438092 0.051766 0.077361
1 0.710180 0.392603 0.047450 0.074292
3 0.684150 0.340554 0.045060 0.087040
5 0.633290 0.253132 0.048313 0.120370
