7 0.637727 0.604246 0.047298 0.071019
11 0.428965 0.681000 0.059001 0.114130
6 0.469783 0.605818 0.039223 0.059514
6 0.397933 0.636414 0.040906 0.060314
6 0.684704 0.459225 0.035711 0.056161
7 0.628433 0.475799 0.041316 0.066610
6 0.708790 0.393800 0.033869 0.054239
2 0.652120 0.403395 0.042176 0.072695
9 0.591372 0.428047 0.041746 0.074024
6 0.531521 0.456857 0.035813 0.055453
6 0.268733 0.549109 0.039940 0.057437
0 0.676435 0.352684 0.033710 0.054481
10 0.442862 0.416933 0.047735 0.096366
2 0.472885 0.366854 0.038423 0.071815
0 0.413299 0.393433 0.034911 0.054960
0 0.220021 0.458137 0.038026 0.057517
3 0.556779 0.293370 0.036825 0.071495
0 0.326227 0.372741 0.034749 0.055119
0 0.264755 0.393833 0.034669 0.056078
1 0.580397 0.246316 0.034881 0.058915
1 0.419330 0.295306 0.036214 0.060976
5 0.240542 0.329722 0.051766 0.107103
