7 0.738973 0.541480 0.042027 0.069018
11 0.697776 0.603042 0.055301 0.127136
6 0.624616 0.608150 0.039193 0.063839
6 0.668029 0.419282 0.032619 0.053532
6 0.581503 0.545774 0.037212 0.060377
10 0.553404 0.575602 0.050962 0.106415
6 0.632111 0.377897 0.030235 0.051759
6 0.566023 0.465058 0.033151 0.056319
2 0.519936 0.525327 0.044018 0.076607
7 0.575863 0.364271 0.034616 0.056716
6 0.390367 0.594344 0.038347 0.063773
0 0.327564 0.580561 0.038151 0.063171
3 0.448816 0.364018 0.035946 0.071336
1 0.333624 0.488165 0.040661 0.066224
0 0.301729 0.525736 0.036713 0.060665
1 0.340139 0.413360 0.037612 0.060311
5 0.239218 0.483573 0.050109 0.118297
