7 0.290764 0.685200 0.049749 0.077358
10 0.233461 0.507212 0.058681 0.099954
7 0.224621 0.471478 0.045294 0.066865
11 0.189388 0.367350 0.056349 0.109825
9 0.349135 0.596920 0.048092 0.082907
6 0.325723 0.552265 0.038423 0.059835
8 0.306063 0.497569 0.046412 0.072295
9 0.290809 0.447798 0.042470 0.076118
6 0.274335 0.415704 0.032083 0.055840
6 0.259638 0.376217 0.033958 0.054960
6 0.243428 0.336316 0.033151 0.053922
6 0.419132 0.581700 0.040837 0.060966
6 0.517722 0.617457 0.041316 0.062116
6 0.442345 0.464233 0.035628 0.057196
0 0.505509 0.446060 0.036025 0.057278
8 0.482414 0.400486 0.040503 0.067824
0 0.655962 0.571328 0.039782 0.061544
2 0.594354 0.469649 0.042847 0.074101
3 0.566498 0.421344 0.040549 0.076974
0 0.541407 0.388237 0.033819 0.054921
2 0.519841 0.344702 0.037784 0.069339
0 0.687788 0.502979 0.038247 0.059239
4 0.600000 0.360089 0.043829 0.091911
0 0.575764 0.337784 0.033221 0.054054
0 0.549769 0.303967 0.031554 0.052457
0 0.528965 0.271181 0.030952 0.051190
1 0.722890 0.436513 0.042606 0.065903
1 0.689173 0.395420 0.039808 0.064173
3 0.661729 0.348745 0.038585 0.074210
5 0.607821 0.268867 0.043598 0.102953
