7 0.217895 0.483748 0.047530 0.074851
11 0.174602 0.380061 0.058919 0.124812
6 0.247844 0.391091 0.036825 0.060952
6 0.446855 0.578682 0.044034 0.069983
6 0.341627 0.412779 0.037467 0.062470
10 0.309458 0.354142 0.048452 0.100493
2 0.398234 0.385524 0.048313 0.077067
6 0.634034 0.578130 0.044034 0.070261
6 0.412968 0.309039 0.033317 0.057761
1 0.587741 0.425617 0.042738 0.071974
0 0.467488 0.295913 0.033085 0.057116
7 0.778335 0.536457 0.050407 0.078846
3 0.728112 0.482589 0.048419 0.090589
1 0.583682 0.339456 0.040420 0.066624
0 0.552598 0.311754 0.032887 0.057649
5 0.525941 0.257146 0.045208 0.111925
