10 0.321104 0.311159 0.047255 0.095109
9 0.437257 0.290681 0.037510 0.076019
11 0.490577 0.259373 0.042708 0.109825
7 0.346930 0.354084 0.039276 0.063981
6 0.463196 0.324853 0.032285 0.056028
6 0.518948 0.309486 0.032619 0.056472
6 0.576969 0.293416 0.031822 0.055185
6 0.250217 0.416551 0.037305 0.061349
6 0.203604 0.467477 0.038347 0.064147
6 0.406222 0.410671 0.035466 0.060794
0 0.228226 0.502817 0.041220 0.066144
7 0.370952 0.460678 0.042659 0.071019
2 0.438638 0.436270 0.043327 0.079563
2 0.562098 0.398082 0.042021 0.078128
0 0.534115 0.458146 0.037960 0.062788
0 0.635486 0.472429 0.039590 0.064897
0 0.695496 0.451675 0.037480 0.063654
0 0.756703 0.432791 0.037004 0.062116
1 0.321523 0.623352 0.050486 0.081789
1 0.543643 0.550248 0.046108 0.077262
3 0.615655 0.519516 0.047930 0.092695
5 0.738712 0.459749 0.054249 0.128651
