10 0.750081 0.493962 0.049051 0.097202
9 0.707626 0.591417 0.042619 0.081650
11 0.691465 0.630632 0.054266 0.116931
6 0.641240 0.581685 0.036746 0.059514
6 0.619152 0.631893 0.038905 0.060870
6 0.593108 0.688132 0.038902 0.062149
6 0.659524 0.403985 0.033631 0.054160
7 0.618664 0.475809 0.040820 0.064864
6 0.621300 0.352821 0.032751 0.052963
6 0.555437 0.464441 0.033472 0.055840
0 0.565911 0.338968 0.031353 0.052989
7 0.518948 0.407907 0.037302 0.063108
2 0.492862 0.443963 0.040341 0.070704
2 0.442981 0.527903 0.044097 0.074769
0 0.408548 0.476700 0.035661 0.056548
0 0.317480 0.503459 0.036713 0.057897
0 0.288338 0.547555 0.037483 0.060010
0 0.252679 0.593616 0.039590 0.060678
1 0.370916 0.336253 0.036680 0.060179
1 0.316321 0.405718 0.038476 0.063307
3 0.283065 0.438887 0.041541 0.075810
5 0.221992 0.506984 0.053376 0.113995
