7 0.814762 0.338689 0.040007 0.062576
10 0.772244 0.452822 0.056167 0.097801
7 0.728257 0.563666 0.044894 0.070155
11 0.716703 0.603004 0.058790 0.111763
9 0.734620 0.358297 0.039478 0.073724
6 0.720248 0.408947 0.033935 0.055784
8 0.701989 0.446250 0.045427 0.069213
9 0.679871 0.490610 0.043366 0.077761
6 0.661465 0.544239 0.037784 0.058307
6 0.640653 0.598958 0.039454 0.060073
6 0.615928 0.661306 0.040493 0.059993
6 0.674377 0.354884 0.033264 0.053876
6 0.635384 0.301470 0.031396 0.052642
6 0.572910 0.417146 0.033743 0.055119
0 0.512725 0.400557 0.034511 0.056366
8 0.487335 0.437804 0.043327 0.069213
0 0.522156 0.277530 0.031290 0.052341
2 0.479664 0.341571 0.037477 0.068300
3 0.452480 0.379674 0.038823 0.074388
0 0.425069 0.430005 0.034742 0.055678
2 0.394957 0.467541 0.042897 0.070777
0 0.446467 0.298811 0.031749 0.052569
3 0.393295 0.364124 0.039382 0.074451
4 0.366852 0.396668 0.046706 0.092946
0 0.337126 0.454735 0.037156 0.057057
0 0.307679 0.501268 0.037156 0.059011
0 0.271271 0.550385 0.039798 0.059243
1 0.363702 0.314939 0.037113 0.060691
1 0.337259 0.351837 0.037626 0.063105
5 0.240184 0.459375 0.056458 0.111534
