7 0.177717 0.368877 0.042603 0.063575
10 0.368947 0.318666 0.045222 0.092417
7 0.429251 0.321448 0.037014 0.060245
9 0.487852 0.303517 0.037510 0.073277
11 0.542207 0.274807 0.042530 0.104620
9 0.260526 0.389654 0.039630 0.075969
6 0.326817 0.382692 0.034990 0.055529
8 0.388943 0.362700 0.037946 0.071895
6 0.507174 0.344795 0.032120 0.054365
6 0.565202 0.331953 0.032454 0.053866
6 0.624977 0.318224 0.031951 0.053366
6 0.280124 0.436295 0.037146 0.058548
6 0.221847 0.495847 0.039792 0.061038
6 0.431620 0.447131 0.036329 0.058952
0 0.454239 0.492760 0.037467 0.059117
8 0.519896 0.468922 0.041220 0.076131
0 0.259076 0.599061 0.043297 0.063426
2 0.406276 0.551399 0.045437 0.082533
3 0.481238 0.532121 0.044481 0.082821
0 0.551450 0.523419 0.037543 0.060152
2 0.618003 0.500017 0.042659 0.078413
0 0.356410 0.634092 0.043072 0.065440
4 0.576591 0.557024 0.051071 0.103069
0 0.646334 0.555174 0.039606 0.061379
0 0.711806 0.534970 0.038611 0.060377
0 0.778146 0.518259 0.039018 0.061062
1 0.458401 0.672059 0.049368 0.078204
1 0.534810 0.647844 0.048171 0.076448
3 0.613113 0.622470 0.048409 0.087136
5 0.751921 0.566480 0.062394 0.119818
