7 0.162865 0.443110 0.041405 0.065704
9 0.285023 0.396146 0.039008 0.077014
10 0.341382 0.371022 0.046058 0.094213
7 0.453431 0.350367 0.038674 0.061111
11 0.502396 0.309084 0.044144 0.106594
6 0.255873 0.455901 0.035311 0.058952
6 0.318342 0.435410 0.036584 0.058075
8 0.376240 0.408874 0.039702 0.073171
9 0.434790 0.387895 0.039878 0.077014
6 0.484901 0.379081 0.032784 0.055503
6 0.537431 0.360291 0.033935 0.056078
6 0.591498 0.340921 0.032209 0.053601
6 0.470319 0.426184 0.034110 0.057196
8 0.522149 0.401462 0.039940 0.073333
6 0.262207 0.543996 0.038185 0.063350
6 0.447953 0.476271 0.035549 0.059435
0 0.426905 0.535227 0.037579 0.061736
0 0.487680 0.509537 0.037192 0.061349
0 0.339959 0.620638 0.041220 0.064993
2 0.465147 0.561890 0.045552 0.082477
3 0.529716 0.534939 0.044478 0.084547
0 0.589914 0.521382 0.036508 0.061349
2 0.646129 0.493318 0.042259 0.076690
0 0.444734 0.633676 0.041220 0.066141
3 0.572958 0.572085 0.045916 0.087331
0 0.686870 0.533859 0.038343 0.062467
0 0.740706 0.509263 0.037616 0.060509
0 0.795405 0.488269 0.037503 0.060394
1 0.419370 0.703596 0.048985 0.079084
4 0.614471 0.602427 0.052341 0.107784
1 0.734291 0.567455 0.044957 0.071895
5 0.788833 0.521147 0.053340 0.121587
