7 0.472102 0.332855 0.041220 0.066624
11 0.676382 0.311720 0.048452 0.117897
6 0.606133 0.374843 0.036214 0.061511
6 0.677345 0.375868 0.037507 0.062510
6 0.321913 0.408690 0.037226 0.063029
10 0.687409 0.397849 0.050605 0.105129
6 0.233917 0.447354 0.042106 0.064306
6 0.462354 0.452035 0.038664 0.064864
0 0.222244 0.491685 0.041068 0.066141
7 0.380716 0.498360 0.044335 0.075489
2 0.458768 0.493221 0.046875 0.086561
6 0.768454 0.504096 0.042100 0.065744
1 0.613368 0.545091 0.047272 0.078416
0 0.778037 0.551205 0.042517 0.069031
3 0.283821 0.585263 0.051419 0.096511
0 0.699081 0.602426 0.039755 0.071227
1 0.183338 0.649544 0.053125 0.083393
5 0.704850 0.632712 0.062616 0.141296
