7 0.617675 0.604726 0.050040 0.079471
11 0.386677 0.647412 0.061501 0.139540
6 0.439167 0.598687 0.041124 0.068538
6 0.360559 0.621549 0.042851 0.069785
6 0.689458 0.480018 0.038823 0.064864
7 0.625088 0.492105 0.044256 0.074692
6 0.725924 0.421982 0.039064 0.061908
2 0.659486 0.426632 0.044335 0.082120
6 0.522460 0.471551 0.038902 0.063267
0 0.695304 0.382637 0.039114 0.061829
6 0.211065 0.498510 0.041858 0.065506
10 0.464863 0.375050 0.049170 0.103538
1 0.334897 0.424603 0.043902 0.072183
0 0.187348 0.460184 0.037943 0.064785
3 0.569104 0.321920 0.041316 0.081002
0 0.240830 0.404904 0.038823 0.063988
1 0.602298 0.280567 0.039140 0.065638
5 0.220334 0.340289 0.049279 0.120784
