10 0.533431 0.725283 0.063528 0.101928
9 0.345959 0.723935 0.056349 0.077341
11 0.246229 0.718320 0.076015 0.108962
7 0.535083 0.644091 0.054081 0.076687
6 0.355187 0.646473 0.045896 0.062120
6 0.263507 0.646415 0.047510 0.062235
6 0.164578 0.645668 0.049812 0.061197
6 0.704008 0.577098 0.044669 0.061829
6 0.791146 0.504484 0.045632 0.060774
6 0.531796 0.496863 0.043426 0.060486
0 0.786500 0.432431 0.045274 0.064464
7 0.615990 0.422677 0.049560 0.076974
2 0.531417 0.415270 0.049236 0.086273
2 0.533309 0.351961 0.047834 0.083876
0 0.452839 0.359661 0.041644 0.063383
0 0.376744 0.294382 0.041524 0.063499
0 0.297890 0.294783 0.040721 0.063151
0 0.219616 0.291103 0.041746 0.063383
1 0.768315 0.239764 0.052457 0.074428
1 0.534578 0.233137 0.045612 0.072854
3 0.455453 0.224659 0.046204 0.082440
5 0.305337 0.209317 0.056594 0.119401
