7 0.556715 0.350413 0.036187 0.059114
10 0.605220 0.360314 0.043667 0.088829
9 0.709436 0.413361 0.040374 0.075010
11 0.769893 0.422095 0.047589 0.105301
9 0.469570 0.355656 0.036138 0.069911
7 0.522222 0.384914 0.037745 0.061111
6 0.675827 0.453085 0.033743 0.055311
6 0.733725 0.477865 0.034699 0.056749
6 0.797664 0.504752 0.035658 0.056845
6 0.435425 0.393770 0.033185 0.053988
6 0.345484 0.400243 0.033952 0.053423
6 0.496794 0.472197 0.033872 0.055837
3 0.306369 0.426348 0.039015 0.074196
0 0.406199 0.484307 0.035083 0.055599
0 0.262599 0.469496 0.034702 0.055506
0 0.473259 0.577874 0.037014 0.057183
2 0.527588 0.599597 0.043330 0.078988
2 0.426271 0.610630 0.043806 0.078509
0 0.484203 0.647814 0.037626 0.060152
0 0.546634 0.678090 0.038664 0.061591
0 0.608423 0.713118 0.040020 0.063426
1 0.266513 0.596665 0.044494 0.068621
1 0.322647 0.625326 0.043614 0.069785
3 0.379216 0.654907 0.046521 0.083373
5 0.498413 0.705195 0.055351 0.119127
