7 0.246648 0.403993 0.040341 0.065638
10 0.299092 0.364726 0.048449 0.096753
9 0.402601 0.321311 0.037384 0.074646
11 0.445956 0.280035 0.045007 0.108317
6 0.442318 0.356437 0.033082 0.056386
6 0.488550 0.330642 0.032887 0.056052
6 0.536581 0.303914 0.031885 0.054653
6 0.281085 0.498507 0.038585 0.061584
7 0.336268 0.467412 0.042179 0.068304
6 0.265187 0.567563 0.040182 0.064868
6 0.436873 0.467908 0.035790 0.060711
0 0.311176 0.605855 0.040493 0.064302
2 0.585640 0.431113 0.042371 0.076498
0 0.586968 0.503510 0.038651 0.061425
2 0.640121 0.466176 0.043059 0.075969
0 0.690956 0.503972 0.039114 0.062116
0 0.735013 0.471647 0.037963 0.060966
0 0.782006 0.441854 0.039229 0.059818
1 0.538132 0.687665 0.048313 0.078988
1 0.648566 0.608143 0.046591 0.075347
3 0.704254 0.564466 0.047622 0.087424
5 0.795309 0.482235 0.055493 0.119431
