7 0.390218 0.684721 0.047738 0.076882
10 0.340146 0.635018 0.055271 0.109468
9 0.243510 0.572568 0.046300 0.084342
11 0.190498 0.527526 0.055341 0.120807
6 0.297740 0.550468 0.036584 0.060552
6 0.250129 0.521230 0.037546 0.060714
6 0.200521 0.490794 0.038026 0.058313
6 0.554686 0.645154 0.040661 0.065903
7 0.502784 0.607816 0.044894 0.072695
6 0.665804 0.644276 0.040820 0.065106
6 0.496792 0.543621 0.036349 0.060278
0 0.713462 0.607088 0.039623 0.064468
0 0.538543 0.456834 0.035274 0.057900
2 0.490174 0.422054 0.038919 0.073717
2 0.582341 0.422078 0.039061 0.072616
0 0.533462 0.404492 0.033743 0.055407
0 0.485628 0.381774 0.032976 0.054256
0 0.442682 0.358958 0.032593 0.053876
1 0.782553 0.476520 0.042659 0.067583
1 0.675461 0.424115 0.039461 0.063905
3 0.624884 0.390947 0.039015 0.075823
5 0.530749 0.333643 0.044633 0.105486
