7 0.279590 0.333423 0.040582 0.065344
10 0.343070 0.307824 0.047735 0.095827
9 0.465670 0.291839 0.038132 0.075893
11 0.522037 0.261779 0.045939 0.108386
9 0.232459 0.386187 0.042371 0.079881
7 0.429582 0.345918 0.040969 0.064388
6 0.488519 0.335861 0.033552 0.056558
6 0.547796 0.321777 0.033707 0.056319
6 0.607791 0.307239 0.032751 0.055040
6 0.255870 0.437297 0.038056 0.060870
6 0.196635 0.503776 0.038145 0.063651
3 0.278695 0.474153 0.046108 0.087136
8 0.349299 0.457819 0.044749 0.081789
6 0.418613 0.447889 0.037675 0.061253
4 0.221705 0.540987 0.056941 0.106405
6 0.374094 0.515661 0.039511 0.061640
0 0.247421 0.617283 0.045212 0.065823
0 0.330780 0.595554 0.042738 0.065823
0 0.550041 0.528748 0.040030 0.062001
2 0.618684 0.503437 0.048313 0.080817
2 0.582409 0.575949 0.047358 0.086085
0 0.650752 0.561936 0.041524 0.063727
0 0.716435 0.539274 0.041984 0.062120
0 0.783153 0.519545 0.041987 0.060162
1 0.466351 0.693338 0.052146 0.081577
1 0.544603 0.665127 0.050231 0.079375
3 0.624185 0.636531 0.051286 0.089630
5 0.765891 0.575051 0.072331 0.120923
