7 0.705818 0.626085 0.046333 0.074292
7 0.628338 0.647259 0.048681 0.074001
11 0.403679 0.701343 0.059692 0.118869
6 0.456784 0.634382 0.040030 0.061772
6 0.380157 0.658398 0.041141 0.062470
6 0.296558 0.683762 0.042500 0.062391
6 0.701734 0.505286 0.038528 0.058317
6 0.737386 0.439747 0.035678 0.056518
2 0.673633 0.444949 0.042259 0.076128
9 0.606677 0.465721 0.042493 0.077513
6 0.541305 0.490458 0.036829 0.057675
10 0.402844 0.512938 0.050966 0.098879
0 0.709939 0.394216 0.036425 0.056958
3 0.554859 0.375812 0.040645 0.076114
2 0.491728 0.393161 0.040341 0.075331
0 0.427135 0.416346 0.036042 0.057718
0 0.339902 0.388348 0.035850 0.057133
0 0.273950 0.405795 0.036233 0.057325
0 0.204931 0.420233 0.037864 0.058376
1 0.624856 0.276283 0.037305 0.061991
1 0.446678 0.314557 0.038879 0.063175
5 0.256128 0.337817 0.049557 0.110847
