7 0.866855 0.576429 0.058571 0.070265
8 0.798373 0.594582 0.057513 0.079256
9 0.720554 0.618940 0.050354 0.076075
10 0.651106 0.633439 0.063720 0.096905
11 0.571951 0.654449 0.057063 0.101855
9 0.497221 0.688735 0.048786 0.075592
8 0.413279 0.712328 0.049580 0.082249
7 0.328500 0.742111 0.054983 0.073390
6 0.820721 0.520984 0.043737 0.056782
6 0.758011 0.542054 0.042272 0.057116
6 0.685585 0.561491 0.039742 0.056852
6 0.616490 0.578633 0.039196 0.056386
6 0.546286 0.599669 0.040344 0.058247
6 0.471895 0.621536 0.040675 0.057517
6 0.394575 0.645835 0.042073 0.058714
6 0.309170 0.672125 0.043214 0.057417
0 0.536080 0.410339 0.036333 0.056941
0 0.669274 0.278532 0.033542 0.054067
0 0.611475 0.293199 0.033360 0.054448
0 0.551369 0.305852 0.033552 0.054640
0 0.428619 0.334180 0.033072 0.055119
0 0.367606 0.347599 0.035470 0.055503
0 0.303140 0.364279 0.035374 0.056462
0 0.234888 0.377986 0.038056 0.056462
1 0.646968 0.235127 0.037626 0.061829
2 0.589570 0.244712 0.036237 0.071224
3 0.531129 0.255822 0.037616 0.073277
4 0.473370 0.261124 0.041508 0.092599
5 0.413920 0.266701 0.045552 0.107946
3 0.351262 0.295590 0.038343 0.074051
2 0.285557 0.309413 0.040023 0.072927
1 0.217313 0.326953 0.046174 0.064785
