7 0.481488 0.302548 0.036415 0.060446
11 0.665974 0.282308 0.049170 0.105516
6 0.604649 0.344648 0.032685 0.054454
6 0.668289 0.344248 0.033350 0.054851
6 0.349560 0.385099 0.034987 0.056078
7 0.411877 0.384056 0.038409 0.064309
6 0.270956 0.429036 0.036746 0.057675
2 0.338512 0.424691 0.041792 0.078032
9 0.412963 0.422255 0.041733 0.078208
6 0.480789 0.430561 0.034950 0.057517
6 0.752207 0.432001 0.036412 0.057917
0 0.260274 0.478492 0.037943 0.058393
10 0.549396 0.466758 0.048899 0.095856
3 0.404578 0.529122 0.045440 0.081194
2 0.480365 0.527702 0.044289 0.081561
0 0.554856 0.535972 0.038548 0.058783
0 0.779291 0.533500 0.040837 0.060737
0 0.636938 0.595215 0.041872 0.061541
0 0.715326 0.593259 0.043819 0.062001
1 0.226085 0.661154 0.055278 0.076448
1 0.479934 0.657439 0.048889 0.076974
5 0.727733 0.640944 0.065777 0.117278
