7 0.787292 0.748396 0.059114 0.060231
10 0.527383 0.750926 0.058859 0.074471
7 0.443229 0.750241 0.050327 0.058763
11 0.264089 0.756176 0.073905 0.078813
9 0.690451 0.665435 0.051862 0.059759
6 0.605901 0.671159 0.043138 0.049236
8 0.523441 0.664610 0.048595 0.069788
9 0.437966 0.669694 0.049722 0.058198
6 0.361682 0.672882 0.042563 0.048601
6 0.276749 0.676286 0.043902 0.049848
6 0.184339 0.679064 0.048697 0.047738
6 0.679061 0.590175 0.041528 0.050152
6 0.757087 0.514208 0.044094 0.049686
6 0.518247 0.515405 0.040377 0.048773
0 0.516083 0.441887 0.040493 0.054064
8 0.440200 0.434899 0.045149 0.075155
0 0.738623 0.371564 0.041604 0.053492
2 0.590529 0.368249 0.045152 0.072662
3 0.511769 0.370367 0.045053 0.067870
0 0.434871 0.374420 0.038651 0.053720
2 0.360984 0.366200 0.045136 0.073095
0 0.658580 0.308393 0.038535 0.054067
3 0.509567 0.303292 0.044974 0.067821
4 0.438309 0.296371 0.049924 0.091796
0 0.364413 0.308795 0.039686 0.055215
0 0.289701 0.311498 0.039110 0.055099
0 0.214005 0.310060 0.042097 0.054987
1 0.583920 0.236964 0.042490 0.066865
1 0.511357 0.239439 0.043423 0.066048
5 0.291300 0.227470 0.057837 0.100906
