7 0.236245 0.566844 0.049289 0.077490
11 0.182207 0.367249 0.054481 0.118869
7 0.301263 0.501898 0.044815 0.073492
6 0.269261 0.419706 0.035711 0.060073
6 0.253641 0.381682 0.034980 0.059435
6 0.239185 0.342579 0.033231 0.056958
6 0.409142 0.583904 0.041796 0.067199
10 0.338692 0.388866 0.049349 0.100853
6 0.510582 0.620942 0.042659 0.067262
2 0.489603 0.561212 0.051190 0.082708
9 0.462422 0.508661 0.046207 0.085238
6 0.440782 0.471892 0.036822 0.061733
0 0.585456 0.602624 0.041938 0.067900
2 0.575471 0.438829 0.042900 0.076528
0 0.551577 0.405058 0.038022 0.059362
0 0.589922 0.354850 0.034831 0.057675
0 0.564840 0.321420 0.033072 0.056630
0 0.544982 0.288829 0.033780 0.055046
1 0.803289 0.548773 0.050499 0.075569
1 0.706700 0.414365 0.041138 0.067903
3 0.679917 0.367126 0.041025 0.079471
5 0.627354 0.286605 0.045966 0.110155
