7 0.841453 0.417116 0.045149 0.074484
10 0.658433 0.470289 0.056204 0.115208
7 0.521154 0.531662 0.048505 0.080043
11 0.455539 0.533729 0.059220 0.141908
9 0.733049 0.398540 0.044861 0.090466
6 0.673977 0.432867 0.039110 0.066237
8 0.611867 0.445866 0.045341 0.085985
9 0.544401 0.465713 0.046508 0.093462
6 0.483300 0.498206 0.041124 0.069018
6 0.414087 0.523082 0.042275 0.071607
6 0.337928 0.550642 0.042371 0.070556
6 0.686293 0.380527 0.039398 0.065089
8 0.441601 0.454139 0.046303 0.085890
6 0.703836 0.330871 0.036521 0.061829
6 0.526447 0.387333 0.037576 0.063938
0 0.488409 0.355775 0.037672 0.063363
0 0.620428 0.277938 0.035850 0.058859
2 0.511541 0.304785 0.041541 0.077646
3 0.449759 0.320088 0.041700 0.085030
0 0.387659 0.348634 0.037480 0.062500
2 0.325284 0.358571 0.042817 0.081402
0 0.529931 0.270509 0.036243 0.058955
3 0.413504 0.293064 0.042080 0.082345
0 0.294868 0.337515 0.037864 0.062887
0 0.232414 0.357310 0.037004 0.062979
0 0.165840 0.374997 0.039974 0.064034
1 0.437859 0.255804 0.041657 0.064239
4 0.382953 0.258717 0.044094 0.098737
1 0.262950 0.306478 0.040020 0.068380
5 0.201118 0.298767 0.051019 0.123737
