7 0.745265 0.403447 0.040939 0.064375
7 0.752669 0.447937 0.042659 0.067500
11 0.792199 0.578571 0.064345 0.123519
6 0.697637 0.543638 0.039144 0.062950
6 0.707063 0.599676 0.042176 0.065747
6 0.609598 0.371295 0.033118 0.054864
6 0.546829 0.332774 0.031177 0.052368
2 0.544115 0.361662 0.041220 0.067583
9 0.546147 0.399024 0.040251 0.078009
6 0.546903 0.449127 0.035155 0.058981
6 0.546108 0.657412 0.043022 0.067755
0 0.488021 0.331546 0.031015 0.053786
10 0.477136 0.476276 0.050390 0.102288
3 0.416109 0.399691 0.040069 0.077933
2 0.411789 0.445868 0.043538 0.071736
0 0.406832 0.495982 0.038347 0.060198
0 0.388618 0.662971 0.043710 0.068442
0 0.325349 0.546787 0.040645 0.063079
0 0.317249 0.601764 0.041700 0.065473
1 0.296617 0.367341 0.039874 0.062242
1 0.273272 0.446678 0.042417 0.068211
5 0.231083 0.576407 0.065929 0.126551
