7 0.333758 0.771457 0.048409 0.076849
9 0.283553 0.657894 0.046855 0.085364
10 0.265177 0.603198 0.058356 0.103148
7 0.225109 0.522971 0.043459 0.067741
11 0.199580 0.461597 0.049888 0.113234
6 0.356419 0.647943 0.039802 0.061892
8 0.332432 0.593773 0.044097 0.074292
9 0.310369 0.545134 0.043965 0.082847
6 0.290332 0.510597 0.036696 0.058436
6 0.268476 0.469760 0.035774 0.058436
6 0.246275 0.426796 0.034163 0.056713
6 0.453104 0.675496 0.040837 0.063155
8 0.357917 0.488054 0.041858 0.073092
6 0.554216 0.708740 0.041296 0.063155
6 0.469266 0.559658 0.036812 0.059699
0 0.534563 0.540818 0.038651 0.060737
0 0.692688 0.664363 0.039894 0.063224
2 0.627955 0.564487 0.044256 0.076369
3 0.597226 0.515481 0.043128 0.080235
0 0.569557 0.480977 0.036581 0.058667
2 0.544636 0.434836 0.040020 0.073013
0 0.724575 0.597966 0.039342 0.061839
3 0.661997 0.498694 0.042837 0.078988
0 0.604276 0.427351 0.035615 0.057976
0 0.574942 0.390425 0.034646 0.056736
0 0.551131 0.354053 0.034233 0.055215
1 0.760346 0.531000 0.043231 0.069018
4 0.724557 0.475845 0.047626 0.096974
1 0.664888 0.408934 0.040344 0.064375
5 0.638018 0.353762 0.047391 0.106405
