7 0.644730 0.632963 0.051207 0.083320
10 0.560557 0.619888 0.059011 0.117791
7 0.474697 0.632979 0.050724 0.082361
9 0.387161 0.629383 0.052397 0.094210
11 0.296260 0.621415 0.067963 0.137216
9 0.715807 0.559835 0.048750 0.092864
8 0.552836 0.566782 0.048601 0.090774
6 0.391963 0.578853 0.041987 0.067295
6 0.306481 0.583244 0.045304 0.068221
6 0.216498 0.586080 0.044894 0.067821
6 0.700068 0.517308 0.041928 0.065344
6 0.623626 0.518667 0.039223 0.064226
6 0.765658 0.464266 0.039385 0.062149
6 0.540785 0.468338 0.038105 0.062470
0 0.536023 0.419993 0.037384 0.061925
8 0.465527 0.413947 0.041941 0.080843
0 0.735240 0.374979 0.037226 0.059355
4 0.672573 0.359549 0.049120 0.100883
3 0.529792 0.370251 0.041124 0.081098
0 0.459669 0.380402 0.036329 0.059626
2 0.391543 0.372523 0.041220 0.079180
0 0.659549 0.339231 0.036505 0.058476
2 0.461308 0.333019 0.039494 0.076687
0 0.394868 0.341867 0.035754 0.059243
0 0.327287 0.344216 0.035374 0.059530
0 0.259658 0.343641 0.036042 0.058955
1 0.588871 0.297191 0.037946 0.064640
1 0.525112 0.299282 0.038181 0.064306
3 0.458657 0.291620 0.038823 0.077804
5 0.332379 0.279732 0.047212 0.114987
