7 0.371852 0.270382 0.034616 0.054917
8 0.425387 0.278001 0.033552 0.063509
9 0.481660 0.291462 0.034272 0.063657
10 0.535040 0.296637 0.040238 0.081376
11 0.591177 0.304846 0.041812 0.093674
9 0.646341 0.328370 0.035427 0.065529
7 0.769993 0.359506 0.042004 0.056452
6 0.354101 0.312847 0.030556 0.048796
6 0.406723 0.323132 0.029821 0.048730
6 0.462675 0.337644 0.030556 0.048330
6 0.516729 0.351558 0.030556 0.048862
6 0.631662 0.378484 0.031154 0.049726
6 0.692844 0.391665 0.033161 0.049858
6 0.759810 0.406311 0.036081 0.050129
6 0.560432 0.409838 0.032219 0.049993
8 0.616584 0.417722 0.037480 0.066528
0 0.397323 0.474777 0.034282 0.049593
0 0.462497 0.489091 0.034550 0.049193
0 0.222186 0.545094 0.039411 0.051194
0 0.287688 0.562138 0.037679 0.051458
0 0.486554 0.619234 0.036680 0.051392
0 0.552358 0.638439 0.037546 0.051858
0 0.623320 0.655680 0.037811 0.051591
0 0.695483 0.678414 0.039411 0.053125
1 0.183775 0.600957 0.053297 0.062979
2 0.253117 0.613647 0.050645 0.072937
3 0.321650 0.636503 0.045820 0.070360
4 0.388191 0.648578 0.053604 0.086852
5 0.459086 0.669029 0.052569 0.090876
3 0.531844 0.698604 0.044864 0.066488
2 0.607103 0.718914 0.046012 0.074196
1 0.683793 0.746462 0.049286 0.064544
