7 0.276100 0.437006 0.038409 0.063707
9 0.425155 0.354684 0.036389 0.072153
11 0.466262 0.314016 0.042530 0.103006
7 0.371400 0.439621 0.039077 0.062841
6 0.464473 0.387616 0.031458 0.054001
6 0.508042 0.361328 0.031396 0.051749
6 0.552695 0.336491 0.030595 0.052083
6 0.312566 0.528771 0.036574 0.059276
10 0.511574 0.399147 0.045403 0.091700
6 0.298674 0.598471 0.038022 0.061749
6 0.462702 0.497321 0.034663 0.057837
0 0.344542 0.636605 0.040010 0.062312
2 0.512131 0.523897 0.042417 0.074772
0 0.608494 0.531392 0.036617 0.058856
2 0.509431 0.670582 0.047354 0.082440
0 0.708140 0.531488 0.037867 0.059623
0 0.749312 0.499471 0.035661 0.058856
0 0.792401 0.469610 0.037288 0.056653
1 0.509115 0.761744 0.048985 0.079851
1 0.672826 0.635696 0.044573 0.073092
3 0.724706 0.591920 0.046012 0.083687
5 0.809856 0.509897 0.055076 0.113194
