7 0.273285 0.456151 0.040274 0.063975
10 0.318056 0.413037 0.047374 0.093495
9 0.402898 0.364268 0.036763 0.070909
11 0.435847 0.322217 0.041812 0.103720
9 0.278485 0.511293 0.043069 0.080754
8 0.368601 0.444372 0.039206 0.071991
7 0.408515 0.417979 0.038902 0.061991
6 0.447401 0.392601 0.031396 0.053681
6 0.482989 0.365202 0.030992 0.052725
6 0.518619 0.337480 0.029077 0.050966
6 0.332770 0.544229 0.038343 0.061111
6 0.336705 0.615759 0.040473 0.063839
3 0.389015 0.561594 0.044656 0.084597
6 0.475417 0.497059 0.034815 0.058251
4 0.397986 0.628838 0.053823 0.107669
6 0.488763 0.561033 0.036878 0.059580
0 0.531353 0.522875 0.036825 0.059355
8 0.570126 0.481126 0.043485 0.073965
0 0.462641 0.681491 0.041987 0.067103
0 0.512393 0.634664 0.041028 0.065281
0 0.629147 0.512469 0.036481 0.058780
2 0.666106 0.473924 0.043376 0.070936
2 0.690790 0.534291 0.044815 0.076128
0 0.721678 0.503828 0.035883 0.058581
0 0.750142 0.468905 0.035483 0.057116
0 0.780532 0.437586 0.034616 0.055853
1 0.684950 0.653571 0.048313 0.076409
1 0.720843 0.607604 0.046733 0.073899
3 0.758722 0.559072 0.046015 0.084778
5 0.817960 0.471357 0.056872 0.114435
