7 0.624473 0.729096 0.056174 0.067583
10 0.533667 0.723738 0.063697 0.084699
9 0.347993 0.725646 0.055628 0.064454
11 0.244578 0.726796 0.082946 0.091475
9 0.710544 0.633692 0.055929 0.070136
8 0.529461 0.632232 0.052341 0.078796
7 0.440541 0.639187 0.053522 0.068459
6 0.353996 0.640800 0.045969 0.055079
6 0.261925 0.643077 0.049001 0.056042
6 0.161571 0.645769 0.054524 0.054527
6 0.698467 0.555308 0.045532 0.056078
6 0.783639 0.475394 0.047212 0.056157
3 0.693269 0.472054 0.052483 0.067983
6 0.525046 0.475362 0.043135 0.055122
4 0.779005 0.382143 0.072196 0.102837
6 0.606764 0.398770 0.041690 0.059914
0 0.523376 0.397669 0.042910 0.060622
8 0.442065 0.389894 0.048092 0.083638
0 0.763181 0.325747 0.045615 0.060231
0 0.437503 0.327097 0.041872 0.060509
2 0.358395 0.317624 0.048218 0.082153
0 0.677188 0.259803 0.042338 0.061273
2 0.441405 0.249992 0.046819 0.082133
0 0.363188 0.258652 0.042321 0.062576
0 0.283299 0.261010 0.041769 0.062001
0 0.202085 0.258768 0.046372 0.061657
1 0.597927 0.185584 0.045212 0.073813
1 0.520407 0.187206 0.045536 0.073333
3 0.440415 0.180936 0.047278 0.080754
5 0.285088 0.170612 0.062946 0.115952
