7 0.551506 0.274782 0.044415 0.072216
11 0.776978 0.270131 0.058360 0.123608
6 0.690288 0.338368 0.039061 0.065427
6 0.769053 0.345279 0.040341 0.066624
6 0.377614 0.357214 0.042179 0.066048
7 0.449355 0.362688 0.045919 0.076495
6 0.278542 0.398099 0.042659 0.067103
2 0.353887 0.400620 0.048218 0.090876
6 0.518786 0.423803 0.041872 0.068790
0 0.256554 0.451976 0.043757 0.069296
10 0.586639 0.473110 0.057927 0.113700
6 0.844884 0.518011 0.045344 0.069210
2 0.493201 0.532677 0.050999 0.094521
0 0.845967 0.578543 0.047073 0.072470
3 0.303295 0.575774 0.054296 0.097778
1 0.653624 0.623112 0.054451 0.084742
0 0.751139 0.636313 0.048442 0.073988
1 0.186784 0.642667 0.059144 0.086465
5 0.743942 0.685303 0.068082 0.140301
