7 0.418963 0.672027 0.045294 0.074610
9 0.331004 0.594826 0.043667 0.085837
10 0.293578 0.556275 0.050966 0.103006
7 0.223004 0.506811 0.041472 0.066505
11 0.183143 0.456968 0.049170 0.115926
6 0.433335 0.614334 0.037146 0.062629
6 0.391516 0.580064 0.037226 0.061829
8 0.351166 0.541473 0.041987 0.075142
9 0.311908 0.507194 0.045761 0.080155
6 0.278910 0.488981 0.034110 0.057275
6 0.242445 0.461501 0.036108 0.057917
6 0.205579 0.433102 0.034431 0.055761
6 0.370043 0.493510 0.035417 0.058046
8 0.336096 0.461329 0.040069 0.072758
6 0.593246 0.594203 0.038985 0.062950
6 0.463740 0.500501 0.034286 0.057384
0 0.560868 0.504998 0.036829 0.059435
0 0.514975 0.476518 0.035790 0.058075
0 0.696887 0.542925 0.037014 0.059977
2 0.607624 0.479251 0.041062 0.074289
3 0.563957 0.447333 0.040645 0.078032
0 0.524370 0.429891 0.034349 0.055357
2 0.487783 0.397642 0.037464 0.070377
0 0.700749 0.491966 0.036214 0.058449
3 0.614878 0.427232 0.038823 0.075489
0 0.535873 0.386954 0.032593 0.055119
0 0.496720 0.364112 0.030608 0.052788
0 0.461896 0.341080 0.031022 0.052259
1 0.799585 0.496164 0.041458 0.066224
4 0.662875 0.401617 0.044190 0.091832
5 0.623271 0.368383 0.045437 0.107440
1 0.507598 0.320575 0.035784 0.058247
