7 0.388333 0.616229 0.044259 0.071577
11 0.258920 0.550121 0.060982 0.119646
6 0.306510 0.531341 0.036412 0.059382
6 0.651220 0.593037 0.037811 0.061776
6 0.409360 0.510638 0.035215 0.057784
10 0.337774 0.474211 0.049888 0.095288
6 0.752006 0.570670 0.038026 0.060394
1 0.554254 0.503672 0.040982 0.067821
2 0.437292 0.464535 0.039934 0.073972
7 0.776085 0.519975 0.042659 0.070360
6 0.359590 0.399368 0.033201 0.053790
0 0.388798 0.369311 0.031954 0.053257
3 0.758198 0.423742 0.040741 0.076015
1 0.525050 0.364950 0.036746 0.060443
0 0.471622 0.353361 0.031286 0.052755
5 0.502601 0.300190 0.041987 0.101690
