7 0.259011 0.590569 0.050007 0.079325
7 0.237052 0.542503 0.049765 0.077407
11 0.170794 0.403254 0.058360 0.121237
6 0.265460 0.448108 0.036607 0.060046
6 0.242915 0.414158 0.034805 0.058846
6 0.439694 0.590360 0.042179 0.068300
6 0.550412 0.617044 0.042979 0.069259
2 0.517417 0.560438 0.048313 0.085122
9 0.477374 0.513056 0.045437 0.088075
6 0.447487 0.481999 0.036839 0.061670
10 0.389282 0.394739 0.047255 0.097950
6 0.348318 0.351696 0.032173 0.054200
0 0.620190 0.591804 0.041458 0.068694
3 0.608052 0.473972 0.044193 0.084742
2 0.570878 0.440651 0.041412 0.076402
0 0.538125 0.413373 0.034484 0.057917
0 0.452297 0.325795 0.030288 0.053575
0 0.563302 0.366829 0.032755 0.056052
0 0.532480 0.339901 0.030886 0.053988
1 0.768654 0.481559 0.047209 0.070856
1 0.687480 0.409959 0.039808 0.065638
5 0.587242 0.303054 0.043598 0.106749
