7 0.230400 0.671645 0.054643 0.080043
8 0.234011 0.603887 0.057401 0.077417
9 0.244226 0.533725 0.050245 0.083145
10 0.246946 0.472323 0.060565 0.100493
7 0.265995 0.387784 0.042606 0.065304
11 0.262282 0.324443 0.052579 0.110182
6 0.319101 0.600334 0.042560 0.064226
6 0.323079 0.537978 0.041316 0.061253
6 0.327679 0.484008 0.038439 0.059530
6 0.330316 0.388724 0.035274 0.057421
6 0.330556 0.346688 0.034411 0.055982
6 0.331465 0.305132 0.031825 0.053968
6 0.398902 0.427402 0.035569 0.058092
8 0.397290 0.380875 0.041062 0.068780
6 0.486903 0.655552 0.044573 0.065377
9 0.561374 0.574175 0.049349 0.082847
0 0.553363 0.522267 0.039398 0.061637
0 0.540951 0.466475 0.038151 0.059722
0 0.600240 0.413029 0.036141 0.057910
2 0.592998 0.364243 0.041458 0.070536
0 0.735565 0.637480 0.044815 0.065417
0 0.714158 0.571252 0.043376 0.063667
3 0.682593 0.450284 0.044478 0.079563
0 0.654735 0.367827 0.035278 0.057037
0 0.640357 0.327421 0.033743 0.054835
0 0.630914 0.290141 0.032880 0.053489
1 0.824783 0.630241 0.062232 0.078221
2 0.798305 0.562576 0.060010 0.076786
4 0.758021 0.439645 0.061888 0.099044
5 0.740304 0.384636 0.060390 0.113194
3 0.719587 0.354329 0.042275 0.077745
1 0.692680 0.282771 0.039342 0.061243
