7 0.708810 0.654641 0.052341 0.082708
8 0.625843 0.630397 0.048697 0.091448
9 0.543175 0.607462 0.047553 0.091220
10 0.470590 0.580673 0.055129 0.108747
11 0.396493 0.552679 0.056849 0.125542
7 0.191118 0.522085 0.051845 0.071498
6 0.720650 0.599812 0.042464 0.067970
6 0.645160 0.583128 0.040453 0.065470
6 0.568709 0.563189 0.039401 0.063555
6 0.499506 0.543922 0.038429 0.061640
6 0.364724 0.510898 0.037682 0.061353
6 0.299003 0.495848 0.037378 0.060585
6 0.230660 0.479648 0.040261 0.059051
6 0.455020 0.480941 0.036521 0.059719
8 0.396124 0.459190 0.041508 0.077646
9 0.696725 0.430466 0.042470 0.080304
0 0.631854 0.425754 0.034911 0.058155
0 0.564871 0.413851 0.034828 0.057358
2 0.466926 0.349048 0.035374 0.070840
0 0.786124 0.381801 0.034431 0.055519
0 0.721300 0.370937 0.033710 0.055202
3 0.600155 0.338935 0.036905 0.073095
0 0.542543 0.337082 0.030595 0.052563
0 0.489380 0.326898 0.031154 0.052963
0 0.434701 0.317950 0.029798 0.052004
0 0.383095 0.306847 0.030437 0.051524
1 0.799878 0.345354 0.041475 0.062044
2 0.734778 0.331314 0.037632 0.070056
4 0.619038 0.301913 0.040357 0.088383
5 0.563972 0.283649 0.041528 0.104567
3 0.509110 0.289335 0.033710 0.071177
1 0.405486 0.276300 0.032685 0.055853
