10 0.590432 0.665903 0.055645 0.106772
9 0.435863 0.702384 0.050245 0.086852
11 0.356546 0.709167 0.059005 0.123823
6 0.419263 0.656050 0.040179 0.062788
6 0.341324 0.673161 0.040367 0.064034
6 0.256868 0.690369 0.041508 0.063747
6 0.677148 0.552808 0.037371 0.059835
7 0.543431 0.573434 0.045281 0.070460
6 0.721486 0.494094 0.036260 0.057116
6 0.518874 0.529745 0.036346 0.058876
0 0.698545 0.450112 0.035946 0.057897
7 0.566364 0.468892 0.040407 0.067500
2 0.498052 0.475026 0.042176 0.077646
2 0.361472 0.500766 0.043042 0.079084
0 0.415233 0.455030 0.035949 0.057917
0 0.332593 0.424917 0.036667 0.057765
0 0.266769 0.437138 0.036349 0.057596
0 0.197469 0.446723 0.037226 0.058393
1 0.628467 0.335860 0.037146 0.062308
1 0.446146 0.362574 0.038145 0.062576
3 0.379992 0.364979 0.039878 0.075155
5 0.254430 0.371665 0.047900 0.110982
