7 0.169550 0.593261 0.044656 0.074292
9 0.237705 0.503471 0.043366 0.083892
10 0.267879 0.460413 0.049349 0.099775
7 0.330531 0.405559 0.040182 0.064067
11 0.350374 0.349727 0.046839 0.112159
6 0.302526 0.525804 0.038075 0.062116
8 0.332369 0.481407 0.041220 0.076048
9 0.363337 0.441157 0.041124 0.081799
6 0.387305 0.418535 0.033935 0.057401
6 0.411174 0.385349 0.034279 0.057748
6 0.436424 0.351933 0.032556 0.056022
6 0.341062 0.577740 0.040377 0.065685
8 0.449879 0.423725 0.040341 0.073013
6 0.378150 0.637030 0.040499 0.067103
6 0.464606 0.508838 0.036693 0.062232
0 0.530554 0.521109 0.038535 0.063151
0 0.527449 0.666397 0.041987 0.068674
2 0.574962 0.571529 0.046108 0.079468
3 0.599866 0.523628 0.045149 0.087235
0 0.622143 0.494400 0.038056 0.061637
2 0.643811 0.453512 0.042913 0.073254
0 0.625456 0.634993 0.041528 0.068214
3 0.671617 0.537297 0.045437 0.086849
0 0.708082 0.470099 0.037196 0.061157
0 0.723371 0.433864 0.035182 0.060010
0 0.742209 0.400840 0.035278 0.058763
1 0.681857 0.697617 0.050962 0.080982
4 0.742227 0.543289 0.051194 0.107212
1 0.777378 0.478947 0.044015 0.069739
5 0.793714 0.420595 0.050384 0.118254
