7 0.191683 0.570437 0.049848 0.080906
10 0.177186 0.508178 0.061190 0.116290
9 0.154306 0.425240 0.045761 0.088112
11 0.132483 0.367938 0.055774 0.126187
6 0.226147 0.423340 0.037811 0.063307
6 0.209570 0.384129 0.037282 0.062510
6 0.193267 0.343887 0.034762 0.060711
6 0.375696 0.588094 0.043330 0.070076
7 0.336644 0.491668 0.047163 0.077073
6 0.482105 0.625096 0.043528 0.070840
6 0.408834 0.475721 0.038502 0.065503
0 0.560294 0.606624 0.044094 0.071706
2 0.481516 0.453094 0.046108 0.081577
2 0.432894 0.373373 0.043618 0.077103
0 0.524521 0.408006 0.038439 0.062513
0 0.565787 0.357196 0.037388 0.061541
0 0.539425 0.322733 0.035086 0.060103
0 0.518241 0.289187 0.035853 0.058386
1 0.752464 0.503014 0.048082 0.076842
1 0.688380 0.417502 0.043697 0.071736
3 0.660056 0.368977 0.042083 0.084454
5 0.605671 0.285984 0.048446 0.116782
