7 0.197869 0.500516 0.046412 0.074530
11 0.153588 0.397396 0.058142 0.125327
6 0.249539 0.445513 0.037278 0.062176
6 0.225742 0.409598 0.035486 0.061445
6 0.427637 0.595746 0.043297 0.071253
10 0.290041 0.373414 0.048271 0.100493
6 0.540248 0.624911 0.044173 0.071978
6 0.437472 0.484124 0.037814 0.064107
2 0.378198 0.405008 0.046812 0.076690
0 0.612951 0.600499 0.043297 0.071495
7 0.542495 0.501202 0.045691 0.074931
6 0.391548 0.330405 0.033631 0.057596
0 0.445491 0.317975 0.032113 0.056478
3 0.707325 0.502176 0.048082 0.091224
1 0.561850 0.361622 0.040261 0.065744
0 0.530329 0.334590 0.033390 0.057275
1 0.823978 0.532515 0.053300 0.077933
5 0.589864 0.295675 0.046382 0.112778
