7 0.545031 0.331331 0.035837 0.059024
9 0.695828 0.396195 0.040129 0.076141
11 0.755746 0.404547 0.049957 0.108962
7 0.553510 0.384029 0.037212 0.061379
6 0.658813 0.434044 0.033790 0.056078
6 0.716091 0.459967 0.035549 0.057917
6 0.779878 0.488805 0.036746 0.058555
6 0.423094 0.369484 0.032153 0.053320
10 0.621253 0.453485 0.047196 0.096905
6 0.332857 0.372414 0.032884 0.053856
6 0.476104 0.446635 0.033790 0.056319
0 0.288145 0.400398 0.033552 0.054719
2 0.432312 0.474891 0.041462 0.075331
2 0.387006 0.509648 0.041386 0.076769
0 0.439790 0.546905 0.038185 0.059272
0 0.447171 0.619203 0.039686 0.061528
0 0.507609 0.652857 0.040549 0.063651
0 0.568194 0.691296 0.042467 0.066144
1 0.138115 0.498528 0.048062 0.067169
1 0.283891 0.590633 0.046108 0.072087
3 0.338072 0.621721 0.047163 0.086465
5 0.453049 0.677287 0.058142 0.125063
