7 0.623600 0.323543 0.033839 0.057087
10 0.681680 0.407913 0.047255 0.094960
7 0.722956 0.499982 0.042474 0.067834
11 0.757490 0.522444 0.057712 0.119299
9 0.583252 0.354456 0.036187 0.072073
6 0.601921 0.396372 0.031634 0.054722
8 0.620620 0.425050 0.040182 0.069980
9 0.638284 0.461601 0.041872 0.081501
6 0.658686 0.508676 0.036187 0.059745
6 0.683340 0.554360 0.038810 0.062708
6 0.711900 0.607518 0.040407 0.064640
6 0.527588 0.370610 0.032192 0.053522
6 0.456612 0.342092 0.030837 0.052404
6 0.493958 0.444182 0.033948 0.057675
0 0.428958 0.451700 0.033591 0.058208
8 0.440460 0.485992 0.045245 0.073333
0 0.339405 0.356050 0.031634 0.053720
2 0.356199 0.417414 0.040499 0.068459
3 0.364345 0.452462 0.041124 0.080427
0 0.373110 0.504097 0.037847 0.060390
2 0.381227 0.542143 0.044815 0.078287
0 0.285628 0.394988 0.034511 0.055678
3 0.295086 0.460217 0.042659 0.081769
4 0.303100 0.492961 0.049831 0.102563
0 0.309727 0.556207 0.040605 0.064074
0 0.320481 0.606075 0.041181 0.067639
0 0.326923 0.661462 0.044401 0.068902
1 0.219334 0.433079 0.042735 0.065906
1 0.231481 0.561883 0.048657 0.074091
5 0.236004 0.590701 0.059798 0.130033
