7 0.377168 0.705091 0.052325 0.077728
8 0.339481 0.639858 0.053393 0.079947
9 0.308259 0.574190 0.048753 0.081052
10 0.275364 0.513566 0.063704 0.099593
11 0.246959 0.454225 0.064818 0.112622
9 0.226161 0.425098 0.048003 0.080903
7 0.178176 0.341113 0.046796 0.064838
6 0.452912 0.667970 0.044864 0.062705
6 0.414089 0.609691 0.042371 0.061928
6 0.380873 0.550919 0.039782 0.059431
6 0.352454 0.498542 0.038737 0.059147
6 0.323165 0.450852 0.037672 0.058284
6 0.295370 0.405455 0.036918 0.057219
6 0.268669 0.363231 0.036809 0.056567
6 0.241875 0.321195 0.035946 0.055876
8 0.357700 0.375028 0.044494 0.071895
0 0.538745 0.414492 0.037146 0.057913
0 0.783201 0.506331 0.043056 0.059435
0 0.733833 0.456925 0.039385 0.059034
0 0.691653 0.410031 0.036825 0.057596
0 0.614646 0.327892 0.033684 0.055321
0 0.581862 0.292244 0.032950 0.055784
0 0.547578 0.258525 0.031756 0.053856
0 0.519218 0.225574 0.031088 0.053588
1 0.847750 0.475208 0.055982 0.070073
2 0.796705 0.424787 0.053297 0.074580
3 0.750193 0.378485 0.044289 0.075919
4 0.711161 0.330146 0.054306 0.094325
5 0.672354 0.284562 0.050522 0.110017
3 0.633446 0.263146 0.037288 0.075440
2 0.599727 0.231668 0.036657 0.068059
1 0.568771 0.203373 0.034613 0.060311
