7 0.577923 0.352483 0.034947 0.057196
10 0.626020 0.358115 0.041723 0.086435
9 0.729537 0.403223 0.037884 0.072404
11 0.787910 0.406936 0.046118 0.104263
6 0.699524 0.439552 0.031733 0.053700
6 0.756394 0.459699 0.033753 0.054987
6 0.819302 0.481801 0.033618 0.055255
6 0.464585 0.392368 0.031015 0.051601
7 0.560992 0.427507 0.037077 0.060913
6 0.377846 0.399182 0.031690 0.052325
6 0.529473 0.459218 0.032120 0.053919
0 0.339408 0.426614 0.032685 0.053056
2 0.606905 0.530010 0.040820 0.074530
0 0.511430 0.549615 0.036214 0.056782
2 0.569600 0.568872 0.041779 0.077407
0 0.532321 0.612596 0.040357 0.060774
0 0.593146 0.637376 0.038151 0.061062
0 0.655167 0.666372 0.039110 0.062884
1 0.264843 0.547679 0.042417 0.066224
1 0.372937 0.596194 0.042467 0.068829
3 0.430223 0.619079 0.044289 0.083727
5 0.550582 0.657202 0.053671 0.121435
