7 0.149899 0.404061 0.043271 0.063578
8 0.219430 0.378562 0.038886 0.071078
10 0.333262 0.332485 0.043667 0.090771
7 0.445696 0.307191 0.036538 0.059521
11 0.497161 0.271263 0.040228 0.102586
6 0.178297 0.444315 0.037282 0.057116
9 0.245322 0.415670 0.040155 0.074540
6 0.304775 0.401999 0.034894 0.055248
6 0.365592 0.381473 0.032368 0.054349
6 0.475465 0.342184 0.030724 0.052358
9 0.527477 0.315655 0.037500 0.071541
6 0.577804 0.304982 0.031058 0.051829
6 0.268396 0.459666 0.036554 0.057427
6 0.451190 0.396505 0.032712 0.054623
6 0.558912 0.356096 0.032401 0.053171
0 0.482259 0.430222 0.034874 0.057811
0 0.394957 0.524342 0.037903 0.058776
0 0.457983 0.497487 0.037487 0.058155
8 0.636062 0.418024 0.039808 0.072464
0 0.293026 0.626635 0.042579 0.062424
2 0.430749 0.560327 0.045460 0.080602
2 0.615671 0.480787 0.042864 0.076766
0 0.734854 0.443257 0.036554 0.056495
0 0.398009 0.648598 0.041746 0.062725
4 0.474850 0.601362 0.052940 0.103036
0 0.656199 0.532432 0.038006 0.060334
0 0.715799 0.507072 0.038112 0.058780
1 0.362378 0.736877 0.051144 0.080605
3 0.509924 0.661614 0.049888 0.087751
5 0.641010 0.585928 0.056419 0.116498
3 0.703634 0.571004 0.046958 0.083595
1 0.821991 0.521237 0.048849 0.069286
