7 0.616410 0.280384 0.034521 0.057599
10 0.654225 0.340890 0.042470 0.087930
7 0.728770 0.472513 0.041157 0.065000
6 0.561814 0.292768 0.031240 0.051839
6 0.598403 0.363879 0.032540 0.053829
11 0.711106 0.558988 0.054481 0.112407
6 0.524621 0.335876 0.032609 0.052652
6 0.577440 0.452791 0.033856 0.055040
6 0.623724 0.541754 0.035754 0.057206
9 0.516038 0.452675 0.040741 0.077196
8 0.529777 0.501784 0.041194 0.071425
3 0.558383 0.548155 0.045013 0.080899
6 0.575187 0.603039 0.036968 0.060542
0 0.414496 0.390403 0.034964 0.055734
8 0.430630 0.426878 0.041954 0.068955
4 0.452642 0.459595 0.046356 0.093614
6 0.468232 0.519337 0.036657 0.057530
0 0.328328 0.327965 0.033317 0.053224
3 0.367607 0.435724 0.040499 0.076766
0 0.278983 0.373953 0.034964 0.054435
0 0.332363 0.543995 0.038310 0.060351
5 0.225529 0.402270 0.049709 0.110903
1 0.270979 0.602788 0.046356 0.072903
1 0.287578 0.658368 0.045612 0.074322
