7 0.310762 0.798917 0.050678 0.075268
10 0.256233 0.652133 0.058618 0.102586
7 0.176911 0.498783 0.046501 0.069464
11 0.132520 0.385976 0.058499 0.109286
6 0.388737 0.767867 0.044345 0.062103
6 0.329253 0.641587 0.041019 0.060337
6 0.250192 0.478700 0.036865 0.057738
9 0.225904 0.425385 0.043846 0.075116
6 0.203092 0.386903 0.034960 0.056657
6 0.427715 0.674869 0.041872 0.060850
6 0.345002 0.506058 0.036888 0.057950
2 0.313922 0.449980 0.048102 0.073029
6 0.293674 0.411854 0.036243 0.057741
8 0.262459 0.365810 0.044309 0.068194
6 0.411648 0.481820 0.037761 0.057199
3 0.353613 0.379633 0.041994 0.074769
0 0.331817 0.344061 0.033542 0.055351
0 0.541696 0.560544 0.038631 0.059712
8 0.508016 0.502338 0.047540 0.072579
4 0.472970 0.443705 0.046667 0.096723
0 0.676331 0.646326 0.041954 0.060926
3 0.569714 0.478555 0.042867 0.075893
0 0.503178 0.395372 0.035205 0.056597
0 0.702283 0.565976 0.039878 0.059193
0 0.565268 0.376047 0.034960 0.055301
1 0.808608 0.591273 0.049101 0.068790
5 0.656338 0.376305 0.051683 0.106954
1 0.562216 0.273226 0.038115 0.061789
