7 0.865618 0.661734 0.055628 0.076273
10 0.700463 0.674927 0.061733 0.111620
7 0.448241 0.739433 0.053836 0.083244
11 0.272822 0.753829 0.066326 0.128558
6 0.828211 0.604894 0.043618 0.065423
6 0.674104 0.630813 0.045364 0.066422
9 0.346541 0.680699 0.051647 0.089864
6 0.725073 0.561468 0.041124 0.063968
6 0.493318 0.595141 0.040976 0.065050
6 0.332326 0.624681 0.041749 0.065526
8 0.395670 0.536362 0.046247 0.084603
3 0.312004 0.556804 0.050595 0.083495
6 0.235757 0.573069 0.043075 0.063856
0 0.603634 0.455103 0.039378 0.063433
8 0.528738 0.460395 0.044653 0.083542
4 0.454993 0.465311 0.051680 0.105516
6 0.380916 0.492098 0.039669 0.064593
2 0.301171 0.497312 0.047553 0.086435
0 0.717417 0.390461 0.037698 0.060751
3 0.509901 0.411607 0.044563 0.082249
0 0.628606 0.355632 0.037298 0.059451
0 0.352474 0.394024 0.039001 0.060926
5 0.538682 0.297154 0.049957 0.114130
1 0.474606 0.326071 0.041124 0.067917
1 0.193679 0.361999 0.044613 0.070658
