7 0.530929 0.256458 0.033578 0.056422
8 0.565544 0.280789 0.034712 0.065387
10 0.596607 0.299107 0.040675 0.087480
7 0.716799 0.400627 0.038849 0.062596
11 0.806753 0.450021 0.054914 0.112517
6 0.485273 0.276779 0.030771 0.050866
9 0.516485 0.296999 0.035000 0.070387
6 0.549552 0.331799 0.032450 0.053307
6 0.663457 0.425815 0.033059 0.054692
9 0.705962 0.451104 0.041772 0.078810
6 0.751926 0.497145 0.036141 0.058780
6 0.469387 0.320840 0.031571 0.053168
6 0.531445 0.380656 0.033439 0.055142
6 0.570312 0.414185 0.033317 0.054864
2 0.612907 0.442677 0.041997 0.073773
6 0.650551 0.483436 0.035724 0.058466
8 0.700250 0.512895 0.045347 0.077887
0 0.517698 0.433720 0.035390 0.058313
3 0.599762 0.501214 0.043816 0.082844
0 0.388795 0.391045 0.032973 0.055126
0 0.424319 0.424388 0.035311 0.056944
0 0.277712 0.351683 0.033333 0.053690
2 0.440694 0.517201 0.043069 0.077014
0 0.516359 0.613689 0.040271 0.063694
0 0.248183 0.403724 0.033925 0.056078
4 0.275974 0.425150 0.050605 0.095109
0 0.376895 0.549578 0.039292 0.061531
0 0.414097 0.593724 0.039669 0.062831
1 0.160268 0.390003 0.041124 0.064385
5 0.276877 0.513034 0.056432 0.119732
3 0.310842 0.570362 0.045400 0.084699
1 0.386326 0.668600 0.048228 0.077761
