7 0.556438 0.286271 0.036058 0.060737
10 0.615164 0.334504 0.045162 0.094960
7 0.725728 0.450389 0.043340 0.069924
11 0.806430 0.506478 0.056167 0.124537
6 0.502586 0.304183 0.032606 0.056184
6 0.560010 0.365453 0.034676 0.058882
6 0.661723 0.472224 0.036554 0.060453
9 0.699812 0.501357 0.045000 0.087927
6 0.475410 0.349315 0.033128 0.057639
6 0.563201 0.452738 0.036243 0.060026
2 0.600706 0.485771 0.045360 0.079755
0 0.634251 0.531521 0.039924 0.064848
6 0.674344 0.574587 0.041498 0.067791
6 0.500076 0.471040 0.039630 0.062808
8 0.528001 0.502822 0.044540 0.080308
3 0.571978 0.544145 0.047374 0.091161
0 0.373970 0.415612 0.036035 0.060231
8 0.403947 0.446490 0.051696 0.078231
4 0.436238 0.473383 0.049051 0.103783
0 0.265656 0.367644 0.036035 0.058363
3 0.337885 0.463838 0.043118 0.085989
0 0.401467 0.553251 0.040003 0.065549
0 0.224350 0.418426 0.036954 0.060060
0 0.326321 0.575809 0.041372 0.066670
1 0.135680 0.398786 0.042867 0.068168
5 0.225253 0.529034 0.060724 0.129418
1 0.309423 0.695241 0.049970 0.083122
