7 0.831898 0.511361 0.045675 0.065195
8 0.779296 0.539964 0.045562 0.077262
10 0.726065 0.561000 0.052341 0.098251
7 0.558836 0.685311 0.046938 0.075602
11 0.494859 0.706043 0.056849 0.115638
6 0.777558 0.479499 0.036141 0.056491
9 0.725405 0.499476 0.041538 0.076849
6 0.677799 0.538029 0.036763 0.058571
6 0.622374 0.568519 0.036554 0.058571
6 0.510152 0.638105 0.037500 0.059815
9 0.449697 0.668767 0.045923 0.082903
6 0.384816 0.715790 0.041498 0.062434
6 0.683365 0.473509 0.034997 0.056700
6 0.523356 0.559911 0.035827 0.056687
6 0.407407 0.626457 0.039048 0.059924
8 0.347454 0.660732 0.045694 0.081696
0 0.482718 0.520726 0.036389 0.056703
3 0.361263 0.579509 0.045112 0.076888
0 0.545008 0.425790 0.032503 0.054623
0 0.494279 0.453320 0.034167 0.055972
0 0.599818 0.351797 0.031362 0.052338
2 0.505435 0.391772 0.037636 0.069537
2 0.347930 0.470817 0.040126 0.072778
0 0.221986 0.532851 0.037596 0.057308
0 0.516729 0.346834 0.031362 0.051822
4 0.463910 0.355202 0.041888 0.087183
0 0.314567 0.442363 0.034702 0.054435
0 0.255728 0.468753 0.034894 0.056078
1 0.525994 0.296498 0.033542 0.057222
5 0.332662 0.363851 0.045939 0.104798
3 0.278841 0.401205 0.039256 0.072278
1 0.161614 0.458454 0.045608 0.064554
