7 0.178872 0.333768 0.042579 0.058965
10 0.304117 0.300812 0.042917 0.085837
7 0.471101 0.279873 0.033558 0.056829
6 0.188661 0.379006 0.034478 0.053065
6 0.319623 0.353866 0.032626 0.051925
11 0.600203 0.274932 0.043786 0.096366
6 0.267669 0.408748 0.034894 0.052755
6 0.449613 0.367999 0.030741 0.051925
6 0.565187 0.343881 0.030473 0.050367
8 0.530089 0.387955 0.036554 0.070063
3 0.590713 0.374263 0.037636 0.072156
6 0.642963 0.368441 0.031673 0.051405
0 0.364742 0.489124 0.035516 0.053585
4 0.496233 0.445076 0.044563 0.087183
6 0.555030 0.440734 0.033750 0.051614
0 0.242407 0.576452 0.041310 0.057116
3 0.454479 0.514595 0.041247 0.074646
0 0.332097 0.614878 0.040708 0.057011
0 0.607578 0.537779 0.037179 0.055559
5 0.426640 0.638320 0.055807 0.106772
1 0.706490 0.573996 0.049501 0.067444
