7 0.524342 0.638818 0.052388 0.087351
6 0.802606 0.626116 0.047963 0.074646
6 0.628720 0.599248 0.045860 0.073151
10 0.464396 0.554211 0.059216 0.120592
11 0.215870 0.505906 0.060985 0.137731
6 0.725326 0.561650 0.044864 0.071283
6 0.479378 0.522159 0.041997 0.070033
6 0.320575 0.500924 0.041872 0.069289
7 0.579256 0.481799 0.047771 0.077196
8 0.422102 0.450736 0.046663 0.087927
6 0.269122 0.439873 0.040129 0.066670
0 0.831921 0.426012 0.041772 0.067963
3 0.679618 0.395756 0.046657 0.090473
0 0.764344 0.376032 0.039878 0.065298
3 0.683894 0.359193 0.045162 0.087480
4 0.548757 0.332411 0.050245 0.107130
0 0.475574 0.339282 0.038112 0.063036
5 0.775944 0.310615 0.054699 0.125542
1 0.422237 0.290360 0.042682 0.070304
