7 0.619845 0.325625 0.034616 0.056925
6 0.456539 0.288439 0.028872 0.049848
10 0.679692 0.381445 0.045311 0.091071
11 0.787900 0.429934 0.054901 0.111329
6 0.458980 0.329595 0.030321 0.051822
6 0.589375 0.400572 0.032030 0.053393
6 0.692951 0.451991 0.034580 0.055661
6 0.459593 0.378247 0.032401 0.053896
7 0.499499 0.397751 0.036921 0.061270
8 0.595058 0.448229 0.039600 0.074494
6 0.706981 0.513300 0.037011 0.060939
0 0.558297 0.486147 0.037011 0.059041
0 0.283776 0.382662 0.034061 0.054107
3 0.365713 0.424813 0.040976 0.077312
0 0.274137 0.434790 0.035655 0.056597
3 0.315258 0.454211 0.041276 0.080155
4 0.409826 0.503146 0.047735 0.099944
5 0.216295 0.439236 0.056637 0.116283
1 0.461764 0.628608 0.047404 0.077910
