7 0.649211 0.378087 0.035579 0.057887
10 0.701796 0.445807 0.045761 0.091071
11 0.804545 0.506639 0.054732 0.108925
6 0.608844 0.460370 0.032814 0.052963
6 0.707688 0.522588 0.035516 0.055559
6 0.396981 0.373887 0.031528 0.051716
6 0.432550 0.401725 0.031587 0.052530
4 0.567968 0.471037 0.044864 0.093614
8 0.607156 0.514823 0.040503 0.073846
6 0.713203 0.590693 0.037490 0.060440
6 0.434696 0.455266 0.032626 0.053654
0 0.301855 0.426925 0.033836 0.053135
3 0.378424 0.477975 0.041273 0.075817
0 0.287083 0.483618 0.035866 0.056541
3 0.325499 0.508214 0.041124 0.077765
5 0.228687 0.489608 0.054193 0.111260
1 0.452908 0.700501 0.046485 0.075771
