7 0.628056 0.307836 0.039233 0.065387
10 0.670496 0.358340 0.048988 0.104081
7 0.758724 0.487163 0.048360 0.077771
11 0.823814 0.550870 0.064170 0.144709
6 0.565924 0.319778 0.036015 0.060317
6 0.605906 0.384841 0.036865 0.063347
9 0.710771 0.533165 0.051012 0.098201
6 0.522047 0.359026 0.035827 0.062100
6 0.580504 0.469033 0.039256 0.066359
6 0.633780 0.556143 0.042493 0.070909
6 0.660898 0.606438 0.044864 0.076515
8 0.522336 0.514388 0.048462 0.088340
3 0.555091 0.559721 0.051862 0.101392
0 0.392383 0.410868 0.037801 0.065321
8 0.408834 0.443563 0.050122 0.083912
4 0.432259 0.471359 0.052943 0.114669
6 0.448461 0.534385 0.042371 0.071653
2 0.473414 0.576285 0.051743 0.091220
0 0.298919 0.353947 0.037593 0.062312
3 0.335759 0.451311 0.047106 0.093462
0 0.238768 0.396835 0.039673 0.064802
0 0.286166 0.560395 0.045969 0.074077
5 0.172300 0.415465 0.057497 0.136095
1 0.181166 0.479516 0.048853 0.079382
1 0.222422 0.676746 0.056974 0.093313
