7 0.552566 0.590805 0.045694 0.076961
10 0.394304 0.579585 0.054732 0.108925
11 0.228697 0.567275 0.065694 0.125542
6 0.473674 0.538257 0.038009 0.061997
6 0.320197 0.540698 0.039772 0.062619
3 0.766610 0.479277 0.045112 0.082001
6 0.692672 0.482429 0.038320 0.060645
4 0.471772 0.473889 0.051501 0.101567
8 0.400666 0.475549 0.043892 0.080589
6 0.252336 0.485850 0.039117 0.060060
6 0.610589 0.440608 0.035893 0.061065
0 0.742321 0.396141 0.036865 0.059193
0 0.668070 0.357945 0.035076 0.057464
3 0.603008 0.348861 0.039778 0.077014
5 0.664664 0.297131 0.048092 0.110182
1 0.473322 0.315823 0.038423 0.063452
