7 0.352025 0.374234 0.042232 0.067431
7 0.480575 0.352288 0.038538 0.066462
6 0.166230 0.449145 0.038942 0.063039
6 0.307216 0.424980 0.037593 0.060959
11 0.631839 0.342872 0.047374 0.115638
6 0.258118 0.473347 0.038505 0.064306
6 0.467723 0.436589 0.035724 0.061167
6 0.595728 0.410699 0.034894 0.059091
3 0.499239 0.460852 0.044266 0.088681
8 0.563958 0.453062 0.043479 0.081276
6 0.691706 0.433267 0.036653 0.060959
10 0.381257 0.524620 0.053479 0.110542
0 0.256994 0.621245 0.045694 0.070949
4 0.620394 0.519092 0.055450 0.108925
0 0.361090 0.651974 0.044739 0.070906
3 0.443310 0.617720 0.048274 0.097622
0 0.658006 0.582986 0.042269 0.068644
5 0.474950 0.654441 0.061501 0.141091
1 0.767240 0.607897 0.050109 0.079134
