7 0.764443 0.399420 0.046802 0.070202
10 0.714084 0.487348 0.061554 0.109107
11 0.727902 0.605223 0.068264 0.129851
6 0.621759 0.451214 0.039021 0.063307
6 0.638191 0.563525 0.042163 0.066878
6 0.537187 0.272811 0.033958 0.058571
6 0.535017 0.311900 0.034478 0.059712
4 0.553370 0.434302 0.052586 0.106951
8 0.544769 0.498423 0.049431 0.079616
6 0.554299 0.626328 0.044365 0.070784
6 0.476748 0.356513 0.036346 0.061478
0 0.406422 0.275053 0.034894 0.058571
3 0.399983 0.347819 0.043492 0.084117
0 0.335594 0.314719 0.038079 0.060926
3 0.328578 0.347444 0.043862 0.083743
5 0.267234 0.286668 0.050605 0.120235
1 0.236946 0.448272 0.049349 0.076141
