7 0.512394 0.663667 0.054835 0.085020
7 0.338310 0.632409 0.052837 0.087067
6 0.798528 0.649172 0.049041 0.074024
6 0.620832 0.619013 0.046359 0.073151
11 0.202328 0.518672 0.063829 0.138251
6 0.720987 0.579223 0.046233 0.071905
6 0.470685 0.535008 0.042579 0.069474
6 0.309597 0.511405 0.042745 0.069537
8 0.413419 0.458199 0.047771 0.088892
6 0.258327 0.444926 0.040827 0.067146
0 0.667776 0.453234 0.041994 0.069537
10 0.585561 0.425670 0.057927 0.117146
4 0.507571 0.412338 0.054554 0.113948
3 0.429727 0.411243 0.050063 0.093135
0 0.832354 0.432578 0.042784 0.068681
0 0.764392 0.377889 0.041124 0.066048
3 0.681951 0.360628 0.046806 0.088829
0 0.470154 0.337186 0.038945 0.063869
5 0.696820 0.298064 0.053118 0.125797
1 0.416424 0.284087 0.042993 0.071032
