10 0.622836 0.350744 0.042173 0.089425
11 0.697844 0.380288 0.048274 0.107672
4 0.511620 0.429239 0.045311 0.093466
6 0.640680 0.439949 0.033317 0.055215
6 0.309064 0.495673 0.035999 0.058588
7 0.448922 0.484486 0.039325 0.066610
8 0.583882 0.479099 0.039808 0.076386
6 0.719196 0.478874 0.035655 0.058416
6 0.382598 0.534061 0.036432 0.057983
0 0.229679 0.595537 0.041541 0.061617
3 0.380880 0.581305 0.046111 0.082497
0 0.299689 0.646905 0.043426 0.063347
3 0.379067 0.635203 0.047407 0.088528
5 0.292827 0.682616 0.063525 0.125331
1 0.539802 0.692981 0.049709 0.077345
