7 0.761705 0.636176 0.051577 0.082503
10 0.591824 0.588380 0.057067 0.118796
7 0.351941 0.567267 0.048466 0.081280
6 0.771134 0.589815 0.045112 0.071157
6 0.610962 0.562811 0.041620 0.069411
11 0.237354 0.471194 0.057712 0.130926
6 0.703628 0.533585 0.042890 0.067811
6 0.479937 0.494663 0.038631 0.064696
6 0.336852 0.474056 0.038135 0.064005
4 0.500443 0.435703 0.052407 0.105698
8 0.432783 0.433127 0.042232 0.081002
3 0.357288 0.424134 0.044239 0.084491
6 0.296027 0.422067 0.036763 0.060939
0 0.662399 0.434803 0.038112 0.063866
8 0.588550 0.418057 0.043337 0.080863
6 0.453140 0.406817 0.037173 0.061895
0 0.812789 0.421308 0.039044 0.064249
3 0.604744 0.382822 0.040625 0.083495
0 0.753360 0.379120 0.037077 0.060542
0 0.492388 0.343892 0.035020 0.057698
5 0.695509 0.311811 0.048631 0.116644
1 0.451035 0.302541 0.037903 0.063244
1 0.388228 0.294494 0.038115 0.062725
