11 0.777269 0.451281 0.046210 0.101538
10 0.584431 0.427847 0.041376 0.086111
6 0.694716 0.480190 0.032540 0.052272
6 0.404043 0.416521 0.030116 0.049934
7 0.507230 0.449476 0.035724 0.058019
8 0.608018 0.486939 0.036888 0.069124
6 0.723309 0.533854 0.034011 0.055559
6 0.427219 0.462564 0.030939 0.050916
0 0.289479 0.457391 0.033231 0.051508
3 0.387783 0.489970 0.039005 0.073399
0 0.299970 0.508580 0.034425 0.053945
3 0.349812 0.522346 0.038631 0.075771
5 0.258118 0.519292 0.048003 0.108267
1 0.418538 0.609954 0.041997 0.067044
