7 0.853277 0.526858 0.046733 0.056078
8 0.802254 0.554850 0.046849 0.066233
10 0.704563 0.611190 0.054206 0.081984
11 0.648155 0.643487 0.051892 0.084342
9 0.590933 0.685551 0.041422 0.063462
7 0.471734 0.761473 0.043171 0.061445
6 0.805028 0.489193 0.035658 0.047917
9 0.755208 0.509780 0.041078 0.063231
6 0.707480 0.544696 0.033856 0.049120
6 0.655167 0.572865 0.032973 0.048204
6 0.550564 0.637270 0.033231 0.047252
6 0.435881 0.707454 0.036002 0.047771
6 0.717986 0.476812 0.032401 0.048228
6 0.566764 0.557427 0.031849 0.046647
8 0.514234 0.580524 0.038079 0.063925
6 0.460008 0.618896 0.034064 0.047771
0 0.594603 0.417361 0.029854 0.047526
0 0.546913 0.443930 0.031326 0.048462
0 0.650284 0.340253 0.029511 0.047252
2 0.560693 0.379496 0.034395 0.062186
2 0.414239 0.453892 0.035390 0.063181
0 0.574233 0.329671 0.028472 0.046386
0 0.434783 0.397918 0.029712 0.046802
0 0.385565 0.420537 0.030807 0.046386
0 0.332206 0.445098 0.031329 0.047510
0 0.276323 0.471438 0.034299 0.047037
1 0.585942 0.275270 0.031587 0.052272
3 0.497217 0.312075 0.033337 0.060856
4 0.453467 0.327368 0.037146 0.077163
5 0.404656 0.343697 0.040377 0.090800
3 0.355223 0.377397 0.034997 0.061687
1 0.248884 0.428836 0.040327 0.056250
