7 0.242472 0.734340 0.059124 0.092080
10 0.221779 0.584054 0.063525 0.122745
7 0.183166 0.436529 0.049435 0.079203
11 0.163967 0.321746 0.059435 0.130066
6 0.337201 0.717773 0.050843 0.077887
6 0.306832 0.589054 0.045734 0.072903
9 0.252938 0.372599 0.046663 0.088201
6 0.406374 0.634995 0.047404 0.074772
6 0.360012 0.464846 0.041644 0.067708
2 0.340756 0.407720 0.052490 0.084494
6 0.327269 0.371071 0.037903 0.065218
6 0.315243 0.328120 0.038733 0.063866
8 0.426186 0.395835 0.046663 0.081558
3 0.401316 0.345475 0.047354 0.088853
0 0.563358 0.541539 0.044448 0.072384
8 0.539929 0.481184 0.055096 0.084603
4 0.512669 0.417541 0.053300 0.115744
6 0.496635 0.392422 0.042993 0.068125
0 0.695716 0.644623 0.048462 0.075324
3 0.615180 0.464620 0.049349 0.093313
0 0.747756 0.569950 0.045982 0.072778
0 0.638853 0.370324 0.040000 0.065298
5 0.794808 0.470936 0.062235 0.132864
1 0.763795 0.445296 0.047477 0.077140
1 0.660923 0.273520 0.041872 0.070784
