7 0.184578 0.554807 0.056769 0.074772
8 0.216984 0.489645 0.055271 0.077192
10 0.267867 0.376526 0.060265 0.099745
7 0.317718 0.294883 0.041541 0.065427
11 0.338871 0.233838 0.049706 0.111081
6 0.265364 0.567970 0.043512 0.063452
9 0.295805 0.497596 0.048925 0.081693
6 0.319367 0.451625 0.038383 0.060440
6 0.344674 0.398290 0.037073 0.060026
6 0.383601 0.305957 0.033492 0.057378
9 0.401052 0.256893 0.040377 0.077431
6 0.417849 0.225537 0.032503 0.055387
6 0.364468 0.517436 0.040999 0.062808
6 0.431376 0.359279 0.035205 0.058770
6 0.463662 0.272541 0.033231 0.057014
8 0.473077 0.227141 0.038568 0.069712
0 0.496553 0.366098 0.037179 0.060648
0 0.541124 0.481126 0.039775 0.062424
0 0.554261 0.425630 0.039130 0.061438
0 0.586515 0.614636 0.044656 0.065886
2 0.614178 0.485584 0.046981 0.074772
2 0.646253 0.330546 0.042745 0.071653
0 0.673209 0.248047 0.033773 0.056452
0 0.681268 0.561769 0.042576 0.064491
4 0.695385 0.479327 0.055810 0.105519
0 0.716531 0.344226 0.036779 0.059888
0 0.725222 0.298393 0.035483 0.058849
1 0.758292 0.638031 0.053985 0.080453
3 0.772664 0.500585 0.050546 0.085688
5 0.785417 0.375317 0.059398 0.118439
3 0.789649 0.341129 0.044563 0.082100
1 0.799585 0.258504 0.042741 0.067292
