7 0.817842 0.597313 0.054580 0.079038
8 0.733163 0.604281 0.051233 0.094157
10 0.577313 0.618938 0.060513 0.121667
11 0.490506 0.622988 0.061581 0.140400
7 0.220732 0.688953 0.057146 0.091386
6 0.779140 0.550675 0.041772 0.067156
9 0.701579 0.549157 0.047629 0.092216
6 0.628907 0.571458 0.042371 0.068294
6 0.549327 0.580007 0.040876 0.070159
6 0.389256 0.605241 0.042579 0.070099
9 0.304891 0.608128 0.051230 0.097063
6 0.217932 0.629676 0.045810 0.069266
6 0.679220 0.515957 0.043082 0.065202
6 0.455276 0.541873 0.038879 0.065797
8 0.378277 0.543285 0.046799 0.087927
6 0.298669 0.562531 0.042371 0.067596
0 0.563932 0.433431 0.036640 0.061564
0 0.495504 0.443226 0.037510 0.062312
0 0.424902 0.449231 0.037239 0.062808
0 0.669148 0.387087 0.034891 0.058571
2 0.543216 0.394352 0.041412 0.076865
2 0.341921 0.416501 0.042169 0.079497
0 0.588457 0.362068 0.033647 0.056908
4 0.521956 0.351222 0.045460 0.095407
0 0.334911 0.387937 0.035516 0.058466
0 0.265284 0.394152 0.035642 0.059818
0 0.193687 0.400789 0.038366 0.060003
1 0.628419 0.323229 0.036349 0.061062
3 0.509076 0.327817 0.037510 0.076019
5 0.387502 0.322432 0.045757 0.114309
3 0.324115 0.344266 0.038257 0.078135
1 0.191091 0.363294 0.042368 0.065007
