7 0.714086 0.319621 0.039580 0.063925
8 0.720870 0.355777 0.041310 0.071779
10 0.723867 0.381713 0.048899 0.100642
7 0.756000 0.532695 0.048568 0.076733
11 0.776761 0.620534 0.063310 0.135665
6 0.649912 0.324990 0.033846 0.057308
6 0.657589 0.399921 0.036554 0.060853
6 0.675172 0.534863 0.039153 0.063972
9 0.682622 0.578509 0.050013 0.093380
6 0.690656 0.645508 0.043991 0.070658
6 0.590668 0.362072 0.034874 0.058588
6 0.593246 0.486386 0.037907 0.063036
2 0.599185 0.531381 0.049349 0.080003
6 0.600484 0.586143 0.040916 0.066981
8 0.612186 0.638604 0.051369 0.084742
6 0.518267 0.486893 0.039464 0.063555
3 0.521432 0.581038 0.050397 0.091819
0 0.448679 0.399058 0.035222 0.060403
0 0.447869 0.441731 0.038528 0.062100
0 0.437077 0.648697 0.044656 0.070615
0 0.392611 0.329522 0.034269 0.057431
0 0.370473 0.537368 0.040251 0.065807
0 0.322583 0.366336 0.034616 0.057983
4 0.309979 0.390769 0.051683 0.100493
0 0.290308 0.537968 0.041124 0.066048
1 0.264003 0.328431 0.039878 0.064593
5 0.222110 0.465013 0.060728 0.125542
3 0.210488 0.529861 0.049474 0.088479
1 0.181911 0.645493 0.054431 0.083294
