10 0.195833 0.471591 0.055780 0.099147
7 0.385646 0.558935 0.043965 0.071885
11 0.218943 0.398664 0.053833 0.112513
6 0.398575 0.491553 0.035655 0.057979
6 0.311754 0.427908 0.034269 0.055870
3 0.652730 0.599478 0.048006 0.085688
6 0.602551 0.563775 0.038423 0.061478
4 0.446219 0.445537 0.047556 0.097979
8 0.410789 0.419570 0.039349 0.072811
6 0.326758 0.369329 0.033271 0.054583
6 0.589871 0.494350 0.036243 0.060023
0 0.750377 0.533310 0.039464 0.062308
0 0.739769 0.468199 0.037136 0.059944
3 0.688032 0.427399 0.040681 0.077464
5 0.786558 0.417145 0.055985 0.112192
1 0.636032 0.348702 0.037903 0.061789
