7 0.603834 0.292125 0.037887 0.063079
7 0.741569 0.472060 0.044309 0.071885
6 0.544821 0.305969 0.034272 0.057950
6 0.590432 0.373522 0.035308 0.061270
10 0.615314 0.392331 0.048750 0.102288
11 0.728246 0.549772 0.057927 0.129848
6 0.507634 0.348641 0.034997 0.060231
6 0.574294 0.458986 0.037126 0.061789
6 0.631698 0.542684 0.039256 0.064302
8 0.525876 0.505926 0.044537 0.081230
6 0.583532 0.602125 0.041865 0.070288
0 0.389921 0.403752 0.037388 0.062206
4 0.434709 0.466622 0.052209 0.107133
3 0.460866 0.516078 0.048003 0.090324
0 0.290413 0.346989 0.036554 0.060440
3 0.342603 0.447546 0.045761 0.087751
0 0.239496 0.392994 0.037801 0.061584
0 0.310498 0.555231 0.042371 0.067626
5 0.183585 0.416713 0.055126 0.127011
1 0.252106 0.615076 0.050694 0.081501
