7 0.345665 0.300317 0.036693 0.062077
6 0.178543 0.383480 0.036518 0.058244
10 0.483702 0.290403 0.041723 0.091521
11 0.595665 0.257401 0.041812 0.104980
6 0.455890 0.355425 0.032884 0.055387
6 0.568064 0.323509 0.031068 0.054001
6 0.293609 0.446417 0.037259 0.060314
4 0.483702 0.369812 0.046207 0.097950
8 0.545919 0.367922 0.039233 0.073733
6 0.656905 0.340696 0.032712 0.055142
6 0.388072 0.462614 0.036554 0.059401
0 0.274337 0.558104 0.042060 0.063661
3 0.417607 0.504109 0.045208 0.085777
0 0.375828 0.584420 0.042523 0.065215
3 0.449696 0.551759 0.046058 0.088082
5 0.406872 0.613426 0.058790 0.127698
1 0.749626 0.512515 0.048353 0.072278
