7 0.667836 0.704539 0.051174 0.079091
8 0.581586 0.675106 0.049157 0.090694
10 0.433872 0.628289 0.056706 0.107490
11 0.358646 0.602054 0.059580 0.120410
9 0.292872 0.597343 0.047080 0.083356
7 0.158996 0.568178 0.053436 0.071653
6 0.682652 0.646377 0.043214 0.065116
9 0.603947 0.615010 0.046247 0.086680
6 0.532603 0.606774 0.040079 0.062808
6 0.461285 0.586237 0.037384 0.061581
6 0.327330 0.554365 0.036763 0.058571
6 0.264949 0.539878 0.038839 0.059504
6 0.201973 0.524296 0.039580 0.057579
6 0.624795 0.575529 0.039775 0.061164
6 0.423360 0.523325 0.035000 0.057219
8 0.361645 0.500422 0.041538 0.076273
0 0.598137 0.462272 0.034375 0.057321
0 0.534043 0.450514 0.034011 0.056339
2 0.612158 0.420446 0.037636 0.072526
2 0.436143 0.386566 0.035724 0.069368
0 0.753803 0.414524 0.034339 0.056078
0 0.688433 0.403816 0.032884 0.054001
0 0.513241 0.371711 0.030575 0.051710
0 0.460455 0.361134 0.030532 0.051303
0 0.406534 0.350370 0.029854 0.050714
0 0.354049 0.339934 0.029944 0.049676
1 0.763189 0.377728 0.039785 0.060337
3 0.642293 0.350822 0.035830 0.070202
4 0.587044 0.334893 0.039167 0.086134
5 0.531763 0.316961 0.041455 0.102467
3 0.479324 0.321609 0.033753 0.068641
1 0.378115 0.309497 0.033234 0.055212
