7 0.251543 0.316852 0.039117 0.058155
8 0.316729 0.308158 0.036832 0.066462
9 0.374015 0.302983 0.034848 0.066693
10 0.430121 0.289762 0.041273 0.084940
11 0.489191 0.277619 0.041273 0.097950
9 0.545035 0.285799 0.034038 0.067021
7 0.658037 0.279383 0.036829 0.056154
6 0.257607 0.360036 0.034097 0.052269
6 0.320929 0.355121 0.031931 0.051233
6 0.380703 0.349383 0.032192 0.051147
6 0.442293 0.344302 0.030374 0.050020
6 0.559185 0.331235 0.032093 0.049640
6 0.614067 0.324848 0.031468 0.049848
6 0.671749 0.318097 0.030866 0.050096
6 0.511232 0.378894 0.031154 0.051233
8 0.570549 0.366563 0.036276 0.067986
0 0.404013 0.489170 0.035308 0.052963
0 0.471326 0.479926 0.035516 0.053065
2 0.621019 0.505236 0.041872 0.073403
0 0.274380 0.621986 0.040731 0.056194
0 0.352472 0.608920 0.039567 0.055440
0 0.569309 0.577034 0.037593 0.056078
0 0.637475 0.569018 0.038006 0.055873
0 0.708497 0.560813 0.038839 0.055146
0 0.779053 0.551291 0.041749 0.054831
1 0.280225 0.682482 0.050066 0.072497
2 0.359358 0.664664 0.047255 0.080903
3 0.439244 0.656424 0.046359 0.076267
4 0.512598 0.636004 0.052219 0.095109
5 0.589061 0.623712 0.056171 0.101928
3 0.661346 0.624097 0.048479 0.075642
1 0.807773 0.606564 0.054461 0.067044
