7 0.837493 0.342915 0.043618 0.064170
8 0.828930 0.378715 0.048118 0.069818
10 0.812153 0.448307 0.062447 0.107685
11 0.800428 0.489563 0.066326 0.128128
9 0.784226 0.559431 0.052050 0.093466
7 0.756614 0.694259 0.056329 0.086746
6 0.771186 0.336741 0.031458 0.056253
9 0.756720 0.364092 0.041190 0.079157
6 0.745924 0.410597 0.036240 0.061167
6 0.730389 0.453279 0.037695 0.061584
6 0.701710 0.552131 0.040747 0.065175
6 0.666205 0.673271 0.046233 0.071157
6 0.696362 0.362037 0.033896 0.057202
6 0.642989 0.484006 0.037487 0.061167
8 0.622793 0.527474 0.046802 0.079478
6 0.603454 0.586839 0.042576 0.067500
0 0.546779 0.372541 0.033241 0.057722
0 0.526991 0.411771 0.036349 0.059712
0 0.528869 0.300091 0.031329 0.054349
2 0.487652 0.360104 0.039253 0.071531
2 0.410537 0.482196 0.047106 0.078261
0 0.452756 0.322591 0.032192 0.054521
4 0.423608 0.341577 0.045774 0.094061
0 0.376782 0.431035 0.035225 0.059279
0 0.345379 0.472553 0.038528 0.061792
0 0.310321 0.520769 0.040086 0.063866
0 0.270852 0.574630 0.044587 0.066878
1 0.419881 0.280370 0.034894 0.057639
3 0.370149 0.336503 0.038882 0.076392
5 0.309709 0.392346 0.056706 0.117900
3 0.278082 0.449995 0.046356 0.082695
1 0.198363 0.552728 0.056700 0.076892
