10 0.459737 0.305734 0.040876 0.086984
11 0.548229 0.298748 0.042920 0.102437
6 0.457796 0.426994 0.033026 0.055040
6 0.545875 0.369388 0.031564 0.052652
6 0.352057 0.559183 0.037698 0.060231
7 0.454830 0.482652 0.040142 0.066184
4 0.501830 0.436283 0.046650 0.095258
8 0.553408 0.420329 0.039183 0.070618
6 0.636931 0.367851 0.031845 0.054001
6 0.451857 0.551481 0.036954 0.058413
0 0.393404 0.677359 0.042993 0.064302
3 0.507854 0.585590 0.045734 0.083244
0 0.504954 0.676138 0.041819 0.064940
3 0.560805 0.624324 0.046657 0.083760
5 0.562131 0.699392 0.059005 0.122745
1 0.718558 0.588786 0.046210 0.072679
