7 0.834021 0.492968 0.045694 0.069924
10 0.706906 0.522378 0.053476 0.106951
7 0.511328 0.614471 0.048462 0.078003
11 0.367680 0.647386 0.060513 0.132649
6 0.786410 0.458467 0.037616 0.060235
6 0.666792 0.500541 0.038942 0.063866
6 0.472116 0.570296 0.039048 0.063866
9 0.404196 0.586362 0.047632 0.090139
6 0.331349 0.621920 0.041746 0.066776
6 0.688122 0.443039 0.036971 0.061481
6 0.501797 0.503251 0.036868 0.061376
2 0.434340 0.519281 0.046359 0.083866
6 0.369878 0.548456 0.039358 0.064074
6 0.464567 0.462480 0.036971 0.061376
8 0.401083 0.473168 0.042371 0.079894
3 0.331033 0.499479 0.046657 0.085089
0 0.260822 0.528037 0.040618 0.064157
0 0.553006 0.383575 0.034478 0.059299
8 0.492287 0.396943 0.040499 0.076505
4 0.431665 0.407690 0.048092 0.101928
0 0.628128 0.320663 0.033750 0.056908
3 0.458018 0.362411 0.040625 0.079630
0 0.339491 0.410847 0.035827 0.060648
0 0.541000 0.307029 0.034064 0.056597
0 0.309491 0.374334 0.036554 0.058363
1 0.561481 0.260119 0.036653 0.061997
5 0.339122 0.299858 0.048449 0.114491
1 0.152789 0.372530 0.042120 0.068294
