7 0.435079 0.318576 0.035866 0.061154
6 0.242687 0.358722 0.035136 0.057550
10 0.564411 0.332381 0.043069 0.093763
11 0.694023 0.322971 0.049349 0.111974
6 0.307836 0.391529 0.036260 0.058416
6 0.509180 0.387209 0.033022 0.057533
6 0.639395 0.381010 0.033439 0.057325
6 0.382495 0.429153 0.037384 0.061376
7 0.445142 0.424261 0.041819 0.068264
8 0.586114 0.415939 0.040847 0.078512
6 0.721374 0.415415 0.036141 0.060334
0 0.599954 0.463110 0.038770 0.061895
0 0.225435 0.529203 0.042788 0.065946
3 0.302994 0.514344 0.047106 0.089726
3 0.382373 0.513027 0.047106 0.089276
0 0.301349 0.578051 0.044987 0.068912
4 0.540789 0.544056 0.054911 0.112695
5 0.296209 0.609167 0.066412 0.140575
1 0.723687 0.608540 0.055483 0.082100
