7 0.816214 0.356338 0.041078 0.066809
10 0.787647 0.423690 0.051293 0.103783
7 0.753224 0.580802 0.049517 0.077927
11 0.720207 0.670514 0.063568 0.136438
6 0.747940 0.351839 0.035933 0.059299
6 0.719792 0.430304 0.037758 0.062308
6 0.671496 0.569704 0.041273 0.066399
9 0.654168 0.612629 0.050261 0.094153
6 0.635152 0.678793 0.043492 0.070536
6 0.668886 0.381366 0.036263 0.060317
6 0.612520 0.507052 0.039775 0.063661
2 0.594800 0.551109 0.048727 0.082622
0 0.574271 0.606824 0.042232 0.067847
6 0.538943 0.495141 0.039150 0.063661
8 0.515433 0.534461 0.044656 0.078810
3 0.495815 0.586706 0.050843 0.090919
0 0.508917 0.396339 0.036749 0.061270
8 0.486890 0.434979 0.048601 0.074911
4 0.469259 0.465653 0.052937 0.105698
0 0.487217 0.317700 0.034964 0.057636
3 0.421419 0.421220 0.044325 0.084702
0 0.377889 0.518808 0.039130 0.065175
0 0.404595 0.344689 0.035268 0.058571
0 0.304514 0.506058 0.040251 0.063929
1 0.364529 0.298700 0.039150 0.064491
5 0.262163 0.425908 0.056634 0.123178
1 0.166138 0.587596 0.051217 0.077513
