7 0.827892 0.499800 0.046042 0.069349
8 0.768305 0.522669 0.046247 0.082249
10 0.709525 0.537450 0.053476 0.106237
7 0.523576 0.643958 0.049183 0.079259
11 0.382948 0.690023 0.062232 0.133724
6 0.775147 0.467006 0.037616 0.059772
6 0.663510 0.516108 0.038839 0.062619
6 0.478125 0.599492 0.038730 0.064005
9 0.411903 0.620929 0.048019 0.090556
6 0.340604 0.662330 0.041624 0.067794
6 0.676491 0.456612 0.036243 0.060129
6 0.500025 0.527917 0.037126 0.061356
2 0.434988 0.548652 0.046108 0.083991
6 0.372991 0.582588 0.040003 0.064302
8 0.307702 0.608447 0.047493 0.087093
6 0.458762 0.488515 0.036346 0.060959
3 0.329734 0.534082 0.046062 0.084792
0 0.260868 0.567603 0.041194 0.065079
0 0.536553 0.404656 0.033925 0.058155
0 0.481027 0.427576 0.035724 0.059716
0 0.601690 0.338932 0.033128 0.055040
0 0.329282 0.443112 0.035933 0.059504
0 0.515681 0.330146 0.032712 0.054173
4 0.458399 0.333353 0.043366 0.091521
0 0.296197 0.408487 0.035933 0.058363
1 0.529993 0.283993 0.035655 0.059368
5 0.320782 0.332824 0.046300 0.112156
3 0.263353 0.367462 0.039180 0.077014
1 0.139431 0.414926 0.043988 0.067417
