7 0.778945 0.514006 0.053003 0.067126
8 0.713806 0.531434 0.051230 0.080585
9 0.650023 0.549563 0.048188 0.082083
10 0.589383 0.566505 0.058502 0.103724
11 0.515772 0.585005 0.055989 0.114130
9 0.444008 0.621976 0.047632 0.084051
8 0.370455 0.647773 0.048185 0.085433
7 0.286877 0.680865 0.050678 0.078925
6 0.732870 0.471969 0.040212 0.057655
6 0.672212 0.489707 0.037262 0.057325
6 0.612558 0.509049 0.036888 0.058694
6 0.546895 0.527156 0.036389 0.060192
6 0.478710 0.550979 0.037903 0.060337
6 0.412872 0.571667 0.039150 0.060648
6 0.341599 0.596270 0.041498 0.062930
6 0.263786 0.620620 0.042784 0.062312
0 0.459385 0.391174 0.033922 0.056250
0 0.568780 0.282770 0.029702 0.051716
0 0.516751 0.296258 0.030737 0.052444
0 0.465210 0.308773 0.031154 0.053168
0 0.351867 0.334871 0.031412 0.054087
0 0.293560 0.347593 0.033647 0.054418
0 0.229307 0.361134 0.034064 0.055661
0 0.162697 0.375585 0.036465 0.056310
1 0.541488 0.251551 0.033770 0.057824
2 0.492713 0.258742 0.033522 0.066921
3 0.438313 0.267836 0.034894 0.070513
4 0.386460 0.272636 0.041452 0.088287
5 0.329395 0.275775 0.041991 0.106954
3 0.271564 0.302356 0.036971 0.074044
2 0.210587 0.317723 0.037510 0.071280
1 0.146022 0.334362 0.043929 0.064385
