7 0.803867 0.574927 0.049269 0.066925
8 0.729466 0.585959 0.045691 0.080542
10 0.661738 0.589132 0.055089 0.097979
7 0.443986 0.652042 0.046042 0.072695
11 0.290309 0.669415 0.057927 0.113915
6 0.768849 0.527111 0.037500 0.057576
9 0.700815 0.530481 0.042464 0.077655
6 0.635699 0.552890 0.038839 0.058155
6 0.424512 0.595324 0.037801 0.058571
9 0.351594 0.604016 0.045556 0.080724
6 0.273907 0.626893 0.036048 0.058780
6 0.677312 0.492191 0.036448 0.056597
6 0.546974 0.512773 0.036276 0.057636
6 0.476473 0.526741 0.035420 0.056392
2 0.404506 0.534322 0.043965 0.077460
6 0.337186 0.553690 0.037282 0.058155
8 0.265898 0.565835 0.044772 0.079501
0 0.458710 0.478173 0.037123 0.055817
3 0.315704 0.497087 0.044365 0.074398
0 0.567422 0.403403 0.033403 0.056078
0 0.504258 0.416329 0.035308 0.056184
0 0.232183 0.465012 0.039001 0.058502
0 0.663153 0.345661 0.034097 0.054087
2 0.356667 0.391121 0.040225 0.073274
0 0.584765 0.317034 0.031931 0.052791
4 0.520281 0.311295 0.043069 0.088231
0 0.343542 0.355225 0.033406 0.054001
0 0.278335 0.364311 0.034064 0.055559
1 0.620850 0.268335 0.036243 0.059401
5 0.389117 0.283869 0.045040 0.104802
3 0.328246 0.306405 0.037801 0.071964
1 0.202027 0.330446 0.039775 0.062619
