7 0.384251 0.228016 0.036637 0.060866
8 0.444160 0.235043 0.036230 0.070615
9 0.499891 0.243823 0.035886 0.073618
10 0.556814 0.245018 0.042708 0.093495
11 0.620231 0.247728 0.045582 0.110899
9 0.681748 0.273963 0.039243 0.077312
7 0.817057 0.302072 0.046038 0.065195
6 0.363780 0.266336 0.031845 0.055040
6 0.422626 0.278206 0.032275 0.055208
6 0.480549 0.288844 0.033439 0.055354
6 0.542216 0.301276 0.033128 0.055767
6 0.669792 0.323042 0.033128 0.056495
6 0.734845 0.333509 0.036971 0.058155
6 0.805471 0.345575 0.038991 0.058571
6 0.587171 0.353424 0.033753 0.056769
8 0.652607 0.358934 0.041194 0.077192
0 0.411262 0.419187 0.037384 0.058446
0 0.480124 0.432675 0.038218 0.059193
0 0.215860 0.491693 0.044134 0.060337
0 0.290413 0.506969 0.041541 0.060751
0 0.509274 0.557680 0.042173 0.063555
0 0.584917 0.577356 0.042579 0.063972
0 0.667727 0.598973 0.044739 0.065175
0 0.753900 0.619631 0.046247 0.065632
1 0.179532 0.544540 0.058072 0.075271
2 0.251599 0.555243 0.056677 0.086286
3 0.330031 0.576898 0.052040 0.086435
4 0.404119 0.585794 0.058859 0.108029
5 0.484674 0.603520 0.061154 0.120162
3 0.565352 0.638583 0.051293 0.088079
2 0.651777 0.657538 0.053476 0.092239
1 0.741305 0.686496 0.059368 0.080605
