7 0.226387 0.662235 0.051009 0.081415
10 0.217849 0.534830 0.054911 0.110182
7 0.194423 0.409585 0.043476 0.070618
6 0.311042 0.653074 0.045013 0.070136
6 0.293019 0.544249 0.041329 0.065946
11 0.257149 0.302353 0.048810 0.115387
6 0.377750 0.587224 0.041333 0.067397
6 0.349056 0.440589 0.036452 0.061581
6 0.327072 0.359036 0.034269 0.058780
8 0.412647 0.384020 0.041425 0.072927
3 0.393515 0.338317 0.040946 0.080754
6 0.385167 0.313099 0.029659 0.056825
0 0.524694 0.514393 0.039878 0.065632
4 0.491422 0.404818 0.048988 0.104259
6 0.476098 0.383514 0.037685 0.062206
0 0.634560 0.607652 0.044041 0.068955
3 0.577166 0.450017 0.044239 0.085364
0 0.687862 0.546295 0.041644 0.065632
0 0.607348 0.369950 0.036138 0.058988
5 0.736989 0.461181 0.055559 0.121455
8 0.655463 0.320094 0.043743 0.069580
1 0.636123 0.285660 0.039130 0.064428
