7 0.815384 0.530810 0.048327 0.075741
8 0.733315 0.534453 0.048046 0.090003
10 0.657075 0.529375 0.055089 0.116104
7 0.417116 0.576366 0.049570 0.081554
11 0.336176 0.557847 0.059435 0.138677
6 0.783814 0.493246 0.040618 0.066002
9 0.707880 0.488593 0.045417 0.091802
6 0.637940 0.508198 0.043069 0.067143
6 0.407100 0.532316 0.039378 0.066796
9 0.328980 0.529726 0.048251 0.094709
6 0.248459 0.549754 0.042163 0.069269
6 0.691091 0.463851 0.039378 0.064428
6 0.548322 0.474649 0.038528 0.064491
6 0.472364 0.482538 0.037282 0.063667
2 0.395308 0.482670 0.046508 0.086134
6 0.323299 0.497321 0.037397 0.064802
8 0.248257 0.500694 0.045417 0.086819
0 0.460809 0.445179 0.038112 0.062725
3 0.311199 0.448659 0.046657 0.087391
0 0.583515 0.393805 0.035000 0.060334
0 0.516481 0.401104 0.035933 0.060853
0 0.691009 0.355131 0.034583 0.058052
2 0.370005 0.377363 0.039481 0.077166
0 0.230210 0.393057 0.035539 0.059772
0 0.612882 0.333416 0.033059 0.055992
4 0.546271 0.321000 0.042920 0.094064
0 0.364459 0.354324 0.034878 0.057027
0 0.297970 0.359473 0.033578 0.057550
1 0.655056 0.299894 0.036138 0.060231
5 0.416840 0.294636 0.045222 0.113770
3 0.355208 0.315554 0.037136 0.077014
1 0.228833 0.333039 0.039378 0.063307
