7 0.437168 0.615579 0.045579 0.071772
6 0.679696 0.641867 0.041865 0.062206
6 0.538601 0.589580 0.038737 0.059815
10 0.345157 0.508773 0.055261 0.094392
11 0.231308 0.456285 0.060294 0.105698
6 0.633914 0.564676 0.039256 0.059193
6 0.444180 0.495802 0.034874 0.054521
6 0.326667 0.458087 0.033750 0.054104
7 0.537351 0.468667 0.040000 0.063075
8 0.420286 0.422755 0.038542 0.070847
6 0.309843 0.397075 0.033403 0.051319
0 0.445407 0.392272 0.033347 0.054233
0 0.773452 0.441445 0.036640 0.056825
3 0.710035 0.416285 0.040625 0.074772
3 0.647813 0.397316 0.039878 0.074395
0 0.731010 0.384987 0.034878 0.054696
4 0.558398 0.325911 0.040499 0.086736
5 0.754532 0.327063 0.048634 0.103724
1 0.477870 0.275175 0.033836 0.056944
