7 0.836220 0.689319 0.062308 0.086237
10 0.640367 0.670407 0.065033 0.124683
7 0.357313 0.692488 0.056353 0.090268
11 0.165756 0.673528 0.079031 0.139325
6 0.813393 0.621106 0.049352 0.071531
6 0.631839 0.620250 0.046508 0.071630
6 0.363595 0.620845 0.046356 0.070162
9 0.274152 0.613958 0.054692 0.095681
6 0.181713 0.623776 0.049848 0.071310
6 0.712202 0.557427 0.045860 0.069411
6 0.454836 0.553213 0.042887 0.067814
2 0.365086 0.545597 0.052189 0.091670
6 0.284659 0.554043 0.043929 0.068853
8 0.197359 0.551774 0.053667 0.093879
6 0.453520 0.490332 0.042993 0.066670
3 0.283378 0.484886 0.050969 0.087854
0 0.201409 0.489878 0.044425 0.067963
0 0.614514 0.429643 0.040999 0.067791
8 0.532217 0.423451 0.046855 0.088231
4 0.452697 0.415352 0.053654 0.111260
0 0.757234 0.381830 0.040605 0.065109
0 0.377105 0.385838 0.039878 0.064282
0 0.673707 0.335182 0.039378 0.063558
0 0.381405 0.335327 0.038320 0.062414
1 0.737824 0.286144 0.044365 0.070661
5 0.452750 0.262927 0.050784 0.122566
3 0.381877 0.279390 0.042371 0.083370
1 0.238528 0.285471 0.044239 0.071531
