7 0.123682 0.400243 0.044653 0.069812
7 0.451984 0.325703 0.040000 0.066346
6 0.149178 0.439674 0.039673 0.063866
6 0.288140 0.407669 0.037801 0.062103
10 0.356531 0.374851 0.048750 0.101839
11 0.603793 0.308975 0.047374 0.115747
6 0.245195 0.458967 0.038882 0.064428
6 0.449863 0.411033 0.035724 0.061372
6 0.573765 0.378715 0.034686 0.059296
8 0.548828 0.422813 0.042695 0.081114
3 0.612817 0.399137 0.042917 0.086435
6 0.671186 0.396182 0.036763 0.060751
0 0.376779 0.524016 0.039755 0.066544
4 0.518737 0.467573 0.051151 0.108029
6 0.580855 0.467364 0.038753 0.063803
0 0.262875 0.608223 0.045003 0.070341
3 0.484944 0.535638 0.047196 0.092956
0 0.371321 0.633082 0.045612 0.071157
0 0.656536 0.546721 0.040876 0.067543
5 0.488659 0.627768 0.061372 0.139755
1 0.766673 0.565663 0.048849 0.077887
