7 0.246592 0.461953 0.043965 0.067616
6 0.272374 0.603810 0.042123 0.066918
10 0.332068 0.375443 0.047913 0.090800
11 0.358251 0.304745 0.042917 0.102434
6 0.358869 0.552723 0.039669 0.063866
6 0.391857 0.425359 0.033145 0.055559
6 0.404117 0.357832 0.030218 0.052133
8 0.464015 0.384001 0.039425 0.065192
6 0.470825 0.326068 0.029163 0.050886
6 0.509163 0.501004 0.035483 0.060665
4 0.524228 0.372937 0.042768 0.091819
0 0.586192 0.602669 0.042649 0.067295
3 0.586483 0.495395 0.044864 0.084342
0 0.659559 0.552247 0.039679 0.064177
3 0.657755 0.495800 0.044266 0.083446
5 0.735266 0.528948 0.056637 0.123393
1 0.702287 0.352877 0.036657 0.060542
