7 0.551915 0.627406 0.053181 0.085962
6 0.797816 0.559461 0.047404 0.068790
10 0.372073 0.551860 0.060079 0.117576
11 0.188472 0.540944 0.075152 0.137603
6 0.698805 0.504588 0.043859 0.067417
6 0.455638 0.504400 0.040628 0.066796
6 0.289372 0.509360 0.043241 0.067543
6 0.601668 0.446892 0.040188 0.063869
8 0.374415 0.437776 0.045556 0.085711
6 0.213442 0.450205 0.043618 0.065423
7 0.525357 0.395557 0.044888 0.071657
0 0.371777 0.399577 0.040155 0.064616
0 0.726536 0.352161 0.037801 0.061895
3 0.587857 0.343732 0.043069 0.083892
0 0.647412 0.313019 0.035724 0.059921
3 0.580233 0.303862 0.040526 0.081349
4 0.448603 0.298719 0.046809 0.101392
5 0.642001 0.250255 0.052328 0.116283
1 0.309947 0.272644 0.041124 0.067708
