7 0.174072 0.544468 0.050096 0.064134
8 0.215737 0.492472 0.048347 0.067966
9 0.254354 0.449216 0.041346 0.069233
10 0.282402 0.403175 0.051293 0.085985
11 0.315202 0.357821 0.048274 0.099418
9 0.346703 0.337159 0.034729 0.066118
7 0.397973 0.279527 0.031634 0.053558
6 0.237667 0.564947 0.039461 0.055562
6 0.310394 0.472594 0.034583 0.053793
6 0.344044 0.430982 0.031243 0.050972
6 0.398214 0.357194 0.028849 0.048753
6 0.421559 0.324684 0.029163 0.048720
6 0.445541 0.293018 0.027404 0.047404
6 0.331953 0.534031 0.035413 0.054835
6 0.425367 0.407323 0.030780 0.050718
8 0.450726 0.366549 0.035308 0.063350
0 0.489491 0.524934 0.034583 0.054729
0 0.513801 0.478502 0.034269 0.053307
2 0.615344 0.406839 0.037593 0.063036
0 0.568315 0.675266 0.040294 0.059401
0 0.592746 0.614150 0.037801 0.057844
0 0.655243 0.466736 0.033958 0.054312
0 0.674673 0.427131 0.032798 0.052444
0 0.692760 0.388257 0.031412 0.051581
0 0.709410 0.351529 0.031068 0.050023
1 0.642297 0.692776 0.047417 0.072827
2 0.662346 0.632333 0.047106 0.072378
3 0.685585 0.572169 0.044987 0.076640
4 0.703499 0.515450 0.050542 0.092864
5 0.722841 0.463158 0.052579 0.103902
3 0.739911 0.432902 0.037956 0.073125
1 0.767588 0.362037 0.038528 0.058776
