7 0.459773 0.409425 0.036445 0.059425
6 0.202604 0.530098 0.035400 0.056769
6 0.322798 0.494314 0.034530 0.055559
11 0.596442 0.391539 0.043069 0.101240
6 0.292126 0.545351 0.035265 0.057202
6 0.468844 0.492280 0.032192 0.054349
6 0.574770 0.457032 0.031154 0.052616
7 0.443201 0.541096 0.038770 0.064269
8 0.559749 0.501276 0.038353 0.071448
6 0.664008 0.471483 0.031984 0.053793
10 0.701152 0.489041 0.046657 0.091071
0 0.328924 0.686118 0.040499 0.062077
3 0.455856 0.632078 0.044266 0.081650
4 0.624873 0.558859 0.047543 0.095827
0 0.427712 0.704926 0.039504 0.062060
3 0.493550 0.666936 0.043052 0.083892
0 0.667290 0.614486 0.036868 0.060122
5 0.463733 0.725407 0.054015 0.121131
1 0.765541 0.627948 0.043866 0.068786
