7 0.183788 0.696844 0.063555 0.087927
8 0.178681 0.613793 0.064802 0.086819
10 0.177986 0.529550 0.073214 0.115423
7 0.162303 0.368765 0.051809 0.076273
11 0.159043 0.296485 0.063707 0.125079
6 0.283702 0.680150 0.050969 0.074150
9 0.276976 0.592025 0.055387 0.094712
6 0.267316 0.535570 0.046233 0.069666
6 0.261314 0.470415 0.043614 0.068125
6 0.244618 0.361652 0.039468 0.064282
9 0.237445 0.305334 0.046386 0.085569
6 0.231181 0.268652 0.037216 0.060195
6 0.360939 0.588919 0.047480 0.070410
6 0.331868 0.403037 0.040708 0.065942
6 0.311941 0.305536 0.037758 0.063433
8 0.294871 0.257751 0.047077 0.074425
0 0.406485 0.391271 0.040813 0.065632
3 0.381066 0.281172 0.044362 0.084990
0 0.523429 0.492027 0.043492 0.068790
0 0.502072 0.433568 0.042371 0.066918
2 0.481571 0.371920 0.046111 0.081002
0 0.648127 0.609439 0.049018 0.072278
2 0.536190 0.314296 0.043618 0.078512
0 0.509762 0.230680 0.034583 0.060129
0 0.703355 0.528104 0.044864 0.069289
4 0.680025 0.443006 0.061729 0.113413
0 0.607173 0.312262 0.038214 0.063036
0 0.588105 0.266528 0.035933 0.061270
1 0.820607 0.575880 0.060116 0.082698
5 0.702017 0.320908 0.061157 0.124897
3 0.676910 0.290569 0.044415 0.085238
1 0.633851 0.213720 0.040188 0.068022
