7 0.308383 0.684939 0.054345 0.082272
8 0.281809 0.612657 0.056356 0.082523
9 0.263462 0.550169 0.049848 0.086402
10 0.238791 0.489843 0.063886 0.106954
11 0.218891 0.430301 0.062986 0.119874
9 0.206870 0.400514 0.046663 0.081002
7 0.175775 0.325942 0.044812 0.065774
6 0.392143 0.657538 0.044861 0.067708
6 0.340952 0.536179 0.041124 0.063681
6 0.319578 0.481323 0.039547 0.062308
6 0.277348 0.391260 0.036349 0.058466
6 0.258120 0.352525 0.035632 0.058469
6 0.241085 0.314537 0.033175 0.055866
6 0.438127 0.569848 0.041749 0.064180
6 0.366273 0.417244 0.036389 0.059071
8 0.344464 0.370243 0.043499 0.072464
0 0.555618 0.470116 0.037474 0.061270
0 0.522586 0.423930 0.037282 0.060440
2 0.617106 0.444783 0.047606 0.076392
2 0.523393 0.322832 0.038261 0.070909
0 0.760437 0.532536 0.045417 0.063419
0 0.714271 0.479687 0.039878 0.061584
0 0.608910 0.350985 0.034269 0.056858
0 0.581429 0.315316 0.032817 0.055453
0 0.554606 0.280757 0.031845 0.054001
0 0.529215 0.248209 0.030030 0.053224
1 0.823413 0.505124 0.053962 0.072027
3 0.737500 0.404681 0.044987 0.080129
4 0.703226 0.357563 0.053542 0.097202
5 0.669205 0.310536 0.053297 0.112156
3 0.636883 0.290655 0.037636 0.075893
1 0.580742 0.234263 0.034375 0.059921
