7 0.627259 0.348934 0.038366 0.061445
6 0.431275 0.339917 0.033899 0.055582
6 0.541882 0.364274 0.033022 0.056194
10 0.655317 0.372130 0.046806 0.097950
11 0.847265 0.404783 0.049530 0.119944
6 0.456617 0.376324 0.035569 0.056769
6 0.631338 0.417264 0.034064 0.057530
6 0.758345 0.443963 0.035724 0.059401
7 0.538717 0.427320 0.039808 0.066538
8 0.663672 0.452928 0.041888 0.079620
6 0.798492 0.489253 0.037388 0.063036
0 0.640546 0.491357 0.038750 0.063945
0 0.294368 0.449924 0.039775 0.061065
3 0.414177 0.469284 0.043492 0.085486
0 0.316339 0.495316 0.039378 0.063555
3 0.386635 0.498702 0.044415 0.089428
4 0.505885 0.522378 0.050248 0.109643
5 0.275212 0.498950 0.054914 0.130281
1 0.612196 0.613967 0.048849 0.079633
