7 0.603975 0.558669 0.053585 0.087371
6 0.807510 0.469932 0.043618 0.071405
6 0.653022 0.496986 0.045734 0.074024
11 0.229643 0.538338 0.065377 0.150909
6 0.698877 0.440795 0.042986 0.070909
6 0.463876 0.477870 0.042870 0.072526
6 0.300276 0.508077 0.044362 0.073277
7 0.518504 0.416824 0.047887 0.077192
8 0.357978 0.433317 0.048879 0.090972
6 0.194578 0.470817 0.045367 0.072652
10 0.175895 0.406381 0.058859 0.120771
0 0.674072 0.308940 0.039150 0.066048
3 0.535698 0.318922 0.046806 0.091521
4 0.321625 0.346425 0.053297 0.113948
0 0.580484 0.285167 0.038839 0.064593
3 0.509573 0.288122 0.046462 0.089187
0 0.299444 0.325906 0.041680 0.066878
5 0.558191 0.223595 0.051898 0.125542
1 0.205883 0.296400 0.047103 0.075222
