7 0.158996 0.362895 0.043846 0.066253
8 0.230091 0.337971 0.041815 0.074772
10 0.290673 0.312475 0.045612 0.095856
7 0.462917 0.269046 0.037599 0.062212
11 0.565800 0.215947 0.045311 0.105579
6 0.188692 0.402725 0.039005 0.059815
6 0.318244 0.361870 0.036349 0.057741
6 0.494018 0.303945 0.032295 0.054729
9 0.548049 0.277606 0.037526 0.075337
6 0.599742 0.268095 0.031627 0.053750
6 0.282467 0.418261 0.038009 0.059815
6 0.408383 0.379034 0.036389 0.058446
6 0.469848 0.357111 0.033056 0.056511
2 0.528677 0.328975 0.040000 0.074272
6 0.580594 0.318299 0.033059 0.055215
8 0.630241 0.289917 0.038353 0.072017
0 0.502265 0.389993 0.036554 0.060542
3 0.620969 0.337837 0.040999 0.080628
0 0.414340 0.480587 0.039130 0.061438
0 0.478244 0.455126 0.039180 0.061462
0 0.713902 0.363742 0.035655 0.056683
0 0.312308 0.578057 0.043155 0.065195
0 0.636825 0.445947 0.037606 0.059507
0 0.419411 0.598788 0.043115 0.065427
4 0.496751 0.552543 0.054554 0.106415
0 0.679785 0.488748 0.037745 0.061935
1 0.385274 0.680590 0.051442 0.081948
5 0.664312 0.536422 0.056634 0.123175
3 0.726814 0.524109 0.047404 0.087034
1 0.845942 0.478280 0.048849 0.071032
