7 0.837135 0.721136 0.061505 0.079620
10 0.653107 0.723469 0.066756 0.113056
7 0.374899 0.771809 0.055804 0.084742
6 0.806564 0.650637 0.048750 0.067292
6 0.634593 0.666480 0.046488 0.066796
9 0.274816 0.698034 0.054554 0.089448
11 0.178848 0.688839 0.069983 0.123175
6 0.700812 0.590924 0.045612 0.066300
6 0.445370 0.609206 0.043366 0.065423
6 0.270106 0.628932 0.045112 0.065675
2 0.430437 0.534592 0.051442 0.086286
8 0.348762 0.532748 0.049349 0.089226
3 0.257399 0.551452 0.053237 0.083459
6 0.175283 0.561763 0.045360 0.064802
0 0.585642 0.455651 0.041872 0.066548
8 0.502743 0.456095 0.047219 0.088757
4 0.421994 0.457578 0.055628 0.110182
6 0.341189 0.479853 0.043866 0.066796
0 0.720076 0.388757 0.041329 0.064385
3 0.489721 0.398762 0.046981 0.084739
0 0.629344 0.339969 0.039983 0.062206
0 0.325974 0.363249 0.041954 0.062999
5 0.537907 0.268580 0.055344 0.119732
1 0.467027 0.293672 0.044365 0.072278
1 0.161587 0.313672 0.048102 0.074395
