10 0.282272 0.328803 0.048988 0.097083
7 0.324792 0.456979 0.044656 0.071657
11 0.360764 0.286166 0.045403 0.112517
6 0.407264 0.418385 0.035830 0.060856
6 0.413657 0.344821 0.033320 0.057116
6 0.475513 0.554354 0.041124 0.068747
4 0.471915 0.398180 0.048988 0.104620
8 0.483413 0.373611 0.042784 0.071726
6 0.483800 0.309800 0.032090 0.055870
6 0.543576 0.500291 0.038839 0.065423
0 0.636513 0.609038 0.044884 0.071885
3 0.627859 0.492839 0.047735 0.091518
0 0.710468 0.554825 0.043065 0.069835
3 0.703889 0.494365 0.046806 0.090172
5 0.792761 0.528884 0.062017 0.132437
1 0.760754 0.413069 0.044114 0.071032
