7 0.795352 0.312485 0.042464 0.063588
8 0.782431 0.351657 0.047771 0.069239
9 0.766052 0.388707 0.044530 0.080919
10 0.757313 0.426944 0.059580 0.103545
11 0.740678 0.472237 0.061733 0.118257
9 0.719836 0.541161 0.049282 0.085999
7 0.681308 0.675651 0.053588 0.080020
6 0.729097 0.304552 0.033115 0.055962
6 0.713175 0.342920 0.034021 0.056951
6 0.697753 0.384112 0.035308 0.059957
6 0.678433 0.428054 0.037388 0.059401
6 0.661002 0.479605 0.038228 0.060023
6 0.642264 0.530015 0.039150 0.061286
6 0.622751 0.587659 0.043115 0.064550
6 0.597854 0.652697 0.043492 0.065050
8 0.567116 0.503990 0.045556 0.074911
0 0.483054 0.379970 0.035638 0.057950
0 0.439135 0.247612 0.030030 0.052877
0 0.416020 0.282315 0.031763 0.054259
0 0.392507 0.316723 0.031587 0.054782
0 0.335514 0.396825 0.035413 0.057427
0 0.302490 0.439747 0.037698 0.058674
0 0.265728 0.488919 0.039980 0.060231
0 0.225698 0.543517 0.043062 0.062034
1 0.385600 0.236412 0.035830 0.059299
2 0.362483 0.264534 0.038214 0.067500
3 0.333388 0.296974 0.038383 0.074398
4 0.303788 0.325394 0.050427 0.093313
5 0.269352 0.357766 0.058499 0.113052
3 0.237318 0.415898 0.047229 0.078760
2 0.197877 0.466792 0.056329 0.075020
1 0.156341 0.519517 0.055830 0.072526
