7 0.706827 0.515952 0.049018 0.076296
7 0.586625 0.574054 0.049573 0.082249
6 0.813143 0.405068 0.039626 0.064051
6 0.707143 0.453943 0.041746 0.066174
11 0.398300 0.568550 0.060509 0.140618
6 0.710792 0.399931 0.038839 0.064074
6 0.540460 0.473912 0.038525 0.065529
6 0.418352 0.531083 0.043118 0.067669
8 0.428848 0.455086 0.045347 0.084001
6 0.302545 0.519616 0.041994 0.068042
0 0.556493 0.358226 0.036452 0.062517
10 0.503104 0.365985 0.050427 0.106772
3 0.385213 0.422240 0.046359 0.090771
0 0.612479 0.293487 0.035413 0.059712
4 0.347179 0.385833 0.051680 0.107851
0 0.519046 0.288274 0.035618 0.060231
3 0.466268 0.302781 0.041372 0.082123
0 0.299210 0.372720 0.039048 0.063416
5 0.422095 0.256541 0.049097 0.119729
1 0.196792 0.363409 0.045238 0.071905
