7 0.647103 0.241873 0.037269 0.063694
10 0.681038 0.304597 0.047553 0.097950
7 0.752521 0.447910 0.046961 0.072811
6 0.585967 0.252424 0.034150 0.057698
6 0.618429 0.327756 0.035622 0.060334
11 0.720557 0.538036 0.061372 0.126402
6 0.540656 0.295832 0.035222 0.058588
6 0.585000 0.419881 0.036971 0.061164
6 0.626219 0.516751 0.039256 0.064077
8 0.525638 0.468662 0.046190 0.079924
3 0.551400 0.519473 0.049646 0.090321
6 0.564866 0.579597 0.041498 0.067917
0 0.413745 0.347227 0.036260 0.060665
4 0.440673 0.420238 0.050248 0.104630
6 0.456591 0.484516 0.040086 0.064699
0 0.329439 0.279592 0.035413 0.058568
3 0.356516 0.391734 0.044263 0.085089
8 0.382016 0.491445 0.048462 0.081415
0 0.270658 0.325083 0.036607 0.059537
0 0.304514 0.503821 0.041872 0.066630
5 0.206733 0.349499 0.054266 0.122543
1 0.230377 0.562363 0.050694 0.079706
1 0.240919 0.622612 0.050694 0.082996
