7 0.725243 0.401455 0.045116 0.074425
7 0.775253 0.492979 0.049382 0.077884
6 0.590625 0.290794 0.036012 0.061687
6 0.628036 0.369286 0.038214 0.063869
11 0.744826 0.584183 0.064818 0.138036
6 0.543036 0.336771 0.038320 0.064487
6 0.595499 0.465503 0.040503 0.066878
6 0.643525 0.564878 0.042619 0.070284
8 0.533980 0.515870 0.050539 0.087097
6 0.579813 0.629939 0.045162 0.075519
10 0.411100 0.373218 0.052219 0.109286
3 0.460736 0.522951 0.052219 0.096544
0 0.312626 0.320190 0.038882 0.064554
4 0.384800 0.523241 0.057067 0.117361
0 0.250524 0.368373 0.039673 0.065840
3 0.267196 0.402770 0.048452 0.090923
0 0.295802 0.554635 0.046247 0.072556
5 0.182379 0.392181 0.058145 0.134891
1 0.221809 0.617870 0.054286 0.086435
