7 0.683762 0.496926 0.044309 0.070618
10 0.588935 0.570056 0.054193 0.105694
11 0.473284 0.659449 0.059649 0.121875
6 0.575675 0.504820 0.037487 0.059401
6 0.476374 0.593280 0.039878 0.061190
6 0.695952 0.330435 0.034478 0.056286
6 0.651733 0.361070 0.034478 0.057325
4 0.523122 0.458474 0.049947 0.099745
8 0.466753 0.502141 0.044769 0.076386
6 0.359504 0.597535 0.041852 0.062312
6 0.561286 0.371556 0.034616 0.057808
0 0.592965 0.282406 0.033337 0.055764
3 0.508700 0.334684 0.040377 0.078013
0 0.505322 0.287660 0.033356 0.055036
3 0.461106 0.309396 0.039626 0.075969
5 0.460896 0.240174 0.044683 0.108568
1 0.320627 0.349874 0.043370 0.066045
