7 0.764914 0.451663 0.045278 0.068399
6 0.753110 0.312490 0.034269 0.055351
10 0.653717 0.519506 0.054193 0.101749
11 0.592273 0.628613 0.057781 0.116822
6 0.604038 0.463522 0.035046 0.057725
6 0.553899 0.566748 0.038882 0.061187
6 0.606634 0.318575 0.031501 0.055384
8 0.506164 0.485693 0.042870 0.071280
6 0.447224 0.597474 0.039673 0.061997
6 0.530969 0.345856 0.032401 0.056078
4 0.472307 0.411412 0.048304 0.097202
0 0.518302 0.259580 0.031935 0.053571
3 0.468386 0.322148 0.040000 0.075394
0 0.439974 0.280855 0.032308 0.054117
3 0.412072 0.307890 0.038132 0.073399
5 0.387330 0.243672 0.043264 0.106954
1 0.222851 0.461670 0.048975 0.068915
