7 0.352796 0.384600 0.033337 0.054649
6 0.262872 0.497685 0.033125 0.052546
10 0.465997 0.342832 0.036637 0.077761
11 0.538120 0.290599 0.037087 0.090026
6 0.350031 0.490271 0.032106 0.051667
6 0.474233 0.402879 0.028340 0.048462
6 0.542108 0.350653 0.026683 0.046227
6 0.443747 0.481298 0.031587 0.052616
8 0.556314 0.391291 0.033079 0.061829
6 0.619469 0.344871 0.028039 0.046839
7 0.524919 0.475683 0.036114 0.060003
0 0.598793 0.416409 0.029683 0.048981
0 0.451812 0.612847 0.036925 0.056310
3 0.537399 0.530795 0.039005 0.072655
4 0.643204 0.426936 0.041872 0.083892
0 0.546705 0.605188 0.035744 0.055820
3 0.588917 0.559482 0.039256 0.073899
5 0.601177 0.618335 0.050357 0.106379
1 0.778791 0.454993 0.038528 0.058882
