7 0.848657 0.488793 0.057692 0.071157
8 0.781204 0.514289 0.057989 0.083909
9 0.710899 0.549370 0.051925 0.081002
10 0.648512 0.576984 0.067474 0.102288
11 0.567817 0.606665 0.060509 0.107887
9 0.491425 0.660658 0.053003 0.079921
7 0.331814 0.747692 0.057490 0.075602
6 0.794926 0.437201 0.044421 0.058965
6 0.731364 0.464001 0.042371 0.059081
6 0.660063 0.496351 0.042619 0.060188
6 0.596910 0.525410 0.040837 0.059967
6 0.524944 0.561447 0.042163 0.059091
6 0.458065 0.595625 0.043201 0.060959
6 0.379223 0.628758 0.045112 0.060936
6 0.293409 0.669259 0.045985 0.061435
8 0.417103 0.525522 0.047685 0.080919
0 0.545673 0.339813 0.036346 0.059818
0 0.484974 0.366311 0.037758 0.060440
0 0.594544 0.215766 0.033856 0.056703
0 0.539225 0.236682 0.034269 0.057530
0 0.360594 0.303155 0.036558 0.058466
0 0.295771 0.324400 0.037560 0.058502
0 0.227583 0.346781 0.040086 0.060023
0 0.150443 0.375747 0.045463 0.061038
1 0.564792 0.174499 0.037758 0.065175
2 0.506870 0.190425 0.038383 0.074276
3 0.450878 0.209142 0.039626 0.077140
4 0.392366 0.219464 0.045222 0.096362
5 0.325789 0.234448 0.055810 0.114848
3 0.267389 0.272383 0.044864 0.078958
2 0.198937 0.294096 0.049600 0.077636
1 0.128429 0.322402 0.053274 0.069798
