7 0.764165 0.430994 0.045347 0.079269
6 0.572953 0.280048 0.035622 0.063350
6 0.611923 0.338509 0.039005 0.066548
11 0.733932 0.489282 0.065463 0.150741
6 0.526959 0.313819 0.037801 0.065112
6 0.581761 0.410805 0.040499 0.068436
6 0.631923 0.486657 0.043244 0.073399
7 0.485804 0.377350 0.046038 0.075579
8 0.520579 0.445681 0.050813 0.090417
6 0.568867 0.535742 0.046359 0.077913
10 0.487277 0.523814 0.063568 0.135407
0 0.296665 0.300329 0.038423 0.065010
3 0.319340 0.350056 0.048753 0.094663
4 0.370453 0.446863 0.057784 0.123641
0 0.234378 0.336017 0.040377 0.065671
3 0.251463 0.358700 0.049501 0.094808
0 0.280633 0.477416 0.046386 0.076849
5 0.165734 0.342512 0.059220 0.142761
1 0.204970 0.525185 0.055331 0.089722
