7 0.805784 0.557839 0.048347 0.063925
8 0.738790 0.576209 0.045575 0.075579
10 0.614015 0.613446 0.050694 0.096005
11 0.544401 0.633543 0.051892 0.102887
9 0.474241 0.667941 0.045116 0.076154
7 0.323867 0.723778 0.050195 0.072695
6 0.763229 0.513437 0.037040 0.053654
9 0.701164 0.524130 0.042308 0.072024
6 0.642690 0.551731 0.036637 0.055830
6 0.577976 0.570984 0.035767 0.055830
6 0.447639 0.615666 0.036554 0.055453
6 0.380013 0.639802 0.039153 0.056806
6 0.306248 0.664309 0.040294 0.056078
6 0.672389 0.488411 0.034686 0.053171
6 0.489086 0.541394 0.033647 0.053171
8 0.425175 0.553436 0.040985 0.072831
0 0.558345 0.413657 0.031326 0.051839
0 0.501143 0.431314 0.032609 0.052133
0 0.637945 0.350838 0.030982 0.050539
2 0.532328 0.373626 0.035642 0.066670
2 0.361862 0.420771 0.037136 0.068790
0 0.562551 0.331695 0.030202 0.049243
0 0.401481 0.374342 0.030291 0.050192
0 0.344478 0.387955 0.029339 0.050281
0 0.285422 0.402631 0.032192 0.051491
0 0.222303 0.418271 0.035003 0.050866
1 0.588816 0.284347 0.032540 0.054606
3 0.487267 0.304421 0.033647 0.065112
4 0.437090 0.311324 0.038882 0.081353
5 0.382252 0.317158 0.041872 0.098099
3 0.326596 0.343505 0.035638 0.067295
1 0.208356 0.376844 0.041541 0.058760
