7 0.517030 0.361594 0.033816 0.056812
6 0.332819 0.372975 0.030810 0.052186
10 0.625453 0.381012 0.042771 0.091819
11 0.752594 0.384577 0.048092 0.111978
6 0.373459 0.403385 0.032540 0.054177
6 0.554388 0.421359 0.032626 0.055126
6 0.682596 0.431147 0.033439 0.055767
8 0.609707 0.449226 0.039878 0.077679
6 0.747140 0.467444 0.036448 0.061270
6 0.403532 0.468515 0.035741 0.059021
4 0.534436 0.467293 0.047913 0.101915
0 0.244792 0.492368 0.038942 0.058776
3 0.378985 0.497908 0.046197 0.087034
0 0.287419 0.538571 0.040618 0.065542
3 0.358955 0.536386 0.045311 0.092718
5 0.255379 0.550655 0.064388 0.138247
1 0.654585 0.622282 0.051293 0.082996
