7 0.202606 0.559501 0.051647 0.081415
6 0.330073 0.757639 0.048102 0.072778
6 0.302320 0.616384 0.044990 0.069785
11 0.245150 0.300256 0.054481 0.122530
6 0.398849 0.671577 0.046607 0.070284
6 0.357389 0.478694 0.041749 0.065675
6 0.326293 0.368257 0.038737 0.063869
7 0.454016 0.524912 0.048462 0.076710
8 0.425420 0.404580 0.046733 0.079041
6 0.391458 0.306830 0.038009 0.062682
10 0.460957 0.281147 0.052788 0.104980
0 0.681835 0.696571 0.047540 0.070847
3 0.634711 0.555782 0.052040 0.090473
0 0.737356 0.617206 0.045347 0.068664
3 0.703499 0.540708 0.050694 0.088975
4 0.663191 0.422027 0.056885 0.109643
0 0.643717 0.383492 0.043823 0.064597
5 0.822652 0.584334 0.069557 0.123390
1 0.692776 0.319519 0.045909 0.073125
