7 0.154628 0.358727 0.044309 0.060370
8 0.224269 0.342913 0.038697 0.068294
9 0.283413 0.331701 0.036118 0.068310
10 0.339769 0.312222 0.042169 0.086495
11 0.399808 0.294008 0.041422 0.099299
9 0.455395 0.296959 0.034845 0.068310
8 0.508505 0.286212 0.033558 0.065579
7 0.564081 0.279962 0.033810 0.056657
6 0.168816 0.402912 0.037136 0.053462
6 0.235332 0.390888 0.034011 0.052272
6 0.297269 0.378037 0.033578 0.052358
6 0.359686 0.366544 0.031164 0.051925
6 0.420364 0.353062 0.031845 0.050714
6 0.474980 0.341237 0.030132 0.050470
6 0.528657 0.328930 0.030648 0.050784
6 0.584008 0.317075 0.030159 0.050347
0 0.228583 0.673633 0.042927 0.057695
0 0.308662 0.649021 0.041571 0.057725
0 0.381700 0.627771 0.039478 0.057573
0 0.455752 0.607538 0.038733 0.057424
0 0.524673 0.586872 0.037864 0.057063
0 0.589914 0.570236 0.038009 0.056452
0 0.657275 0.552900 0.037500 0.055351
0 0.722902 0.535382 0.040605 0.054626
1 0.244749 0.736265 0.054193 0.074653
2 0.325771 0.706027 0.048988 0.082007
3 0.407087 0.685919 0.047851 0.077388
4 0.479679 0.654234 0.053234 0.096901
5 0.552687 0.631645 0.054911 0.103006
3 0.622740 0.622614 0.047232 0.075645
2 0.692298 0.600868 0.050847 0.077464
1 0.759486 0.586620 0.053118 0.067295
