7 0.694628 0.649876 0.046524 0.074494
8 0.614621 0.630337 0.045460 0.085040
10 0.476240 0.595994 0.050397 0.105129
7 0.336063 0.584043 0.043271 0.070962
11 0.271229 0.548566 0.055771 0.119084
6 0.705122 0.607556 0.038426 0.062202
9 0.631334 0.582928 0.042093 0.084878
6 0.564076 0.581386 0.036452 0.060542
6 0.495597 0.567470 0.034580 0.060231
6 0.366118 0.546066 0.034788 0.057636
9 0.304067 0.527054 0.041190 0.078697
6 0.242508 0.525035 0.034137 0.056637
6 0.647422 0.555632 0.036763 0.059815
6 0.453846 0.519463 0.033406 0.056597
6 0.333857 0.499565 0.033145 0.055559
8 0.272578 0.486068 0.039117 0.071885
0 0.474132 0.485149 0.035136 0.054868
3 0.352366 0.456860 0.039752 0.072900
0 0.615106 0.467728 0.032712 0.054782
0 0.553664 0.459739 0.032526 0.054458
0 0.745729 0.456895 0.033271 0.054808
2 0.625584 0.433641 0.035724 0.068849
2 0.454722 0.409380 0.034544 0.067146
0 0.347540 0.396172 0.028869 0.049845
0 0.696220 0.420451 0.031329 0.051405
4 0.634502 0.395685 0.039256 0.085364
0 0.475446 0.389659 0.029425 0.049153
0 0.421956 0.381584 0.028733 0.048882
1 0.763454 0.398155 0.034997 0.057116
5 0.542323 0.348186 0.039626 0.099296
3 0.490342 0.355215 0.032814 0.066878
1 0.390630 0.347817 0.032021 0.052791
