7 0.406324 0.216546 0.036233 0.061042
8 0.465628 0.226215 0.036680 0.070962
10 0.578259 0.242103 0.043218 0.093763
7 0.705731 0.281941 0.039517 0.064616
11 0.772603 0.276691 0.052579 0.111617
6 0.382298 0.255076 0.032308 0.055291
9 0.440663 0.262436 0.037272 0.074077
6 0.497378 0.282874 0.033115 0.055972
6 0.558881 0.297953 0.032973 0.056250
6 0.685551 0.325701 0.034587 0.056806
9 0.752199 0.331680 0.042116 0.079041
6 0.821276 0.354820 0.037282 0.058985
6 0.414739 0.304737 0.034643 0.056577
6 0.598490 0.352474 0.034163 0.057844
6 0.731754 0.383472 0.037212 0.059021
0 0.575914 0.393555 0.037801 0.060648
0 0.415767 0.409952 0.036971 0.057946
0 0.483021 0.426673 0.037596 0.058882
8 0.698671 0.475546 0.045694 0.080079
0 0.261427 0.421615 0.039878 0.058985
2 0.390625 0.449606 0.045112 0.081501
2 0.600599 0.506432 0.046058 0.084491
0 0.290842 0.489124 0.039752 0.060688
4 0.360134 0.497110 0.055989 0.102467
0 0.572194 0.571620 0.041994 0.064180
0 0.651182 0.596334 0.043409 0.065023
0 0.733924 0.620901 0.045116 0.066233
1 0.183322 0.519517 0.053462 0.074021
3 0.324153 0.557001 0.049226 0.085496
5 0.469621 0.588512 0.058356 0.120589
3 0.545921 0.627032 0.050605 0.088469
1 0.710185 0.682183 0.053836 0.080007
