7 0.751589 0.341558 0.046161 0.068770
6 0.656447 0.223504 0.032920 0.056286
10 0.705165 0.426334 0.060476 0.106412
11 0.720924 0.540813 0.068264 0.126190
6 0.602095 0.261605 0.034269 0.057946
6 0.615074 0.392912 0.037179 0.060751
6 0.632303 0.500924 0.040810 0.064077
6 0.535319 0.304411 0.035519 0.059504
8 0.541409 0.438395 0.048452 0.078343
6 0.552434 0.562715 0.043095 0.068333
7 0.470964 0.444955 0.045923 0.074196
0 0.404709 0.225527 0.034478 0.057946
3 0.399559 0.294830 0.042371 0.081749
4 0.396850 0.429707 0.054375 0.107490
0 0.336966 0.263972 0.036577 0.059425
3 0.330645 0.294979 0.043069 0.082397
5 0.270177 0.236511 0.051505 0.118975
1 0.224808 0.504114 0.053823 0.079557
