7 0.580592 0.306202 0.030231 0.051002
8 0.603555 0.330279 0.031541 0.058846
10 0.651227 0.374137 0.039504 0.082374
7 0.710010 0.449840 0.037791 0.059229
11 0.740332 0.465594 0.047106 0.102437
6 0.535068 0.319342 0.028125 0.046475
9 0.554544 0.338836 0.031925 0.064425
6 0.576777 0.372121 0.028423 0.049401
6 0.600291 0.402121 0.029683 0.049329
6 0.654716 0.466100 0.031243 0.051405
9 0.684251 0.493140 0.039474 0.074540
6 0.717017 0.539530 0.034358 0.055298
6 0.508399 0.355233 0.028638 0.048118
6 0.572207 0.445513 0.030202 0.050192
8 0.598145 0.474851 0.037156 0.068194
6 0.626015 0.515144 0.032718 0.054521
0 0.519400 0.457148 0.032503 0.053390
0 0.417783 0.406880 0.029805 0.050989
0 0.439301 0.438667 0.032106 0.051402
0 0.333469 0.363041 0.029854 0.048548
2 0.365298 0.417098 0.037593 0.063244
2 0.425914 0.521009 0.038945 0.068538
0 0.292697 0.403732 0.027728 0.050367
4 0.307034 0.423780 0.044266 0.086435
0 0.361984 0.541763 0.034960 0.056250
0 0.382373 0.584524 0.036604 0.057897
0 0.404152 0.631179 0.038634 0.060784
1 0.222779 0.383818 0.035837 0.056597
3 0.249127 0.440248 0.038122 0.072526
5 0.278790 0.497163 0.051144 0.109464
3 0.296038 0.551384 0.041124 0.077887
1 0.334459 0.646366 0.044864 0.072030
