7 0.673575 0.708338 0.047890 0.077192
10 0.526128 0.647399 0.052401 0.110003
7 0.320661 0.606523 0.045139 0.073112
11 0.196225 0.548307 0.056849 0.122097
6 0.698183 0.663988 0.041749 0.066171
6 0.556939 0.623289 0.039256 0.063681
6 0.359172 0.567708 0.036260 0.060317
9 0.297708 0.542399 0.044425 0.082272
6 0.651495 0.601948 0.040291 0.062619
6 0.456650 0.545329 0.034960 0.058846
2 0.391037 0.521273 0.043244 0.079008
0 0.333985 0.512763 0.035516 0.058568
6 0.275422 0.497569 0.038641 0.057533
8 0.428775 0.481366 0.039322 0.075741
3 0.362199 0.467746 0.041276 0.077312
0 0.641847 0.499927 0.035413 0.059921
8 0.575437 0.478128 0.040271 0.075463
4 0.513798 0.454438 0.045400 0.097083
6 0.456715 0.456093 0.036240 0.057741
0 0.789965 0.498313 0.037384 0.059656
3 0.600833 0.443861 0.040622 0.078013
0 0.747211 0.450341 0.035050 0.056944
0 0.511197 0.395822 0.032712 0.054521
5 0.704352 0.380235 0.045463 0.107970
1 0.647680 0.388795 0.036260 0.061531
1 0.428785 0.339603 0.034964 0.059107
