7 0.621720 0.248978 0.037599 0.064425
10 0.659175 0.305463 0.047404 0.101839
7 0.739089 0.443745 0.047192 0.075347
11 0.800600 0.520615 0.067186 0.137388
6 0.560929 0.260643 0.034233 0.058654
6 0.595728 0.331060 0.036554 0.061895
6 0.662341 0.457894 0.039504 0.066296
9 0.689137 0.496144 0.049352 0.095542
6 0.717723 0.559869 0.043244 0.071531
6 0.515359 0.302345 0.034686 0.059815
8 0.527297 0.333515 0.042001 0.076964
6 0.565706 0.421511 0.040499 0.065218
2 0.590375 0.464000 0.051591 0.083495
6 0.608750 0.516739 0.041435 0.069683
8 0.642302 0.563570 0.053446 0.089864
6 0.490944 0.432021 0.039983 0.066151
3 0.533305 0.521806 0.051293 0.096303
0 0.550883 0.587219 0.045463 0.073618
0 0.386151 0.355223 0.036349 0.063244
0 0.400670 0.397128 0.037801 0.064904
4 0.418565 0.424091 0.054914 0.110721
0 0.300112 0.292593 0.036554 0.060231
0 0.357156 0.502712 0.042368 0.069683
0 0.238940 0.337824 0.038383 0.062685
0 0.271328 0.515218 0.043740 0.070536
1 0.160347 0.306002 0.044563 0.069835
5 0.177621 0.447693 0.066326 0.134573
3 0.185028 0.517872 0.053297 0.097622
1 0.197449 0.642083 0.059521 0.090324
