7 0.226931 0.225604 0.047308 0.072808
10 0.378905 0.215266 0.050245 0.105876
7 0.601675 0.226434 0.043733 0.072464
11 0.749522 0.203395 0.060294 0.124897
6 0.222035 0.276720 0.040962 0.065291
6 0.376093 0.278396 0.040929 0.065840
6 0.604097 0.279000 0.036865 0.063244
9 0.680372 0.268709 0.046399 0.087510
6 0.757240 0.276872 0.042867 0.064802
6 0.293758 0.326658 0.042245 0.066048
8 0.373070 0.322434 0.045830 0.087097
6 0.530147 0.329873 0.039256 0.066174
2 0.612300 0.319669 0.047913 0.089187
6 0.686926 0.328795 0.043720 0.066359
8 0.762822 0.315331 0.047358 0.087784
6 0.534676 0.383856 0.042784 0.068022
3 0.702110 0.370081 0.050694 0.094659
0 0.783778 0.381840 0.044759 0.067708
0 0.363047 0.447277 0.044739 0.068416
0 0.450079 0.445656 0.044861 0.069163
0 0.185408 0.511167 0.047979 0.070099
0 0.628535 0.504800 0.047354 0.070532
0 0.266156 0.580843 0.049600 0.071779
4 0.366043 0.564544 0.063740 0.121237
0 0.633669 0.576991 0.048727 0.072526
1 0.157052 0.654955 0.064243 0.092060
5 0.548958 0.630926 0.068479 0.136700
3 0.644974 0.645899 0.058142 0.100780
1 0.840741 0.648495 0.064603 0.089187
