7 0.254893 0.497925 0.046524 0.075050
7 0.213857 0.423284 0.045030 0.072778
6 0.407386 0.607859 0.043991 0.072404
6 0.355205 0.522723 0.041124 0.067708
10 0.330078 0.463643 0.050784 0.110003
11 0.248499 0.320369 0.048274 0.118257
6 0.450638 0.546658 0.041872 0.068641
6 0.376772 0.430764 0.036554 0.062725
6 0.328557 0.365610 0.034580 0.059712
8 0.423072 0.374563 0.040985 0.075053
6 0.373730 0.320227 0.033545 0.057946
0 0.570623 0.469807 0.039005 0.065427
4 0.510013 0.380628 0.047374 0.103902
3 0.480800 0.356936 0.043519 0.084342
0 0.700951 0.530723 0.041677 0.069785
0 0.732786 0.476386 0.039567 0.066462
3 0.689912 0.427735 0.043608 0.087930
0 0.604992 0.342877 0.034997 0.059716
5 0.761028 0.395883 0.054193 0.124180
1 0.635003 0.298471 0.038426 0.064904
