7 0.132502 0.386764 0.043892 0.068125
10 0.243089 0.320969 0.046508 0.097202
7 0.380107 0.264461 0.037212 0.061250
6 0.180268 0.411523 0.038505 0.062933
6 0.286207 0.357923 0.036243 0.058882
9 0.467110 0.254509 0.037037 0.074772
11 0.510713 0.218370 0.042530 0.108565
6 0.280131 0.405627 0.037682 0.062510
6 0.429277 0.328423 0.032973 0.057030
6 0.512244 0.280541 0.030737 0.055817
2 0.477882 0.339071 0.041372 0.073525
8 0.524803 0.316414 0.038654 0.073271
3 0.564724 0.285871 0.039765 0.079507
6 0.603631 0.274820 0.031931 0.055473
0 0.437369 0.426882 0.037384 0.062725
8 0.485561 0.389236 0.042232 0.077771
4 0.529387 0.349339 0.047106 0.101687
6 0.572113 0.343209 0.035516 0.058780
0 0.388948 0.514721 0.041541 0.068310
3 0.540334 0.409917 0.043968 0.087183
0 0.498170 0.509049 0.040751 0.067669
0 0.680053 0.385643 0.036865 0.062206
5 0.610389 0.472184 0.055989 0.132437
1 0.779309 0.377988 0.043492 0.069163
1 0.817290 0.349606 0.040916 0.067811
