7 0.307961 0.393204 0.038654 0.064233
6 0.152517 0.479279 0.037388 0.060688
6 0.278604 0.443360 0.036243 0.058155
10 0.450683 0.375031 0.043667 0.093165
11 0.562692 0.337512 0.044147 0.108747
6 0.245855 0.492574 0.037259 0.061313
6 0.430308 0.438915 0.033022 0.057116
6 0.540435 0.403748 0.031928 0.055129
7 0.403681 0.486149 0.040615 0.066809
8 0.525188 0.445175 0.039881 0.075311
6 0.633509 0.415468 0.033333 0.056597
0 0.562050 0.481868 0.036971 0.059299
0 0.284292 0.628269 0.042348 0.066591
3 0.417604 0.572619 0.046359 0.087632
0 0.388581 0.645283 0.041872 0.066796
3 0.456442 0.605833 0.046508 0.089279
4 0.575764 0.556759 0.050245 0.105694
5 0.426941 0.661060 0.056634 0.131571
1 0.742604 0.565129 0.046657 0.072976
