7 0.282617 0.439034 0.045149 0.073525
7 0.346230 0.364185 0.042348 0.069580
6 0.245660 0.587379 0.044415 0.071782
6 0.319081 0.497497 0.040126 0.068042
10 0.353747 0.437209 0.051144 0.108929
11 0.469835 0.286705 0.047374 0.117900
6 0.353257 0.556349 0.042169 0.069987
6 0.451420 0.430360 0.037073 0.063036
6 0.502316 0.356885 0.035413 0.060231
8 0.550972 0.398112 0.042923 0.077903
6 0.595240 0.332616 0.035103 0.060231
0 0.540205 0.543356 0.041250 0.069788
4 0.593439 0.437174 0.051323 0.109825
3 0.614312 0.405521 0.044861 0.088079
0 0.559148 0.658097 0.045830 0.074216
3 0.641604 0.503039 0.047851 0.093313
0 0.667675 0.625680 0.044987 0.073026
0 0.756055 0.444610 0.040377 0.065549
5 0.774393 0.561400 0.061802 0.138032
1 0.848237 0.415311 0.045860 0.072526
