7 0.202111 0.387307 0.046617 0.075579
6 0.327057 0.627650 0.046858 0.076267
6 0.307791 0.520876 0.043366 0.071653
11 0.269244 0.278090 0.050248 0.123819
6 0.397252 0.564006 0.044861 0.073423
6 0.367073 0.419008 0.038737 0.066151
6 0.343697 0.337550 0.036349 0.063452
7 0.454578 0.451683 0.046042 0.077308
8 0.434813 0.362568 0.043846 0.078462
6 0.407675 0.292422 0.036190 0.061908
10 0.550612 0.473671 0.059220 0.116713
0 0.669921 0.587035 0.046389 0.073938
3 0.629258 0.474965 0.050248 0.095466
4 0.567472 0.340450 0.050605 0.108565
0 0.727654 0.527269 0.043866 0.071157
3 0.696412 0.464651 0.048750 0.095109
0 0.643302 0.351508 0.039256 0.064802
5 0.780570 0.440840 0.058919 0.133340
1 0.692961 0.304001 0.042867 0.071032
