7 0.303509 0.330053 0.042057 0.068955
11 0.644044 0.253003 0.050787 0.116104
6 0.323229 0.376202 0.038528 0.062517
8 0.392270 0.356318 0.042867 0.079382
6 0.666516 0.312999 0.036015 0.059444
6 0.265470 0.434721 0.040397 0.062827
9 0.552391 0.373801 0.045985 0.083866
6 0.203864 0.495265 0.042060 0.065840
2 0.283348 0.469762 0.047014 0.086852
0 0.428171 0.450304 0.040377 0.065549
6 0.501771 0.436321 0.040003 0.063681
2 0.574884 0.416758 0.045112 0.083244
8 0.716215 0.389765 0.043614 0.080880
0 0.374897 0.513798 0.040999 0.064924
6 0.600780 0.471526 0.040126 0.062808
7 0.670642 0.455301 0.044861 0.072778
0 0.318446 0.582025 0.041746 0.066796
0 0.254107 0.654704 0.044239 0.068853
3 0.332589 0.628279 0.052341 0.092715
0 0.800159 0.543122 0.041376 0.064802
1 0.597804 0.640587 0.050694 0.079554
1 0.673666 0.622427 0.048370 0.078386
5 0.833160 0.570013 0.062021 0.128558
