7 0.351053 0.398408 0.031849 0.054692
7 0.514114 0.379871 0.032454 0.054087
11 0.621865 0.348831 0.039927 0.095856
6 0.363396 0.429157 0.030033 0.051217
8 0.419028 0.415551 0.033439 0.064593
6 0.637323 0.393472 0.028462 0.047354
6 0.312169 0.466916 0.032011 0.053211
6 0.435051 0.451587 0.031776 0.051964
9 0.545537 0.428520 0.035394 0.070036
10 0.603024 0.414451 0.039626 0.085112
6 0.255236 0.507536 0.034183 0.055562
2 0.322159 0.490238 0.038320 0.071343
0 0.442121 0.479626 0.032159 0.054709
6 0.502345 0.472338 0.032526 0.053089
6 0.563963 0.463862 0.032391 0.052837
8 0.677521 0.442366 0.035638 0.066419
0 0.394699 0.523492 0.033274 0.056204
0 0.578854 0.497870 0.032887 0.054001
0 0.343170 0.572280 0.035638 0.058819
3 0.539545 0.534048 0.041498 0.078757
2 0.600195 0.526634 0.039755 0.073776
0 0.659215 0.525974 0.034395 0.056577
0 0.280288 0.626023 0.038505 0.062298
4 0.557472 0.565860 0.048151 0.099147
0 0.750063 0.552578 0.035642 0.057199
1 0.574226 0.623312 0.044987 0.070658
1 0.642325 0.609187 0.042784 0.069993
5 0.780696 0.566987 0.056524 0.118796
