7 0.225504 0.466653 0.058198 0.076515
7 0.293720 0.284562 0.049848 0.074521
11 0.332169 0.159079 0.059001 0.118866
6 0.312999 0.479302 0.043366 0.063181
8 0.329312 0.409229 0.054206 0.076515
6 0.397751 0.187779 0.035516 0.060546
6 0.375673 0.562798 0.044342 0.063558
9 0.443834 0.294696 0.045757 0.084788
10 0.457525 0.230177 0.052040 0.104620
6 0.444482 0.652498 0.046353 0.066544
2 0.454803 0.566511 0.060314 0.075642
0 0.488189 0.433019 0.042371 0.064054
6 0.500766 0.369107 0.041273 0.062209
6 0.515878 0.308538 0.039130 0.061938
8 0.540752 0.196032 0.043118 0.075020
0 0.555642 0.508338 0.043512 0.064282
0 0.631306 0.591761 0.046627 0.064593
3 0.658740 0.376567 0.048975 0.084491
2 0.667295 0.320939 0.049200 0.075516
0 0.675177 0.271862 0.039038 0.061369
0 0.713199 0.687553 0.049097 0.065423
4 0.742115 0.377937 0.059937 0.108208
0 0.755146 0.222551 0.038882 0.062556
1 0.826128 0.403125 0.055331 0.076640
1 0.823972 0.339606 0.054583 0.075146
5 0.834517 0.203699 0.064603 0.123390
