7 0.717512 0.550858 0.053337 0.075394
7 0.496974 0.636485 0.053214 0.079259
11 0.327794 0.686663 0.066964 0.126190
6 0.665980 0.496961 0.042245 0.063803
8 0.600780 0.514097 0.049597 0.085489
6 0.295665 0.644439 0.048287 0.068013
6 0.688788 0.421567 0.040003 0.061812
6 0.555122 0.469158 0.041124 0.062186
9 0.418922 0.509826 0.049947 0.086736
10 0.340557 0.530003 0.058145 0.108929
6 0.709225 0.352778 0.039005 0.059067
2 0.650575 0.367793 0.048750 0.080155
0 0.524988 0.418027 0.040003 0.061313
0 0.455729 0.439727 0.040711 0.062206
6 0.383786 0.464831 0.040364 0.062956
8 0.231351 0.506149 0.051293 0.087483
0 0.551306 0.349363 0.037136 0.061683
0 0.573614 0.290605 0.036138 0.060066
3 0.387485 0.337923 0.044739 0.083492
2 0.321961 0.358785 0.045112 0.083118
0 0.254940 0.385539 0.041376 0.063929
0 0.598039 0.235088 0.034894 0.058694
4 0.359759 0.286453 0.049709 0.100850
0 0.151536 0.360655 0.041022 0.063036
1 0.334335 0.255741 0.044557 0.069239
1 0.269602 0.276258 0.042371 0.070513
5 0.123203 0.289683 0.062232 0.123175
