7 0.381675 0.297495 0.035830 0.059818
8 0.439649 0.301111 0.037884 0.071032
9 0.500256 0.306558 0.037748 0.075020
10 0.559669 0.307855 0.043069 0.092417
7 0.683252 0.336667 0.040916 0.063142
11 0.751123 0.322181 0.045400 0.112695
6 0.362027 0.329532 0.033022 0.055248
6 0.424335 0.337321 0.031779 0.055661
6 0.484826 0.346772 0.033958 0.056078
6 0.608649 0.363801 0.034097 0.056597
6 0.671782 0.370638 0.033664 0.057288
9 0.734894 0.370360 0.039504 0.078261
6 0.809114 0.386629 0.034616 0.055995
6 0.534051 0.388570 0.033750 0.058052
8 0.665832 0.396644 0.041749 0.077262
6 0.726683 0.413502 0.035225 0.059365
0 0.428656 0.446944 0.038879 0.060265
0 0.499091 0.458011 0.037388 0.061763
0 0.566161 0.467806 0.037235 0.061610
2 0.416109 0.480008 0.044263 0.083145
2 0.619823 0.510296 0.045737 0.082622
0 0.247887 0.506647 0.040291 0.062725
0 0.320503 0.516789 0.039630 0.064054
3 0.530873 0.540752 0.050238 0.090023
0 0.605714 0.562541 0.040675 0.066247
0 0.683027 0.573532 0.039481 0.066396
0 0.760911 0.586404 0.041644 0.065321
1 0.221592 0.543656 0.046855 0.073899
3 0.364443 0.562145 0.047556 0.091161
4 0.438967 0.563022 0.053297 0.110899
5 0.515726 0.569238 0.057067 0.130711
1 0.752475 0.629625 0.049646 0.080155
