7 0.574864 0.272406 0.035933 0.059091
7 0.781066 0.395435 0.047457 0.062001
11 0.842498 0.414473 0.065678 0.103185
6 0.536129 0.307774 0.031677 0.052011
8 0.583360 0.330309 0.037262 0.068542
6 0.803185 0.469848 0.039980 0.053393
6 0.448593 0.309722 0.031935 0.051925
9 0.643768 0.432518 0.040499 0.070513
10 0.765395 0.499299 0.062960 0.094061
6 0.359056 0.310617 0.032609 0.052973
2 0.406825 0.334396 0.038757 0.069911
0 0.499054 0.402829 0.034788 0.055248
6 0.551176 0.437722 0.034997 0.054312
6 0.604067 0.475346 0.035516 0.055976
8 0.720901 0.547569 0.049600 0.075397
0 0.407564 0.407865 0.034997 0.053277
0 0.314464 0.413108 0.036349 0.054001
2 0.512927 0.555595 0.044239 0.074398
0 0.565083 0.604264 0.039980 0.055764
0 0.216898 0.415394 0.038320 0.054418
3 0.260360 0.441844 0.045238 0.073773
4 0.408034 0.553720 0.050843 0.092560
0 0.579954 0.704866 0.042229 0.056941
1 0.349866 0.610172 0.046941 0.067606
1 0.408770 0.653198 0.047771 0.068955
5 0.527259 0.748449 0.060476 0.101389
