7 0.181652 0.608059 0.049097 0.077884
8 0.202128 0.559158 0.048601 0.081624
9 0.221703 0.509236 0.043366 0.085860
10 0.239653 0.460055 0.052579 0.105698
7 0.270380 0.396195 0.042123 0.069038
11 0.286129 0.336268 0.048271 0.115208
6 0.260074 0.618365 0.042245 0.069785
6 0.277707 0.568704 0.039878 0.065423
6 0.296587 0.523530 0.039253 0.065552
6 0.310666 0.481845 0.038264 0.062930
6 0.326870 0.441283 0.038509 0.062560
6 0.338335 0.403148 0.036267 0.060066
9 0.350377 0.358722 0.042884 0.082748
6 0.359456 0.330246 0.034395 0.057073
8 0.406268 0.398925 0.042021 0.074173
6 0.418590 0.370561 0.036015 0.059692
0 0.518423 0.534757 0.039464 0.066048
0 0.529689 0.490364 0.039358 0.064074
0 0.537168 0.450433 0.036868 0.062308
2 0.595809 0.532715 0.047232 0.080132
2 0.611650 0.412938 0.042619 0.073575
0 0.661258 0.645508 0.042993 0.069785
0 0.664289 0.593381 0.042474 0.067292
0 0.683757 0.421002 0.037288 0.061792
0 0.686305 0.383358 0.035929 0.059818
0 0.690615 0.347892 0.036243 0.058052
1 0.740086 0.648297 0.050966 0.081111
3 0.749648 0.541022 0.049051 0.091369
4 0.747731 0.487994 0.051680 0.108568
5 0.752146 0.435774 0.054590 0.125437
3 0.753431 0.414301 0.044712 0.084342
1 0.756850 0.347550 0.040188 0.066257
