7 0.618191 0.644162 0.051343 0.080129
7 0.361913 0.616607 0.053085 0.078261
11 0.271207 0.590944 0.069127 0.122100
6 0.621106 0.576941 0.043740 0.065423
8 0.539721 0.560147 0.048601 0.088528
6 0.212609 0.542505 0.044345 0.064388
6 0.707903 0.521898 0.042123 0.062930
6 0.544603 0.506233 0.040999 0.062930
9 0.393408 0.484091 0.046657 0.085536
10 0.311468 0.469691 0.060298 0.104441
6 0.789029 0.468748 0.041372 0.062312
2 0.707935 0.455982 0.046498 0.083009
0 0.558945 0.451700 0.039669 0.061376
6 0.482793 0.445233 0.038879 0.061438
6 0.404780 0.438128 0.039878 0.060939
8 0.258327 0.415360 0.045761 0.082249
0 0.636830 0.403256 0.038423 0.062517
0 0.421480 0.385341 0.038383 0.061190
0 0.709059 0.361040 0.037490 0.060962
3 0.498730 0.336478 0.042745 0.080628
2 0.431324 0.331968 0.041372 0.078882
0 0.366648 0.333375 0.036888 0.059441
0 0.781953 0.320689 0.037510 0.059818
4 0.509387 0.284319 0.046220 0.097202
0 0.309894 0.283985 0.035827 0.057738
1 0.521528 0.253474 0.039253 0.066359
1 0.454669 0.251791 0.039048 0.066359
5 0.322217 0.218621 0.051862 0.113770
