7 0.547249 0.271410 0.035655 0.053052
7 0.761255 0.403178 0.045261 0.050886
11 0.820172 0.432318 0.063558 0.072229
6 0.513003 0.322116 0.031878 0.044206
8 0.563285 0.348423 0.037073 0.057533
6 0.785337 0.488110 0.037163 0.039606
6 0.426319 0.335670 0.033022 0.044137
9 0.633271 0.469243 0.038770 0.048981
6 0.338328 0.349752 0.034064 0.044034
2 0.391394 0.376285 0.038112 0.059818
0 0.491121 0.446787 0.033644 0.043409
6 0.545620 0.481877 0.034031 0.042477
2 0.597722 0.515058 0.039358 0.057636
8 0.714043 0.590856 0.044342 0.053380
0 0.403785 0.464545 0.034064 0.039461
6 0.565017 0.574762 0.035311 0.038684
10 0.616721 0.609479 0.046233 0.057946
0 0.315617 0.481890 0.035724 0.039878
0 0.221842 0.496895 0.039669 0.039980
3 0.271055 0.528892 0.045278 0.048082
4 0.431387 0.639836 0.047477 0.059071
0 0.602326 0.766782 0.037212 0.037791
1 0.385787 0.699659 0.042996 0.045589
1 0.446108 0.738080 0.042116 0.043343
5 0.563085 0.827612 0.051343 0.053585
