7 0.200969 0.513510 0.045734 0.073151
8 0.235351 0.475602 0.045238 0.080007
9 0.267601 0.437320 0.041372 0.083991
10 0.298869 0.399405 0.048003 0.101541
11 0.329649 0.359087 0.047804 0.117143
9 0.354648 0.347454 0.038733 0.078657
8 0.382149 0.324964 0.037884 0.070284
7 0.404034 0.303763 0.038737 0.061799
6 0.268274 0.529000 0.040873 0.067543
6 0.301359 0.492113 0.038009 0.063307
6 0.334011 0.458094 0.038009 0.064302
6 0.361488 0.427500 0.035642 0.060688
6 0.390650 0.396468 0.034891 0.059940
6 0.414638 0.367621 0.033522 0.058323
6 0.439874 0.340951 0.033896 0.057325
6 0.459127 0.312227 0.031528 0.055208
0 0.560979 0.455228 0.038631 0.063181
0 0.633694 0.594663 0.042321 0.070734
0 0.656131 0.553113 0.040238 0.067543
0 0.676187 0.515479 0.039504 0.065298
0 0.715481 0.444119 0.037292 0.062827
0 0.735055 0.414471 0.037173 0.061687
0 0.751354 0.383783 0.035724 0.059921
0 0.768335 0.355380 0.034375 0.058360
1 0.708090 0.605954 0.049646 0.080155
2 0.729818 0.560402 0.048750 0.083892
3 0.754344 0.516944 0.046505 0.093763
4 0.768041 0.472120 0.051683 0.109821
5 0.787227 0.427351 0.053621 0.127480
3 0.803108 0.413821 0.042619 0.085989
2 0.818266 0.387336 0.042497 0.073899
1 0.833146 0.360635 0.039256 0.065529
