7 0.296248 0.401043 0.038528 0.060440
7 0.481116 0.294509 0.033145 0.056511
11 0.522323 0.253596 0.040374 0.096901
6 0.339223 0.435837 0.033492 0.052963
8 0.387335 0.398775 0.037262 0.067543
6 0.558768 0.295668 0.028244 0.048082
6 0.327923 0.503965 0.035443 0.055331
9 0.520147 0.370231 0.037801 0.070304
10 0.563570 0.335008 0.040625 0.085116
6 0.314914 0.579635 0.038730 0.058919
2 0.370686 0.531033 0.045360 0.073899
0 0.470870 0.468056 0.034358 0.054954
6 0.517374 0.435076 0.033896 0.053340
6 0.563981 0.404357 0.032401 0.052715
8 0.647412 0.342211 0.037510 0.065427
0 0.468805 0.539223 0.036035 0.055351
0 0.468160 0.619727 0.038733 0.057741
2 0.659729 0.464560 0.044266 0.069239
0 0.698788 0.440215 0.034064 0.053380
0 0.463070 0.713836 0.041644 0.059921
4 0.669403 0.527682 0.052490 0.094061
0 0.792662 0.438520 0.035741 0.052874
3 0.623861 0.659264 0.047477 0.080255
1 0.724272 0.581516 0.048214 0.068290
1 0.765780 0.539785 0.047877 0.065734
5 0.854342 0.450579 0.063704 0.106772
