7 0.355099 0.263090 0.040708 0.067503
2 0.311392 0.433419 0.054583 0.081501
11 0.397659 0.285663 0.050245 0.122206
6 0.441629 0.238404 0.034097 0.058416
6 0.357498 0.501650 0.044144 0.068909
9 0.465060 0.313087 0.043743 0.086485
6 0.406577 0.571546 0.046118 0.073396
0 0.484400 0.418628 0.040751 0.067169
0 0.535929 0.478816 0.041620 0.068915
0 0.593814 0.546858 0.043991 0.071409
5 0.702923 0.254496 0.050820 0.123390
0 0.656136 0.624795 0.046233 0.074272
0 0.772374 0.291845 0.037282 0.061581
1 0.807312 0.424648 0.049947 0.078211
8 0.821845 0.377614 0.055450 0.082728
