7 0.673609 0.260661 0.043866 0.068790
2 0.390202 0.302644 0.044365 0.082748
11 0.608980 0.287870 0.051141 0.117361
6 0.757801 0.310258 0.037884 0.060317
6 0.313051 0.360364 0.040188 0.062725
9 0.613102 0.356081 0.045013 0.082996
6 0.228052 0.413431 0.042579 0.065010
0 0.461733 0.412270 0.040813 0.065321
0 0.383482 0.471515 0.041541 0.063763
0 0.300091 0.534759 0.043515 0.064907
8 0.713070 0.528401 0.049646 0.085837
5 0.796982 0.516157 0.070632 0.120589
0 0.205278 0.602001 0.046422 0.066673
0 0.804504 0.605417 0.046005 0.064802
1 0.549015 0.670157 0.053836 0.080255
1 0.635526 0.668312 0.052090 0.079633
