7 0.539717 0.659438 0.046855 0.072778
10 0.388466 0.604115 0.056336 0.097801
7 0.319469 0.593983 0.050473 0.070096
11 0.242649 0.558446 0.065681 0.106951
6 0.561968 0.596839 0.039669 0.059299
8 0.490470 0.568767 0.044987 0.080754
9 0.286268 0.513573 0.045486 0.078634
6 0.211176 0.504112 0.041022 0.057014
6 0.657986 0.558145 0.038631 0.056806
6 0.511941 0.518259 0.038009 0.057450
6 0.751138 0.519253 0.039048 0.057116
2 0.674816 0.494668 0.043740 0.076141
0 0.539992 0.468234 0.037384 0.055767
6 0.472221 0.450942 0.036763 0.055972
6 0.404563 0.433132 0.035622 0.055456
8 0.277521 0.392320 0.044487 0.074395
0 0.625511 0.432197 0.036035 0.058052
0 0.707108 0.400625 0.036346 0.057030
3 0.514246 0.348229 0.040251 0.074772
0 0.397431 0.326908 0.033922 0.054868
0 0.790787 0.370251 0.036971 0.056389
2 0.598924 0.320987 0.040003 0.072900
4 0.535861 0.298404 0.044712 0.091220
0 0.477508 0.299459 0.033145 0.053482
0 0.359223 0.271913 0.032798 0.053224
1 0.559879 0.268284 0.038839 0.062725
1 0.498681 0.258117 0.036971 0.062517
5 0.439588 0.225144 0.044415 0.105427
