7 0.162859 0.378848 0.051716 0.065797
11 0.294443 0.459631 0.057927 0.094104
6 0.205017 0.292561 0.038320 0.054831
6 0.462751 0.643578 0.042579 0.051144
2 0.366939 0.442234 0.050843 0.068191
6 0.574927 0.682161 0.044550 0.051610
0 0.465737 0.480276 0.040152 0.052358
9 0.429787 0.407450 0.046644 0.069087
0 0.567674 0.510938 0.040850 0.053826
0 0.671839 0.544334 0.042474 0.053171
5 0.471306 0.175511 0.050694 0.106174
0 0.782386 0.581916 0.045486 0.052133
0 0.534043 0.169959 0.036088 0.055645
1 0.699628 0.303218 0.047232 0.066673
