7 0.834901 0.564355 0.051468 0.075767
8 0.763507 0.580681 0.052483 0.088677
9 0.688874 0.604532 0.049798 0.088231
10 0.615081 0.616964 0.060116 0.112156
11 0.533600 0.635175 0.060513 0.124683
7 0.292642 0.730286 0.055589 0.082622
6 0.794048 0.514193 0.043069 0.065860
6 0.722267 0.536534 0.042351 0.063525
6 0.649949 0.555827 0.043429 0.066217
6 0.579873 0.575655 0.042173 0.067474
6 0.501721 0.597369 0.045222 0.067834
6 0.426981 0.620789 0.043968 0.068370
9 0.351014 0.635142 0.052490 0.091819
6 0.261348 0.674712 0.045400 0.068552
8 0.390268 0.558444 0.050245 0.088231
6 0.317875 0.584091 0.042887 0.067116
0 0.550357 0.399850 0.040086 0.063555
0 0.477766 0.417659 0.040083 0.064074
2 0.512277 0.349363 0.045486 0.081875
0 0.618709 0.281118 0.036763 0.060337
0 0.553492 0.298409 0.037593 0.060648
0 0.351468 0.347154 0.038532 0.062517
0 0.284170 0.360552 0.039358 0.062308
0 0.211374 0.378519 0.039567 0.063763
0 0.136229 0.395243 0.041994 0.063568
1 0.590119 0.240141 0.043512 0.067397
3 0.460198 0.260299 0.043492 0.080876
4 0.396458 0.269603 0.049497 0.100939
5 0.326334 0.275772 0.052973 0.119732
3 0.259838 0.306824 0.044861 0.083145
2 0.187060 0.324478 0.045860 0.082123
1 0.113226 0.346303 0.046214 0.072798
