7 0.560441 0.666131 0.046981 0.075020
10 0.379282 0.562001 0.052222 0.102646
7 0.269444 0.521212 0.044365 0.068542
11 0.213990 0.474894 0.054732 0.111978
6 0.538107 0.593166 0.037834 0.060116
6 0.480084 0.565352 0.039031 0.061908
8 0.423013 0.531019 0.041997 0.077513
6 0.316152 0.485896 0.035764 0.056825
9 0.268690 0.455078 0.041257 0.078383
6 0.212411 0.439623 0.033439 0.053896
6 0.464000 0.498743 0.036763 0.058571
6 0.312227 0.429195 0.034646 0.054831
6 0.682483 0.540064 0.038737 0.059818
0 0.506334 0.465789 0.035050 0.056511
6 0.452791 0.441835 0.034530 0.055734
8 0.302768 0.367994 0.038505 0.069038
0 0.597158 0.452290 0.034441 0.057550
0 0.490445 0.406890 0.032887 0.055817
2 0.632422 0.412596 0.039626 0.073399
3 0.525007 0.369565 0.038214 0.074044
0 0.431045 0.338661 0.031984 0.053069
0 0.777984 0.433087 0.035308 0.056511
0 0.718104 0.410119 0.034891 0.055767
2 0.613044 0.363085 0.038509 0.071157
4 0.561539 0.334130 0.041571 0.089127
0 0.512738 0.330094 0.031845 0.052530
0 0.417965 0.292837 0.030737 0.050800
1 0.809630 0.398538 0.040000 0.063803
1 0.546100 0.301696 0.035142 0.058697
5 0.498151 0.262946 0.041991 0.102646
