7 0.790661 0.445127 0.048810 0.066359
7 0.639039 0.661283 0.047979 0.071283
11 0.592366 0.714335 0.062450 0.107024
6 0.720053 0.418203 0.037136 0.056326
8 0.688575 0.457943 0.047731 0.072030
6 0.527032 0.689400 0.042265 0.058780
6 0.691890 0.346485 0.035394 0.054709
9 0.545389 0.522345 0.046954 0.075218
6 0.666098 0.280873 0.033386 0.054087
2 0.638166 0.314782 0.046855 0.071283
0 0.566981 0.401147 0.036541 0.055767
6 0.528788 0.448107 0.037801 0.055665
2 0.484102 0.487715 0.045360 0.073029
10 0.440134 0.532569 0.053476 0.095827
8 0.389878 0.596321 0.052216 0.074772
0 0.546410 0.332399 0.034269 0.055142
6 0.424896 0.463151 0.038257 0.057698
0 0.526576 0.273049 0.033231 0.054835
0 0.325483 0.475721 0.039253 0.057844
0 0.511101 0.215622 0.031362 0.053585
3 0.478208 0.240397 0.038009 0.073399
4 0.357712 0.345600 0.051144 0.092596
0 0.215980 0.495048 0.042318 0.057292
1 0.307526 0.326787 0.044114 0.065050
1 0.264524 0.369058 0.046422 0.066772
5 0.154521 0.442935 0.073935 0.107490
