7 0.515099 0.238562 0.038426 0.065218
2 0.295342 0.332540 0.044613 0.081250
11 0.489843 0.266085 0.048813 0.118439
6 0.610061 0.258146 0.034375 0.057431
6 0.254554 0.398302 0.040251 0.064302
9 0.522184 0.319119 0.043370 0.082874
7 0.647090 0.293609 0.041250 0.067292
6 0.208507 0.461233 0.043118 0.067295
0 0.421668 0.400033 0.040003 0.065298
3 0.488905 0.371860 0.046806 0.088978
8 0.681334 0.322670 0.042867 0.078760
0 0.386151 0.463963 0.040999 0.065797
6 0.593429 0.405579 0.039253 0.063056
0 0.348953 0.534372 0.043118 0.068538
5 0.631774 0.425046 0.057927 0.127910
0 0.302502 0.611801 0.045162 0.071181
0 0.800258 0.454843 0.040503 0.064051
1 0.640785 0.563360 0.050969 0.080628
1 0.707741 0.539582 0.049352 0.078509
