7 0.175732 0.587933 0.053337 0.083122
8 0.203236 0.529178 0.052490 0.086736
10 0.253226 0.411652 0.056849 0.112192
7 0.293720 0.334034 0.044987 0.074272
11 0.313838 0.266301 0.050605 0.122206
6 0.259289 0.606159 0.046858 0.073264
6 0.283510 0.544701 0.043965 0.069983
6 0.308634 0.490268 0.043069 0.068790
6 0.350099 0.391422 0.040126 0.065675
6 0.366610 0.346561 0.037758 0.063181
9 0.382596 0.295532 0.044114 0.086885
6 0.396443 0.259653 0.034686 0.060853
6 0.408442 0.446839 0.041759 0.066567
8 0.438332 0.345675 0.045460 0.081204
6 0.455205 0.311916 0.037526 0.062682
0 0.546858 0.521151 0.042870 0.068915
0 0.562622 0.466443 0.042745 0.067669
0 0.574711 0.417591 0.040499 0.066670
9 0.593925 0.316386 0.044504 0.085060
2 0.631212 0.524765 0.053237 0.083743
2 0.659697 0.376286 0.047854 0.080007
0 0.694691 0.669539 0.047854 0.074474
0 0.702121 0.604158 0.046485 0.071405
3 0.729087 0.428057 0.048452 0.092774
0 0.736640 0.390575 0.040747 0.065675
0 0.742073 0.343839 0.038882 0.063446
0 0.749552 0.301397 0.038383 0.063059
1 0.781592 0.679486 0.055810 0.087391
3 0.799760 0.547138 0.054282 0.096009
4 0.802685 0.481205 0.059841 0.116095
5 0.811238 0.419190 0.064600 0.132864
1 0.822492 0.304681 0.045592 0.071862
