7 0.652149 0.260435 0.044987 0.065797
7 0.757364 0.414327 0.053962 0.069785
11 0.804327 0.457971 0.074077 0.110685
6 0.587596 0.284375 0.037011 0.057698
8 0.621629 0.326982 0.047854 0.073773
6 0.775570 0.564268 0.045612 0.059071
6 0.494942 0.254180 0.036763 0.058194
6 0.555010 0.357338 0.037884 0.058571
9 0.620279 0.458849 0.047854 0.076118
10 0.663856 0.513371 0.065800 0.100493
6 0.403037 0.224208 0.036637 0.058819
2 0.434415 0.267414 0.044365 0.073029
0 0.489324 0.370957 0.038528 0.060856
6 0.520055 0.427187 0.040003 0.059196
6 0.553824 0.487877 0.040499 0.061190
8 0.628924 0.611546 0.058171 0.078059
0 0.394406 0.341310 0.039150 0.058882
0 0.481953 0.510602 0.041644 0.060648
0 0.301359 0.313269 0.038737 0.059712
3 0.380159 0.472217 0.049048 0.079706
2 0.408831 0.534023 0.049349 0.076763
0 0.437004 0.603173 0.044239 0.060129
0 0.208517 0.281751 0.038733 0.059818
4 0.302999 0.488300 0.055093 0.101210
0 0.391782 0.710284 0.047354 0.061812
1 0.220895 0.521860 0.052715 0.074150
1 0.251987 0.587447 0.054709 0.074894
5 0.278657 0.650164 0.064815 0.110255
