7 0.729750 0.530732 0.040751 0.065050
6 0.696425 0.587688 0.036647 0.060648
6 0.509699 0.389972 0.029702 0.049534
11 0.542260 0.424253 0.044864 0.108029
2 0.556931 0.473778 0.039358 0.067920
6 0.440797 0.369514 0.029597 0.048915
0 0.484172 0.453968 0.033059 0.054696
9 0.500924 0.482021 0.040003 0.076766
5 0.555728 0.581878 0.054524 0.123519
0 0.412168 0.432523 0.031240 0.052619
0 0.343325 0.413872 0.031154 0.051839
0 0.277902 0.393061 0.030288 0.050711
1 0.306529 0.516366 0.041538 0.066257
0 0.333836 0.651526 0.041376 0.065427
