7 0.299489 0.617307 0.043826 0.061478
7 0.252394 0.460081 0.041435 0.060440
11 0.235223 0.397551 0.052940 0.090175
6 0.369352 0.598239 0.035767 0.050718
8 0.349233 0.540762 0.041541 0.061478
9 0.300466 0.396037 0.037593 0.065215
6 0.279666 0.354716 0.030205 0.047771
6 0.456397 0.635562 0.035890 0.049848
6 0.413960 0.523330 0.033753 0.048981
10 0.357102 0.369575 0.044864 0.081002
6 0.547659 0.672928 0.036984 0.051405
2 0.518272 0.608583 0.043244 0.062808
0 0.474608 0.509140 0.033647 0.049120
6 0.453942 0.460078 0.032540 0.048548
6 0.433646 0.411483 0.031372 0.047523
8 0.397429 0.320405 0.036558 0.059401
0 0.556961 0.539618 0.034478 0.050678
0 0.491222 0.396938 0.031948 0.048102
0 0.642429 0.572642 0.034891 0.050470
3 0.568801 0.418717 0.037801 0.064074
0 0.528176 0.340643 0.030982 0.048118
0 0.733006 0.609987 0.035827 0.050575
2 0.651609 0.452063 0.040499 0.061581
4 0.626858 0.397221 0.041872 0.080903
0 0.559287 0.284001 0.030202 0.046991
1 0.685308 0.392330 0.037903 0.057636
1 0.656567 0.349790 0.037731 0.057120
5 0.633318 0.292885 0.042173 0.091968
