7 0.383834 0.283735 0.036035 0.060546
10 0.562212 0.301186 0.044114 0.093912
7 0.686314 0.334547 0.039878 0.063763
11 0.753814 0.323510 0.048092 0.112338
6 0.365064 0.320012 0.033231 0.055387
6 0.424474 0.329142 0.032454 0.055301
6 0.484396 0.339396 0.033390 0.056081
8 0.545527 0.342434 0.037880 0.073525
6 0.611149 0.360293 0.034891 0.057325
6 0.673558 0.371906 0.035390 0.058198
9 0.734286 0.373477 0.040503 0.078760
6 0.808957 0.392095 0.035764 0.057946
6 0.530255 0.385994 0.034054 0.058052
8 0.659626 0.400207 0.040503 0.077014
6 0.722533 0.419263 0.035642 0.059940
0 0.419997 0.445881 0.036515 0.060314
0 0.492088 0.457968 0.037384 0.061062
0 0.554335 0.472798 0.039755 0.061812
9 0.696126 0.493049 0.043965 0.082546
2 0.396470 0.482617 0.044613 0.081749
3 0.537239 0.507030 0.045608 0.085536
2 0.606614 0.523406 0.045238 0.084742
0 0.233160 0.505017 0.039878 0.062831
0 0.304183 0.519669 0.040813 0.063452
3 0.511053 0.549664 0.046062 0.090175
0 0.586637 0.575971 0.040628 0.066174
0 0.659788 0.592731 0.041124 0.066296
0 0.741854 0.607920 0.042371 0.065946
1 0.200107 0.546310 0.047728 0.074272
4 0.416066 0.572082 0.053833 0.110685
1 0.565179 0.620073 0.048849 0.078386
5 0.645990 0.615627 0.059692 0.132047
