7 0.761040 0.249084 0.043244 0.067295
6 0.825883 0.308016 0.038228 0.059921
6 0.395202 0.279899 0.036250 0.058760
11 0.525661 0.280172 0.049530 0.117361
2 0.591364 0.310283 0.041240 0.080255
6 0.302513 0.310918 0.037903 0.060579
0 0.504658 0.347986 0.037708 0.062930
9 0.581377 0.355382 0.044487 0.082371
0 0.414311 0.385268 0.038747 0.061065
0 0.320222 0.424367 0.039993 0.061789
5 0.773619 0.499468 0.066326 0.121667
0 0.215440 0.463259 0.043730 0.063138
0 0.757626 0.586986 0.046356 0.065923
1 0.484661 0.591086 0.050969 0.077636
