7 0.198256 0.501467 0.057126 0.085539
10 0.182207 0.378705 0.064388 0.118654
7 0.177814 0.351432 0.050470 0.078009
11 0.169755 0.281500 0.061263 0.129170
6 0.290015 0.489969 0.045757 0.074620
8 0.276615 0.432154 0.053237 0.086134
6 0.258821 0.342727 0.039878 0.066577
9 0.249115 0.294203 0.046207 0.090324
6 0.233004 0.261563 0.033059 0.062913
6 0.392320 0.534585 0.045612 0.073773
6 0.361556 0.423722 0.042768 0.070136
6 0.323676 0.293601 0.037907 0.063869
6 0.502196 0.579534 0.047976 0.076389
2 0.474567 0.509873 0.057877 0.092715
0 0.439139 0.414676 0.041498 0.069914
6 0.422331 0.367862 0.039775 0.067708
8 0.379583 0.237493 0.044861 0.076389
0 0.537025 0.450192 0.043118 0.071409
0 0.498332 0.354797 0.040003 0.068542
0 0.640977 0.490451 0.045222 0.073396
3 0.570645 0.334625 0.047110 0.091220
0 0.533876 0.267156 0.038320 0.063651
0 0.753214 0.535468 0.046858 0.074521
2 0.668537 0.374702 0.050546 0.085688
4 0.645595 0.317247 0.053849 0.111796
0 0.622303 0.295241 0.039878 0.064802
0 0.580192 0.220165 0.036448 0.061488
1 0.718657 0.324266 0.046356 0.075767
1 0.688704 0.283745 0.043823 0.072900
5 0.666855 0.219676 0.052335 0.128128
