7 0.727282 0.526305 0.041865 0.066253
6 0.552832 0.406222 0.033145 0.055559
11 0.662814 0.521354 0.051501 0.119514
6 0.702827 0.588323 0.037077 0.060443
6 0.470833 0.387186 0.032540 0.054001
9 0.570676 0.515195 0.042021 0.080304
7 0.630258 0.602915 0.045172 0.072900
6 0.390832 0.367626 0.034540 0.053829
2 0.414034 0.393368 0.037593 0.067503
0 0.458824 0.462063 0.034375 0.058155
3 0.482326 0.488623 0.042470 0.081200
8 0.565390 0.612910 0.044504 0.080033
0 0.375579 0.442717 0.034478 0.056908
6 0.444917 0.554469 0.037282 0.060856
0 0.294317 0.425375 0.034163 0.056908
5 0.375676 0.546586 0.052940 0.119335
0 0.214354 0.405592 0.033958 0.055767
0 0.353667 0.675982 0.041852 0.065007
1 0.216744 0.557740 0.043826 0.069891
1 0.238763 0.597416 0.044987 0.073277
