6 0.350597 0.642679 0.041372 0.069663
6 0.678156 0.462915 0.035142 0.058945
11 0.570650 0.477586 0.052040 0.122209
2 0.512639 0.514783 0.043618 0.081749
6 0.687130 0.415063 0.033399 0.055952
0 0.531695 0.471037 0.035519 0.059296
9 0.469134 0.483702 0.042745 0.083747
0 0.547323 0.423059 0.033542 0.057427
5 0.244139 0.491328 0.056849 0.127695
0 0.559734 0.383181 0.032609 0.054107
0 0.574013 0.345119 0.030843 0.051925
1 0.372080 0.403581 0.038320 0.062943
0 0.188781 0.458485 0.036604 0.059279
7 0.224096 0.408790 0.040188 0.063142
