7 0.644897 0.295886 0.040099 0.063347
10 0.716344 0.366447 0.054732 0.096901
7 0.750473 0.423636 0.048102 0.069289
11 0.796577 0.455137 0.064425 0.115030
6 0.585514 0.318259 0.035142 0.057073
8 0.617979 0.352303 0.041746 0.073026
9 0.723284 0.489026 0.047103 0.080003
6 0.774276 0.554187 0.041250 0.060562
6 0.496974 0.296078 0.034769 0.056078
6 0.556534 0.381080 0.035873 0.057325
6 0.657882 0.521723 0.040003 0.061938
6 0.409990 0.273583 0.035020 0.055704
2 0.439104 0.307928 0.040708 0.071048
0 0.494170 0.394459 0.036753 0.060023
6 0.525013 0.442017 0.038882 0.059815
0 0.557927 0.493021 0.039048 0.062100
8 0.633320 0.598552 0.052639 0.081799
0 0.403664 0.372340 0.037083 0.057741
0 0.315347 0.351999 0.037282 0.058271
3 0.391946 0.483128 0.047106 0.082123
0 0.449008 0.598042 0.042917 0.063254
0 0.227941 0.328406 0.036518 0.057460
2 0.293350 0.456128 0.049649 0.077163
4 0.318801 0.498732 0.053687 0.102735
0 0.346273 0.568509 0.042619 0.062209
0 0.407622 0.694170 0.045112 0.064054
1 0.240572 0.532677 0.050470 0.074395
1 0.269754 0.589205 0.051895 0.076716
5 0.297022 0.638176 0.064064 0.119157
