7 0.833505 0.471888 0.046481 0.070780
10 0.656667 0.539306 0.058571 0.107672
7 0.527581 0.613629 0.049349 0.077265
11 0.456766 0.627102 0.059649 0.127265
6 0.724491 0.460537 0.037698 0.059712
6 0.668047 0.485461 0.039878 0.062411
8 0.609767 0.504502 0.045460 0.082397
6 0.480023 0.568284 0.040225 0.065198
9 0.419264 0.587827 0.050096 0.090324
6 0.343342 0.634679 0.043218 0.067295
6 0.560306 0.469436 0.039256 0.062206
8 0.437629 0.515271 0.047553 0.084193
6 0.374072 0.548991 0.040076 0.064901
6 0.692183 0.357573 0.036243 0.057844
0 0.525878 0.427918 0.037490 0.060440
6 0.464448 0.452386 0.038882 0.061809
0 0.542027 0.365868 0.036138 0.060129
0 0.423350 0.410711 0.037903 0.061997
9 0.294038 0.448843 0.045013 0.085688
2 0.500339 0.324167 0.041247 0.076766
3 0.384697 0.366969 0.043800 0.082550
2 0.322616 0.388593 0.043816 0.080453
0 0.571895 0.260441 0.033750 0.056286
0 0.517530 0.280017 0.033022 0.057427
3 0.354148 0.330633 0.042245 0.079507
0 0.290544 0.360279 0.037636 0.060314
0 0.228434 0.380928 0.037821 0.060837
0 0.160175 0.405643 0.038631 0.061372
1 0.536243 0.227199 0.038320 0.063452
4 0.377188 0.269707 0.047100 0.095261
1 0.260255 0.321422 0.041435 0.068439
5 0.193619 0.321511 0.050605 0.116713
