7 0.770162 0.502409 0.049431 0.065215
7 0.571396 0.689036 0.048102 0.068290
11 0.513009 0.731329 0.060655 0.101210
6 0.706680 0.465876 0.036759 0.054623
8 0.665441 0.498899 0.046359 0.072070
6 0.459363 0.696787 0.040499 0.056326
6 0.695880 0.391883 0.035311 0.053065
9 0.511928 0.540678 0.044861 0.072282
10 0.457397 0.580339 0.051501 0.092774
6 0.686015 0.323666 0.033128 0.052338
2 0.648566 0.352421 0.046419 0.069372
0 0.560941 0.427226 0.035744 0.054087
6 0.513522 0.466634 0.036971 0.053796
6 0.461139 0.506407 0.037384 0.053588
8 0.349512 0.586351 0.048727 0.073773
0 0.556405 0.357346 0.033909 0.054521
0 0.550427 0.296508 0.032540 0.053135
2 0.366523 0.422351 0.043244 0.071905
0 0.315891 0.463418 0.037212 0.055473
0 0.548348 0.238437 0.031154 0.052272
3 0.509535 0.258404 0.037014 0.071154
4 0.371746 0.344362 0.046118 0.088651
0 0.211343 0.466477 0.039775 0.055559
1 0.331133 0.319481 0.040003 0.062308
1 0.282115 0.354206 0.042576 0.064491
5 0.162774 0.408318 0.066217 0.104263
