7 0.185489 0.593180 0.055952 0.086359
10 0.220774 0.404944 0.061911 0.113591
7 0.240322 0.325686 0.045109 0.074150
11 0.247907 0.258064 0.054193 0.122927
6 0.288113 0.532515 0.043244 0.071035
6 0.294782 0.475936 0.043366 0.069795
8 0.300627 0.417431 0.048601 0.082249
6 0.316533 0.327715 0.037702 0.063558
9 0.320390 0.278768 0.043492 0.086610
6 0.322460 0.244157 0.034372 0.058882
6 0.383325 0.421377 0.041644 0.066670
6 0.393347 0.287923 0.036243 0.061495
6 0.459864 0.597743 0.046806 0.075069
0 0.458689 0.423484 0.040711 0.067708
6 0.459479 0.374770 0.039461 0.065010
8 0.463639 0.239451 0.040751 0.073525
0 0.538709 0.474517 0.042245 0.069411
0 0.536440 0.373304 0.039130 0.065675
2 0.623710 0.470954 0.052341 0.082748
3 0.611043 0.363472 0.048092 0.090265
0 0.722247 0.596569 0.047358 0.073151
0 0.711862 0.532161 0.044967 0.070202
2 0.695440 0.419816 0.051144 0.082397
4 0.688603 0.355990 0.054554 0.110182
0 0.680263 0.329873 0.039130 0.064554
0 0.675152 0.288624 0.036389 0.063056
0 0.667179 0.247252 0.036389 0.061561
1 0.813203 0.594079 0.057874 0.086134
1 0.752030 0.327518 0.047731 0.073647
5 0.744034 0.259625 0.054914 0.125976
