7 0.509461 0.267149 0.040192 0.066151
6 0.484266 0.309307 0.036607 0.059626
8 0.548117 0.318401 0.042120 0.077874
11 0.744502 0.355650 0.054732 0.120592
6 0.822989 0.397388 0.037593 0.060648
6 0.391167 0.329595 0.037593 0.060546
9 0.656473 0.395559 0.044487 0.082870
7 0.727791 0.420837 0.045608 0.070774
6 0.294109 0.349888 0.037755 0.061435
2 0.363231 0.359687 0.043968 0.081200
0 0.493469 0.403108 0.037593 0.064180
2 0.561582 0.416169 0.045162 0.082695
8 0.778239 0.475926 0.045162 0.084788
0 0.398707 0.428595 0.038631 0.062414
6 0.610468 0.491314 0.041273 0.064302
0 0.300726 0.455127 0.040188 0.063555
0 0.195412 0.480165 0.041538 0.064802
3 0.262171 0.489697 0.049051 0.089726
0 0.708477 0.635974 0.040129 0.066670
1 0.445881 0.612869 0.050347 0.078383
1 0.521369 0.633798 0.049193 0.079858
5 0.680552 0.666379 0.063962 0.130926
