7 0.431969 0.291554 0.036763 0.061376
8 0.486572 0.302143 0.037834 0.072077
9 0.543631 0.315468 0.038135 0.076888
10 0.599044 0.324724 0.046508 0.095109
11 0.661343 0.332500 0.047196 0.113948
9 0.722632 0.364205 0.040999 0.078013
7 0.848810 0.404907 0.042123 0.067169
6 0.399568 0.322480 0.033958 0.055456
6 0.457257 0.338631 0.032609 0.055767
6 0.513646 0.355349 0.034064 0.057219
6 0.569464 0.371290 0.033750 0.057533
6 0.630995 0.388892 0.034478 0.058882
6 0.691901 0.405352 0.035205 0.058780
6 0.756080 0.423838 0.037490 0.059606
6 0.827599 0.440230 0.036885 0.059428
8 0.669694 0.432460 0.043118 0.078261
0 0.414388 0.452270 0.036554 0.059712
0 0.477113 0.472626 0.038009 0.061997
0 0.216963 0.488803 0.038284 0.062209
0 0.279921 0.508242 0.038882 0.064005
0 0.474744 0.571438 0.039567 0.065112
0 0.536399 0.594461 0.040291 0.065635
0 0.607860 0.617546 0.040721 0.066772
0 0.679866 0.642070 0.043409 0.066892
1 0.175992 0.521913 0.046316 0.072589
2 0.238502 0.538272 0.045112 0.083991
3 0.298998 0.560008 0.048631 0.090083
4 0.365537 0.571470 0.054196 0.110731
5 0.433659 0.588813 0.057067 0.129206
3 0.500031 0.627907 0.048304 0.093313
2 0.573313 0.653851 0.049339 0.091372
1 0.648947 0.684762 0.047854 0.081349
