7 0.180688 0.590040 0.051720 0.081376
10 0.267629 0.424307 0.057242 0.108747
7 0.315479 0.353102 0.042368 0.070661
11 0.337521 0.289611 0.049163 0.117722
6 0.267677 0.603886 0.044739 0.072778
6 0.292475 0.548929 0.041247 0.068042
6 0.317149 0.498520 0.040747 0.066670
8 0.339568 0.444560 0.045856 0.080628
6 0.385610 0.363138 0.036035 0.061687
9 0.401453 0.318122 0.045612 0.083743
6 0.419142 0.284990 0.033985 0.057844
6 0.416956 0.458442 0.039752 0.064550
8 0.453894 0.365938 0.043244 0.078634
6 0.472932 0.332948 0.033760 0.060546
6 0.504912 0.423671 0.038945 0.064491
0 0.545600 0.528704 0.042477 0.068228
0 0.560865 0.475127 0.041644 0.066048
0 0.579975 0.431668 0.039150 0.065321
9 0.611412 0.336911 0.043069 0.083446
2 0.629008 0.535980 0.050344 0.083495
3 0.654286 0.430779 0.047553 0.089726
2 0.668037 0.392095 0.049474 0.078634
0 0.682619 0.669757 0.046481 0.073773
0 0.696576 0.607113 0.046359 0.071032
3 0.728472 0.443505 0.048452 0.091224
0 0.741936 0.406245 0.037801 0.064593
0 0.752217 0.365122 0.037384 0.063347
0 0.759487 0.322751 0.037176 0.061065
1 0.772244 0.680501 0.056829 0.088528
4 0.795519 0.492642 0.055628 0.115026
1 0.814392 0.413069 0.047460 0.075185
5 0.823532 0.343905 0.055119 0.127050
