7 0.557917 0.262862 0.038942 0.064699
2 0.321324 0.355283 0.044362 0.080129
11 0.522700 0.297938 0.048991 0.113952
8 0.590313 0.299168 0.041372 0.077014
6 0.650675 0.291417 0.034960 0.056511
6 0.269469 0.425531 0.039878 0.061809
9 0.548740 0.357736 0.043743 0.080255
6 0.211086 0.494818 0.042245 0.064802
0 0.434026 0.441098 0.040083 0.063254
0 0.386321 0.512204 0.040976 0.062510
3 0.602259 0.453196 0.046210 0.083145
0 0.335476 0.590341 0.043366 0.064749
5 0.637523 0.495871 0.061369 0.117576
7 0.770799 0.477819 0.050347 0.072278
0 0.274284 0.676222 0.045909 0.066994
0 0.808981 0.535651 0.042579 0.061481
1 0.623163 0.650590 0.052338 0.077140
1 0.697249 0.628209 0.051217 0.076392
