7 0.236883 0.560642 0.050248 0.080456
11 0.141475 0.316619 0.053479 0.121670
6 0.318133 0.545339 0.043740 0.069163
8 0.294357 0.492176 0.048224 0.082249
6 0.206028 0.330536 0.036607 0.061270
6 0.423203 0.578365 0.042993 0.068747
9 0.323618 0.386440 0.045761 0.088826
7 0.303080 0.352852 0.043991 0.070532
2 0.280164 0.311766 0.046485 0.077513
6 0.532789 0.611025 0.044990 0.070284
2 0.497971 0.551695 0.049349 0.086485
0 0.442641 0.467303 0.040374 0.065923
6 0.414876 0.424046 0.039567 0.063555
8 0.347307 0.298692 0.042371 0.074646
0 0.542087 0.494656 0.041872 0.067546
6 0.459739 0.366777 0.038757 0.062940
0 0.644772 0.525250 0.041620 0.067669
0 0.752756 0.558237 0.042993 0.068644
3 0.717841 0.502201 0.050397 0.092715
0 0.540853 0.270888 0.036243 0.059712
1 0.688762 0.365488 0.044362 0.072278
1 0.656622 0.328975 0.043244 0.069537
5 0.602860 0.233355 0.050066 0.118257
