7 0.246599 0.372371 0.043925 0.071138
6 0.316002 0.391186 0.039630 0.065050
8 0.348216 0.346023 0.043118 0.078383
11 0.437687 0.223983 0.050175 0.116498
6 0.461328 0.213886 0.032298 0.056495
6 0.349649 0.452186 0.040873 0.065675
9 0.473024 0.285888 0.042920 0.082847
7 0.526875 0.225299 0.039048 0.065526
6 0.387535 0.516739 0.042867 0.068915
2 0.418247 0.461690 0.051144 0.082698
0 0.479191 0.384307 0.039130 0.064554
2 0.509363 0.340456 0.046207 0.076865
8 0.586014 0.233406 0.039878 0.072778
0 0.520066 0.442004 0.040873 0.066296
6 0.601367 0.322356 0.037384 0.060751
0 0.565863 0.506308 0.041997 0.068290
0 0.614066 0.578674 0.043740 0.070410
3 0.639600 0.519203 0.050542 0.094511
5 0.755767 0.292196 0.052751 0.123280
0 0.776728 0.282333 0.036657 0.059712
1 0.787260 0.407998 0.047106 0.074772
1 0.804555 0.368206 0.046974 0.072774
