7 0.571759 0.309921 0.035569 0.058677
8 0.602078 0.334646 0.037510 0.068413
9 0.635924 0.361875 0.038132 0.075516
10 0.667391 0.386048 0.045040 0.093135
7 0.741230 0.465304 0.042368 0.066462
11 0.784071 0.480870 0.051501 0.116283
6 0.518651 0.326300 0.032507 0.053287
6 0.550585 0.356305 0.031362 0.053687
6 0.580804 0.386888 0.033439 0.056078
6 0.612427 0.417526 0.033750 0.056283
6 0.647164 0.451794 0.035308 0.058985
6 0.683914 0.485883 0.035890 0.059319
9 0.720901 0.511872 0.043740 0.081614
6 0.769727 0.562340 0.037490 0.061167
8 0.630005 0.499803 0.043118 0.077140
6 0.661741 0.542024 0.037371 0.060939
0 0.409780 0.434158 0.035050 0.056855
0 0.439800 0.469815 0.036088 0.059107
0 0.471258 0.504992 0.036868 0.059884
2 0.352029 0.450441 0.042245 0.073647
0 0.233920 0.403576 0.034686 0.056703
0 0.262684 0.437326 0.036763 0.058363
0 0.375569 0.585061 0.038942 0.062517
0 0.409995 0.628160 0.040294 0.064177
0 0.444276 0.672804 0.041746 0.064802
1 0.175089 0.416577 0.041019 0.066257
3 0.221204 0.480412 0.045357 0.082748
4 0.252467 0.508480 0.051746 0.101538
5 0.280549 0.542459 0.056164 0.120771
3 0.308836 0.597414 0.047540 0.087335
2 0.341713 0.644610 0.047705 0.083743
1 0.375101 0.693932 0.048991 0.080575
