7 0.593631 0.350240 0.036971 0.060235
7 0.773029 0.462386 0.041329 0.065526
11 0.822022 0.472417 0.051862 0.118439
6 0.545536 0.373338 0.033664 0.056597
8 0.586943 0.392870 0.038112 0.071865
6 0.777338 0.518953 0.036138 0.059818
6 0.455666 0.365782 0.034170 0.055731
9 0.624347 0.470990 0.041372 0.081002
6 0.365079 0.357748 0.034372 0.055456
2 0.406675 0.378836 0.038879 0.071032
0 0.485904 0.438347 0.034077 0.058882
6 0.531237 0.468647 0.036554 0.060648
2 0.572829 0.494568 0.041372 0.077014
8 0.669919 0.559770 0.043614 0.080380
0 0.394355 0.432634 0.034788 0.057219
6 0.523604 0.526908 0.037903 0.062103
4 0.568104 0.538075 0.049646 0.102586
0 0.302242 0.427908 0.034788 0.057946
0 0.208310 0.420068 0.034894 0.058052
3 0.244734 0.438603 0.044243 0.080876
0 0.501351 0.650757 0.041538 0.065423
1 0.301348 0.563320 0.045360 0.072778
1 0.350074 0.598340 0.045612 0.073525
5 0.441149 0.654130 0.056075 0.129464
