7 0.644585 0.675304 0.055083 0.083743
10 0.455064 0.663856 0.063707 0.116283
7 0.363778 0.677692 0.056703 0.082725
11 0.263089 0.663214 0.071706 0.127050
6 0.633456 0.599760 0.046733 0.068542
8 0.546047 0.591672 0.052192 0.094362
6 0.365132 0.602675 0.045899 0.068538
9 0.281806 0.597369 0.055807 0.093317
6 0.180394 0.612242 0.047480 0.068399
6 0.714782 0.527793 0.044987 0.065797
6 0.537412 0.529114 0.044864 0.066548
6 0.286319 0.533474 0.044491 0.066670
6 0.790026 0.459314 0.044365 0.065175
2 0.703499 0.454542 0.049497 0.087781
0 0.541837 0.465832 0.043244 0.065050
6 0.457988 0.466999 0.043350 0.065797
8 0.203457 0.459319 0.051683 0.090265
0 0.616546 0.401840 0.041624 0.067173
0 0.457034 0.402900 0.042368 0.066296
0 0.685248 0.345774 0.041250 0.064927
3 0.454155 0.340341 0.047477 0.085860
0 0.304962 0.349823 0.041749 0.065175
0 0.754970 0.292439 0.041124 0.063681
2 0.532169 0.287860 0.045463 0.083743
4 0.456518 0.279165 0.051144 0.104435
0 0.382138 0.297073 0.040625 0.063433
0 0.228967 0.297735 0.040916 0.063347
1 0.747255 0.240352 0.047553 0.072378
1 0.385577 0.244907 0.043866 0.072030
5 0.308256 0.222801 0.057245 0.122923
