7 0.219630 0.425332 0.044034 0.062100
2 0.419124 0.561663 0.044239 0.071779
11 0.310174 0.419848 0.049349 0.097500
6 0.243413 0.361131 0.033102 0.051276
6 0.515342 0.582204 0.038079 0.053740
9 0.367607 0.402851 0.039752 0.071779
6 0.617660 0.595863 0.038945 0.055245
0 0.492335 0.463768 0.035205 0.052860
0 0.583307 0.474049 0.035622 0.054104
0 0.676045 0.486510 0.035827 0.053482
5 0.453943 0.247604 0.042470 0.097801
0 0.772731 0.500779 0.036607 0.053482
0 0.502161 0.245405 0.030116 0.049243
1 0.619563 0.285845 0.035827 0.058416
