7 0.195671 0.424772 0.043618 0.067189
2 0.422555 0.543175 0.046657 0.081951
11 0.294367 0.411691 0.050248 0.113052
6 0.214086 0.365739 0.034441 0.055817
6 0.525890 0.560898 0.039563 0.061167
9 0.351968 0.398626 0.042368 0.081002
6 0.635035 0.570015 0.040711 0.062827
0 0.489699 0.453320 0.036554 0.058571
0 0.586278 0.460018 0.037384 0.059712
0 0.683947 0.469314 0.037490 0.059401
8 0.464950 0.300198 0.039478 0.067593
7 0.431014 0.276103 0.036763 0.060129
0 0.784613 0.479904 0.038512 0.059279
5 0.516706 0.262426 0.044683 0.107133
0 0.477796 0.256610 0.031882 0.052546
1 0.644661 0.318285 0.038423 0.062411
1 0.601591 0.290880 0.036978 0.061376
