7 0.569015 0.674443 0.050694 0.078509
7 0.240858 0.611687 0.058819 0.075146
11 0.160198 0.579038 0.079676 0.117361
6 0.581553 0.606944 0.041849 0.063347
8 0.504039 0.584059 0.046954 0.086584
6 0.196543 0.542827 0.045069 0.061376
6 0.674497 0.558758 0.041435 0.061478
9 0.375136 0.498656 0.045013 0.082397
10 0.224874 0.467774 0.065351 0.099894
6 0.762300 0.511870 0.040916 0.060546
2 0.682156 0.493259 0.045985 0.080255
0 0.538558 0.478517 0.038631 0.059567
6 0.465346 0.468051 0.037636 0.058694
6 0.394937 0.454778 0.037136 0.058823
8 0.257445 0.423699 0.046108 0.078138
0 0.620746 0.436334 0.036763 0.060691
2 0.284949 0.376804 0.042120 0.077140
0 0.697262 0.400071 0.037262 0.059441
0 0.373907 0.351776 0.034686 0.056806
0 0.774691 0.364854 0.037596 0.058148
3 0.708975 0.349039 0.041620 0.077510
4 0.513267 0.313418 0.044266 0.093462
0 0.328785 0.302085 0.034163 0.054831
1 0.529772 0.285147 0.040298 0.063449
1 0.468057 0.279800 0.036452 0.063244
5 0.346422 0.241204 0.049649 0.108267
