7 0.557677 0.736503 0.045486 0.072900
10 0.374689 0.633439 0.051680 0.099775
7 0.261450 0.591035 0.044031 0.068333
11 0.204157 0.545203 0.052401 0.109104
6 0.595177 0.689628 0.039256 0.061062
6 0.532442 0.661475 0.036968 0.058882
6 0.473047 0.633643 0.038006 0.060691
8 0.415101 0.599522 0.041498 0.076392
6 0.304438 0.552690 0.034769 0.056326
9 0.255364 0.521811 0.041376 0.078257
6 0.195833 0.505838 0.034643 0.054593
6 0.453725 0.564403 0.035916 0.057378
8 0.344491 0.508973 0.040000 0.073899
6 0.296711 0.492750 0.033522 0.053833
0 0.494393 0.529026 0.034686 0.055559
6 0.439276 0.504649 0.034769 0.055456
0 0.584585 0.513833 0.034481 0.056911
0 0.475440 0.466561 0.033545 0.055456
9 0.373388 0.413380 0.036657 0.072692
2 0.618327 0.471701 0.038882 0.072655
3 0.508626 0.426901 0.038879 0.073274
2 0.459714 0.405842 0.037510 0.069163
0 0.763879 0.490976 0.034894 0.055661
0 0.703664 0.467364 0.035655 0.054696
3 0.545559 0.397636 0.036660 0.070721
0 0.493656 0.382943 0.032192 0.052235
0 0.446300 0.362898 0.032196 0.052027
0 0.394896 0.343428 0.031154 0.050473
1 0.795050 0.454453 0.039755 0.062808
4 0.627695 0.380577 0.042619 0.087781
1 0.526341 0.351971 0.035479 0.058763
5 0.476404 0.312730 0.042173 0.100790
