7 0.206270 0.547158 0.043981 0.070036
10 0.300513 0.373130 0.045761 0.090473
7 0.321817 0.353044 0.036763 0.060235
11 0.341258 0.299499 0.042351 0.102464
6 0.322971 0.472272 0.035136 0.057811
8 0.342436 0.427736 0.039878 0.069659
6 0.382105 0.361179 0.030810 0.053138
9 0.396387 0.323393 0.037153 0.071905
6 0.410792 0.296999 0.030288 0.050367
6 0.367966 0.524633 0.036138 0.059193
6 0.408720 0.439762 0.034643 0.056455
6 0.456157 0.336713 0.030463 0.051925
6 0.418261 0.580565 0.038631 0.062831
2 0.432717 0.526326 0.047669 0.073108
0 0.468097 0.448758 0.034606 0.057292
6 0.483390 0.410866 0.034173 0.055456
8 0.527057 0.303914 0.035390 0.063681
0 0.517956 0.496665 0.035099 0.059401
0 0.547657 0.417555 0.032900 0.056081
0 0.573867 0.550398 0.037179 0.060751
3 0.610240 0.416645 0.041002 0.077140
0 0.631804 0.357551 0.032920 0.053793
0 0.633290 0.611171 0.038942 0.063657
2 0.664997 0.470443 0.042745 0.070284
4 0.675177 0.418562 0.044712 0.094663
0 0.683729 0.397637 0.033337 0.055248
0 0.699982 0.329357 0.031776 0.052444
1 0.708189 0.619997 0.046233 0.074147
1 0.744992 0.402558 0.039448 0.063244
5 0.753102 0.345466 0.045608 0.108419
