6 0.209802 0.335632 0.034960 0.054954
6 0.495316 0.569302 0.040499 0.059319
11 0.411799 0.454239 0.052401 0.108386
7 0.303130 0.344727 0.041247 0.064177
6 0.606571 0.585666 0.042163 0.060440
0 0.471078 0.443912 0.037632 0.057950
2 0.362796 0.314469 0.043866 0.071531
5 0.326687 0.267611 0.049530 0.107312
0 0.568094 0.455999 0.037761 0.058446
9 0.452012 0.326233 0.039878 0.076515
0 0.384425 0.264038 0.032626 0.053743
0 0.667040 0.470268 0.038505 0.058320
0 0.771969 0.486281 0.041994 0.058694
1 0.592125 0.323271 0.038945 0.063452
