7 0.673704 0.326759 0.041217 0.065635
8 0.693466 0.364084 0.045761 0.074292
9 0.714443 0.403778 0.041994 0.082728
10 0.736731 0.441176 0.054911 0.103363
11 0.761172 0.482736 0.055989 0.121022
9 0.787049 0.548110 0.048813 0.086313
8 0.813338 0.604547 0.051505 0.082189
7 0.842753 0.663376 0.051888 0.078062
6 0.608153 0.337923 0.036405 0.058571
6 0.628209 0.379982 0.034891 0.058694
6 0.645157 0.423786 0.037636 0.060813
6 0.666156 0.466219 0.038257 0.062186
6 0.686718 0.516065 0.040003 0.063181
6 0.711581 0.564979 0.040377 0.065552
6 0.735756 0.620620 0.043370 0.065923
6 0.770038 0.679502 0.041994 0.066544
0 0.270155 0.382500 0.037884 0.061065
0 0.282993 0.427113 0.039630 0.061561
0 0.293771 0.472598 0.039256 0.062808
0 0.302806 0.520390 0.041372 0.064180
0 0.319506 0.574038 0.041624 0.067044
0 0.328041 0.625817 0.043740 0.066918
0 0.343181 0.684387 0.044365 0.068416
0 0.357444 0.746491 0.045939 0.068909
1 0.201935 0.387307 0.043968 0.070883
2 0.210402 0.430230 0.045612 0.075519
3 0.215992 0.473099 0.049497 0.086435
4 0.228633 0.513100 0.052543 0.107239
5 0.237252 0.561336 0.060284 0.123175
3 0.248016 0.628199 0.050820 0.091088
2 0.259762 0.692389 0.052937 0.084342
1 0.271667 0.757530 0.053479 0.086316
