7 0.552829 0.599148 0.049349 0.081749
11 0.173454 0.480909 0.058297 0.133029
6 0.577938 0.552105 0.042497 0.069659
8 0.502364 0.525799 0.048300 0.090023
2 0.360142 0.491253 0.047606 0.088604
6 0.205539 0.468568 0.040225 0.065198
6 0.681101 0.524218 0.042474 0.067087
9 0.385498 0.446048 0.047702 0.091071
7 0.314570 0.436508 0.045483 0.073525
6 0.781035 0.495369 0.041230 0.066359
2 0.700911 0.471141 0.046657 0.087183
0 0.557813 0.448148 0.039752 0.065675
6 0.483853 0.433543 0.040126 0.064428
8 0.276250 0.376505 0.042996 0.082249
0 0.650828 0.421057 0.038509 0.066174
6 0.439053 0.375346 0.038257 0.064428
0 0.740491 0.398313 0.039382 0.065298
0 0.831756 0.376430 0.038631 0.063350
3 0.763639 0.353762 0.045599 0.085737
0 0.364742 0.280537 0.037011 0.060440
1 0.581978 0.283196 0.041746 0.067814
1 0.517945 0.272141 0.041022 0.067616
5 0.390552 0.221706 0.051144 0.118796
