6 0.638555 0.267503 0.032606 0.054729
6 0.275539 0.416172 0.038505 0.058198
11 0.411440 0.357784 0.050962 0.111799
7 0.607713 0.326301 0.040916 0.065321
6 0.219711 0.489821 0.041002 0.060688
0 0.434969 0.427525 0.038264 0.059818
9 0.507865 0.400557 0.043740 0.077265
2 0.637386 0.369034 0.042768 0.078810
5 0.696695 0.333378 0.056524 0.112695
0 0.390101 0.502670 0.039752 0.058819
0 0.342310 0.585976 0.043370 0.060192
0 0.282804 0.679378 0.045734 0.061561
1 0.589175 0.575010 0.047245 0.071409
0 0.802014 0.513896 0.043823 0.058155
