7 0.777454 0.486930 0.049101 0.073277
11 0.643014 0.395911 0.053403 0.124897
6 0.748267 0.557351 0.042249 0.067044
6 0.507052 0.326233 0.033925 0.056858
2 0.575646 0.427088 0.046359 0.076392
6 0.424838 0.302607 0.033578 0.056683
0 0.487568 0.404552 0.036968 0.062517
9 0.513909 0.438930 0.045311 0.087483
0 0.401634 0.380408 0.036243 0.060546
0 0.318763 0.358808 0.035622 0.060129
5 0.434026 0.597771 0.061372 0.138896
0 0.238747 0.335182 0.035516 0.058776
0 0.348532 0.645731 0.047255 0.073274
1 0.227641 0.546913 0.052490 0.081200
