6 0.679856 0.622973 0.030460 0.044048
6 0.494974 0.389148 0.026250 0.042047
2 0.554363 0.499618 0.036868 0.053912
7 0.597867 0.589777 0.035410 0.053065
6 0.429023 0.365061 0.026610 0.041901
11 0.463214 0.422589 0.038631 0.082374
0 0.482422 0.474062 0.028469 0.045003
5 0.566536 0.639600 0.045856 0.083122
0 0.414575 0.450048 0.028297 0.043356
9 0.465314 0.572975 0.036243 0.058674
0 0.505071 0.675574 0.033059 0.045261
0 0.348328 0.427632 0.028211 0.043704
0 0.283249 0.403013 0.028211 0.043095
1 0.338937 0.558925 0.035136 0.054087
