7 0.572604 0.664535 0.047728 0.073277
7 0.251147 0.622417 0.056806 0.070516
11 0.170557 0.597470 0.078383 0.107454
6 0.579466 0.596787 0.040294 0.059606
8 0.503547 0.579334 0.045612 0.081948
6 0.200873 0.556366 0.044563 0.058022
6 0.664790 0.543304 0.039375 0.057116
9 0.371546 0.502507 0.044117 0.077388
10 0.221764 0.480427 0.065651 0.094808
6 0.745222 0.491164 0.038770 0.056944
2 0.667826 0.477821 0.043866 0.076766
0 0.527822 0.471536 0.036763 0.056286
6 0.456040 0.465468 0.036253 0.055473
2 0.387907 0.447302 0.041872 0.074272
8 0.249059 0.432945 0.045486 0.074772
0 0.604097 0.424127 0.035933 0.057844
6 0.399464 0.404458 0.035655 0.055734
0 0.675028 0.382693 0.035724 0.055976
0 0.356288 0.352517 0.034097 0.054696
0 0.746812 0.342564 0.035311 0.055731
3 0.683292 0.330546 0.040625 0.074398
4 0.490341 0.306181 0.043366 0.090774
0 0.306624 0.304079 0.033578 0.053138
1 0.503022 0.274960 0.039980 0.062414
1 0.442095 0.273185 0.036346 0.061792
5 0.318682 0.241878 0.052940 0.105516
