7 0.840592 0.291379 0.044656 0.069993
10 0.822417 0.415980 0.063525 0.111974
7 0.807176 0.539109 0.052963 0.080255
11 0.800106 0.580286 0.068049 0.137173
6 0.757483 0.330256 0.037983 0.063257
6 0.749633 0.374970 0.041124 0.065053
8 0.742746 0.417543 0.049970 0.079755
6 0.719456 0.530628 0.042920 0.069835
9 0.710608 0.577032 0.053849 0.094812
6 0.703069 0.658181 0.045860 0.072903
6 0.660805 0.414525 0.041273 0.065499
8 0.637596 0.513805 0.050992 0.082847
6 0.622315 0.573004 0.045112 0.071531
6 0.623601 0.266164 0.037282 0.060648
0 0.589142 0.397816 0.040003 0.066796
6 0.574071 0.448694 0.041872 0.066845
0 0.529648 0.341341 0.038839 0.064593
0 0.494651 0.436974 0.041227 0.067712
9 0.452373 0.536670 0.050843 0.095106
2 0.453929 0.327624 0.046058 0.081200
3 0.418037 0.419398 0.049349 0.091071
0 0.421930 0.242566 0.036763 0.061065
0 0.403236 0.284064 0.038257 0.063056
2 0.363408 0.361713 0.050473 0.081501
3 0.345405 0.405177 0.048151 0.090175
0 0.319168 0.467252 0.042993 0.068168
0 0.292750 0.520217 0.044739 0.069911
0 0.265417 0.582250 0.046508 0.071782
1 0.355595 0.229891 0.041872 0.070159
4 0.296394 0.339426 0.050962 0.107669
1 0.244484 0.450055 0.050099 0.080003
5 0.212510 0.484330 0.065377 0.133079
