7 0.268299 0.572917 0.048601 0.076640
6 0.346989 0.556100 0.041333 0.064904
11 0.263218 0.349289 0.052110 0.115205
6 0.238084 0.329773 0.035274 0.057946
6 0.447879 0.591407 0.041644 0.063661
9 0.350982 0.389491 0.044563 0.083446
7 0.310685 0.312502 0.041746 0.066776
6 0.554076 0.626343 0.043403 0.065840
2 0.519580 0.564044 0.047976 0.081376
0 0.465384 0.473831 0.039478 0.062808
8 0.438403 0.421381 0.044861 0.076141
8 0.372806 0.297007 0.040916 0.071343
0 0.561240 0.502097 0.040079 0.064603
6 0.480799 0.367497 0.036511 0.059193
0 0.660236 0.533575 0.040374 0.063856
0 0.764256 0.568879 0.041376 0.064054
3 0.730327 0.511040 0.048155 0.086432
5 0.582022 0.281015 0.048985 0.114848
0 0.557024 0.266247 0.034061 0.056389
1 0.700551 0.365339 0.042021 0.068290
1 0.669263 0.327093 0.042269 0.066878
