7 0.714565 0.281014 0.040823 0.065949
10 0.745865 0.406362 0.058859 0.105159
7 0.770549 0.529175 0.053459 0.077140
11 0.786265 0.573826 0.068277 0.127480
6 0.661101 0.376359 0.038214 0.060959
8 0.671278 0.419362 0.047477 0.076389
6 0.687588 0.535982 0.042318 0.066845
9 0.697937 0.585136 0.051442 0.087632
6 0.716314 0.667265 0.045162 0.069087
6 0.583350 0.330985 0.036554 0.059299
6 0.593452 0.429643 0.040377 0.061938
6 0.613117 0.596546 0.043218 0.067741
6 0.509294 0.287348 0.036035 0.058155
0 0.521822 0.424745 0.038757 0.063677
6 0.525227 0.478930 0.040751 0.064302
8 0.535638 0.661863 0.052937 0.085777
0 0.446989 0.378638 0.038132 0.061687
0 0.446739 0.481447 0.040377 0.065175
2 0.371470 0.377877 0.046233 0.075893
3 0.369602 0.478095 0.049501 0.087930
0 0.363558 0.602002 0.044365 0.067292
0 0.308950 0.294213 0.036035 0.059193
0 0.304744 0.339907 0.038218 0.061270
2 0.295592 0.427804 0.049947 0.077163
4 0.289719 0.470425 0.055807 0.107490
0 0.285298 0.544304 0.043618 0.066300
0 0.272436 0.676667 0.047563 0.069372
1 0.239724 0.291442 0.042741 0.069663
1 0.204557 0.540565 0.054709 0.079630
5 0.191078 0.587693 0.068909 0.128343
