7 0.259375 0.532679 0.047255 0.071177
6 0.237106 0.467578 0.037758 0.058819
6 0.665157 0.566936 0.039481 0.060565
11 0.530380 0.495873 0.052758 0.113413
2 0.469757 0.484711 0.043614 0.079256
6 0.765122 0.542788 0.040231 0.060714
0 0.562092 0.472937 0.036035 0.058261
9 0.492550 0.440060 0.043241 0.079755
0 0.652813 0.450559 0.035724 0.059193
5 0.357085 0.321733 0.048813 0.113770
0 0.739891 0.432280 0.036243 0.058568
0 0.829721 0.414522 0.037490 0.057530
1 0.585141 0.334641 0.038515 0.062933
0 0.418562 0.281647 0.032712 0.053585
