7 0.808097 0.412371 0.049600 0.071157
7 0.712052 0.547594 0.050096 0.077761
11 0.675139 0.581931 0.065119 0.131528
6 0.735078 0.391921 0.037021 0.061435
8 0.706944 0.425193 0.048228 0.077761
9 0.601662 0.558816 0.050546 0.090622
6 0.560777 0.630195 0.043366 0.069537
6 0.699441 0.331979 0.035767 0.058694
6 0.634671 0.408353 0.038006 0.061376
10 0.525303 0.523418 0.055989 0.111081
6 0.667908 0.276462 0.034031 0.056574
2 0.642697 0.304327 0.047411 0.074772
0 0.577222 0.380792 0.037176 0.060645
6 0.541032 0.420577 0.038631 0.061789
6 0.500728 0.464101 0.039352 0.063142
8 0.413418 0.552143 0.049600 0.083743
0 0.550377 0.322584 0.035000 0.059091
0 0.439415 0.434732 0.039048 0.064074
0 0.524676 0.273049 0.033439 0.057011
3 0.416968 0.365402 0.044239 0.084117
2 0.377614 0.406002 0.044613 0.079755
0 0.333945 0.451295 0.040397 0.064699
0 0.504268 0.225331 0.031882 0.055245
4 0.360390 0.334608 0.047553 0.100493
0 0.222199 0.470976 0.041872 0.065648
1 0.305498 0.323080 0.042497 0.068290
1 0.264086 0.360437 0.044448 0.070721
5 0.211389 0.377703 0.061554 0.122206
