7 0.676319 0.346875 0.040906 0.059610
7 0.771753 0.546379 0.052235 0.066151
11 0.803099 0.591913 0.074722 0.109177
6 0.612766 0.359420 0.033330 0.052860
8 0.633643 0.398052 0.043118 0.066918
6 0.730370 0.622948 0.042493 0.057550
6 0.535860 0.325281 0.032090 0.052745
9 0.604744 0.508115 0.043370 0.072903
6 0.462075 0.291379 0.031571 0.051614
2 0.479251 0.328474 0.040916 0.064593
0 0.505797 0.418527 0.034272 0.055704
6 0.523170 0.469496 0.036888 0.055453
2 0.539071 0.519193 0.049597 0.069788
10 0.558294 0.568237 0.058175 0.096905
8 0.578138 0.642078 0.051217 0.073899
0 0.429157 0.383011 0.033770 0.054210
6 0.468836 0.537538 0.038631 0.056703
0 0.478484 0.595046 0.040155 0.058069
0 0.355632 0.350486 0.033770 0.054458
0 0.285222 0.315896 0.033274 0.053353
3 0.292469 0.348578 0.040294 0.073320
4 0.312700 0.488801 0.051293 0.094957
0 0.343117 0.690999 0.043409 0.060026
1 0.237606 0.507612 0.047354 0.067811
1 0.248299 0.565825 0.050222 0.070658
5 0.257563 0.688960 0.066217 0.110003
