6 0.284213 0.260860 0.036349 0.059815
6 0.371171 0.621789 0.045013 0.064153
11 0.364988 0.464582 0.059435 0.117146
2 0.363978 0.419512 0.055331 0.076253
6 0.465532 0.692523 0.048300 0.065946
0 0.445445 0.479254 0.041624 0.062933
9 0.439301 0.404818 0.048310 0.082996
0 0.531797 0.536764 0.042358 0.063806
0 0.625020 0.600132 0.044365 0.064676
5 0.567708 0.224220 0.050390 0.118651
0 0.725150 0.671353 0.046981 0.065549
1 0.668960 0.400994 0.047106 0.073899
0 0.638026 0.243930 0.036349 0.060023
7 0.721935 0.286954 0.044861 0.070410
