7 0.755645 0.351963 0.041746 0.065010
2 0.484499 0.328639 0.039752 0.074772
11 0.607885 0.342154 0.048449 0.113773
6 0.812146 0.410389 0.037011 0.059071
6 0.399453 0.357789 0.035308 0.057219
9 0.649444 0.413791 0.041997 0.079382
6 0.307467 0.380127 0.036263 0.057808
0 0.493094 0.426194 0.037695 0.060959
0 0.401354 0.454286 0.037695 0.058988
0 0.306657 0.483614 0.038505 0.060688
5 0.728122 0.582138 0.060952 0.124038
0 0.203398 0.511453 0.041247 0.061313
0 0.703927 0.665308 0.044759 0.066878
1 0.511605 0.669793 0.049798 0.080155
