7 0.405716 0.621629 0.040294 0.065942
7 0.271181 0.548737 0.040813 0.061892
11 0.190716 0.486596 0.050248 0.101749
6 0.451306 0.590473 0.034478 0.057011
8 0.404023 0.561116 0.037801 0.069891
6 0.235141 0.486619 0.029858 0.048462
6 0.543122 0.585207 0.033836 0.055387
9 0.361144 0.491267 0.034894 0.069788
10 0.318720 0.466554 0.041620 0.081376
6 0.634864 0.578082 0.034444 0.055370
2 0.578593 0.548643 0.037490 0.069580
0 0.485721 0.514924 0.031052 0.051197
6 0.440407 0.495698 0.030205 0.050192
6 0.398912 0.476443 0.028558 0.047510
8 0.322025 0.436496 0.033647 0.058985
0 0.566364 0.508069 0.031167 0.051197
0 0.644868 0.504071 0.030324 0.050886
2 0.470756 0.430150 0.031260 0.059712
0 0.435240 0.420928 0.027001 0.045347
0 0.725972 0.500375 0.030364 0.050195
4 0.544142 0.418925 0.035394 0.076640
0 0.429355 0.388776 0.025615 0.042665
3 0.660478 0.437588 0.033026 0.065010
1 0.577750 0.411189 0.030288 0.050122
1 0.534653 0.398327 0.028776 0.048816
5 0.460898 0.353388 0.033647 0.084864
