7 0.317037 0.677958 0.051739 0.085989
8 0.290732 0.628264 0.051591 0.093016
9 0.264264 0.578497 0.048899 0.094659
10 0.241425 0.528335 0.056700 0.115387
11 0.218686 0.476987 0.055341 0.128558
9 0.195850 0.456949 0.046508 0.090771
7 0.158760 0.396033 0.044365 0.071531
6 0.398583 0.662196 0.045162 0.075370
6 0.367328 0.613743 0.040972 0.071481
6 0.342206 0.569031 0.040675 0.070284
6 0.317902 0.529102 0.039924 0.068191
6 0.294726 0.488801 0.040225 0.066544
6 0.271098 0.453069 0.037533 0.064140
6 0.222722 0.383674 0.036190 0.061164
8 0.336402 0.428552 0.046508 0.079557
6 0.318803 0.402440 0.037235 0.062507
0 0.561665 0.512037 0.040499 0.068228
0 0.531187 0.472002 0.040397 0.066253
2 0.628557 0.486109 0.047913 0.083985
0 0.774299 0.560642 0.042619 0.070284
0 0.732512 0.518576 0.041723 0.067741
0 0.628337 0.407715 0.036349 0.062738
0 0.602693 0.375985 0.036538 0.061997
0 0.572257 0.345146 0.034269 0.059517
0 0.545408 0.314977 0.034798 0.058373
1 0.841318 0.540484 0.050096 0.080155
3 0.767432 0.452847 0.047530 0.089702
4 0.728208 0.409861 0.050066 0.107130
5 0.694936 0.364443 0.052040 0.126154
3 0.664024 0.351782 0.041872 0.084616
2 0.632958 0.324727 0.041372 0.074772
1 0.603724 0.299324 0.038009 0.065737
