6 0.571906 0.239686 0.030030 0.053049
6 0.258267 0.394200 0.037513 0.059319
2 0.442080 0.321523 0.039504 0.075519
7 0.555033 0.287030 0.038009 0.063181
6 0.217143 0.459127 0.040251 0.063307
0 0.413173 0.384355 0.037179 0.060337
5 0.639468 0.274322 0.047196 0.115569
11 0.319884 0.448246 0.056528 0.119157
0 0.383990 0.448636 0.038218 0.061584
9 0.570332 0.371276 0.042021 0.079405
0 0.683272 0.336240 0.034997 0.056806
0 0.353355 0.521434 0.041538 0.063866
0 0.312750 0.605033 0.044031 0.067189
1 0.586341 0.481682 0.045069 0.072695
