7 0.710623 0.478555 0.046610 0.075020
6 0.663128 0.449744 0.040503 0.067920
8 0.600607 0.460261 0.044990 0.086362
11 0.396491 0.496066 0.060728 0.139540
6 0.320489 0.552841 0.041620 0.070780
6 0.684127 0.403634 0.037884 0.064180
9 0.427250 0.463843 0.047106 0.093313
7 0.282822 0.511903 0.048714 0.077887
6 0.702631 0.359208 0.038257 0.062060
2 0.644474 0.368404 0.043069 0.081353
0 0.525175 0.408808 0.037884 0.064428
2 0.459401 0.417082 0.046058 0.084342
8 0.253224 0.472426 0.048446 0.087034
0 0.548560 0.364550 0.036346 0.062930
6 0.356574 0.415053 0.037698 0.064491
0 0.567928 0.327528 0.037907 0.060334
0 0.591346 0.290610 0.035311 0.058985
3 0.539107 0.294468 0.041620 0.082249
0 0.164319 0.394463 0.038757 0.063429
1 0.329699 0.319979 0.041620 0.067417
1 0.270432 0.334975 0.040499 0.068125
5 0.136877 0.338973 0.057067 0.126405
