7 0.266306 0.323654 0.038009 0.062560
10 0.523107 0.306854 0.043218 0.094210
7 0.584573 0.320747 0.037282 0.062725
11 0.650582 0.296968 0.044339 0.111978
6 0.395744 0.358381 0.034372 0.057636
8 0.460398 0.349912 0.038383 0.074024
6 0.592685 0.356035 0.033750 0.056911
9 0.652224 0.345637 0.039130 0.077887
6 0.723618 0.351394 0.033770 0.056452
6 0.324818 0.394365 0.036243 0.058988
6 0.465843 0.392808 0.035205 0.059815
6 0.662741 0.388843 0.034643 0.059570
6 0.248125 0.431700 0.037388 0.061997
0 0.461382 0.425779 0.036263 0.062933
6 0.533024 0.425655 0.037596 0.061376
8 0.745301 0.414563 0.041620 0.079259
0 0.392057 0.468485 0.037262 0.063056
0 0.538315 0.467439 0.038118 0.062682
0 0.317100 0.515718 0.040377 0.065549
2 0.392556 0.508062 0.046806 0.085985
3 0.545114 0.500987 0.046300 0.089547
0 0.690706 0.509024 0.039752 0.064802
0 0.229444 0.565689 0.043492 0.069163
2 0.468120 0.551267 0.048006 0.091071
4 0.548631 0.539780 0.054696 0.113271
0 0.625405 0.556566 0.039256 0.067417
0 0.786052 0.553737 0.042123 0.066422
1 0.218624 0.614626 0.054134 0.082401
1 0.633219 0.602774 0.049726 0.080754
5 0.719977 0.577336 0.062235 0.138032
