6 0.414502 0.646728 0.042245 0.068542
6 0.690613 0.414385 0.034097 0.057811
7 0.426490 0.561253 0.045737 0.074272
6 0.686761 0.360987 0.032973 0.054521
11 0.595377 0.386496 0.048274 0.113952
0 0.550513 0.436262 0.036349 0.058932
2 0.378375 0.514396 0.045982 0.082497
5 0.322773 0.532320 0.057424 0.124897
0 0.553628 0.382001 0.033578 0.056687
9 0.396772 0.449069 0.043366 0.084640
0 0.274711 0.517427 0.039772 0.063763
0 0.554668 0.336308 0.032192 0.054263
0 0.559038 0.293600 0.030549 0.052100
1 0.374542 0.374436 0.037801 0.063972
