7 0.253421 0.606073 0.057874 0.077761
11 0.440045 0.550622 0.059937 0.116283
6 0.200258 0.528652 0.044987 0.062682
6 0.700751 0.554211 0.044365 0.062808
2 0.466475 0.499120 0.050245 0.084193
9 0.386576 0.484674 0.047854 0.083370
6 0.796270 0.504051 0.043743 0.062434
0 0.559856 0.463900 0.040499 0.061187
0 0.649082 0.417667 0.039256 0.063429
0 0.733575 0.376855 0.040000 0.062308
5 0.311754 0.282631 0.057245 0.117179
0 0.819471 0.338100 0.039775 0.061372
0 0.336815 0.259239 0.036389 0.058571
1 0.490301 0.233057 0.040291 0.067397
