7 0.290017 0.610139 0.054583 0.087183
2 0.632945 0.537103 0.050995 0.093763
11 0.377629 0.523995 0.060509 0.138896
6 0.199484 0.559795 0.045734 0.072030
6 0.702520 0.493510 0.042619 0.067669
9 0.378738 0.487650 0.050995 0.095856
6 0.769745 0.441979 0.041012 0.066796
0 0.538808 0.448274 0.040876 0.066422
8 0.376989 0.438914 0.046207 0.086134
0 0.606652 0.400458 0.038383 0.065923
0 0.668026 0.359831 0.037758 0.063677
3 0.308725 0.354473 0.046233 0.088601
7 0.236235 0.362847 0.045982 0.071157
0 0.729838 0.321121 0.036660 0.061687
5 0.313262 0.297758 0.051683 0.126190
0 0.239423 0.325514 0.038112 0.061895
1 0.452728 0.284525 0.041634 0.068436
1 0.385799 0.286477 0.040916 0.068330
