6 0.822864 0.312518 0.039755 0.059560
6 0.383762 0.311900 0.037179 0.058985
11 0.519773 0.304606 0.051035 0.118869
2 0.586961 0.330746 0.043366 0.081749
7 0.742211 0.354249 0.047358 0.071779
6 0.292498 0.350833 0.038581 0.061012
0 0.504066 0.376741 0.038383 0.063555
9 0.583695 0.380031 0.044864 0.082748
5 0.812154 0.392490 0.068548 0.125258
0 0.415461 0.422913 0.039130 0.061435
0 0.322619 0.471825 0.042619 0.062308
0 0.217192 0.521797 0.047606 0.063806
1 0.533052 0.566772 0.049967 0.077513
0 0.794676 0.616758 0.048102 0.065797
