7 0.796219 0.406577 0.048185 0.068538
10 0.758302 0.497703 0.062808 0.103363
7 0.735638 0.564155 0.046250 0.073899
11 0.712211 0.610670 0.064401 0.118006
6 0.720815 0.391270 0.037834 0.060265
8 0.702766 0.433426 0.048899 0.074921
9 0.632260 0.592407 0.050222 0.082870
6 0.607659 0.670795 0.043069 0.064752
6 0.672738 0.326892 0.036488 0.058320
6 0.626989 0.421081 0.039005 0.059444
6 0.553074 0.576508 0.041273 0.063704
6 0.627794 0.266179 0.034557 0.057126
2 0.611797 0.303191 0.048476 0.074272
0 0.563110 0.396868 0.038383 0.060317
6 0.537512 0.446129 0.039256 0.060440
6 0.509474 0.500026 0.038757 0.062308
8 0.447302 0.609330 0.049226 0.077636
0 0.521610 0.333125 0.036138 0.058697
0 0.467078 0.425031 0.038879 0.062186
0 0.481577 0.277100 0.034683 0.058466
3 0.399299 0.400594 0.045985 0.081749
0 0.337163 0.506407 0.041250 0.062682
0 0.446372 0.221435 0.033856 0.057427
2 0.365689 0.336055 0.043118 0.075767
4 0.333738 0.372697 0.049170 0.099593
0 0.301834 0.435749 0.039626 0.061438
0 0.228611 0.543221 0.042474 0.063036
1 0.268547 0.361758 0.044124 0.069785
1 0.237915 0.411070 0.046207 0.072530
5 0.196397 0.444965 0.060724 0.116286
