7 0.478562 0.239649 0.035655 0.060403
6 0.567004 0.249020 0.031052 0.053482
6 0.263241 0.406488 0.037884 0.060066
11 0.384626 0.335873 0.049960 0.116283
2 0.441855 0.334246 0.040628 0.075020
6 0.228284 0.469982 0.040503 0.064177
0 0.419714 0.393079 0.037087 0.061164
9 0.482905 0.359545 0.042120 0.080380
0 0.396609 0.455962 0.038132 0.061911
0 0.372083 0.526470 0.041422 0.064752
5 0.728800 0.347698 0.055271 0.117540
0 0.339767 0.606177 0.043667 0.068042
1 0.602184 0.482521 0.045460 0.073277
0 0.775074 0.408686 0.037596 0.060546
