7 0.822464 0.312389 0.041872 0.067292
8 0.816445 0.341963 0.045734 0.079626
9 0.812022 0.371457 0.044263 0.090923
10 0.803955 0.399525 0.054987 0.112874
11 0.797111 0.429223 0.057497 0.138896
7 0.777677 0.591372 0.055453 0.086858
6 0.751323 0.310622 0.037533 0.063406
6 0.745043 0.343970 0.036938 0.063403
6 0.734350 0.377467 0.040076 0.067593
6 0.727470 0.412012 0.038882 0.066994
6 0.716703 0.451791 0.041574 0.070585
6 0.710050 0.491493 0.040225 0.072827
9 0.700141 0.522467 0.052576 0.099954
6 0.694347 0.587649 0.045612 0.075516
8 0.628160 0.482230 0.051888 0.087345
6 0.613667 0.527308 0.043962 0.073876
0 0.516901 0.357851 0.038009 0.064676
0 0.498955 0.393429 0.041746 0.067295
0 0.485060 0.429942 0.040377 0.068542
2 0.443973 0.351781 0.045612 0.080255
0 0.409942 0.287328 0.036141 0.060853
0 0.394261 0.318484 0.037801 0.062517
0 0.313375 0.457270 0.043118 0.070036
0 0.290693 0.499144 0.044362 0.072030
0 0.265759 0.543398 0.045909 0.073575
1 0.347103 0.280048 0.041541 0.068231
3 0.302855 0.332526 0.047232 0.087731
4 0.285521 0.357837 0.052040 0.109286
5 0.258998 0.384196 0.061157 0.134160
3 0.236285 0.439064 0.053237 0.095556
2 0.210339 0.485706 0.055632 0.088376
1 0.184469 0.532632 0.051743 0.085093
