7 0.431222 0.275686 0.035308 0.057741
10 0.595351 0.305000 0.043968 0.090324
7 0.712412 0.345637 0.038595 0.062397
11 0.777535 0.340486 0.048456 0.108929
6 0.461858 0.323750 0.030728 0.052533
6 0.516857 0.337338 0.032021 0.053915
8 0.574063 0.344902 0.036763 0.070784
6 0.693690 0.383378 0.033320 0.055142
9 0.751782 0.389764 0.038631 0.075519
6 0.823353 0.413183 0.035099 0.055976
6 0.551941 0.387765 0.033492 0.055734
8 0.673203 0.410904 0.039924 0.075519
6 0.732953 0.434835 0.034788 0.058155
6 0.345451 0.372307 0.034269 0.055830
0 0.522085 0.418527 0.035017 0.058449
6 0.584524 0.436096 0.034616 0.057378
0 0.435288 0.440919 0.035020 0.056825
0 0.559405 0.477518 0.036468 0.058363
2 0.404868 0.476362 0.043618 0.078386
3 0.534532 0.511620 0.044415 0.083743
0 0.248125 0.486999 0.038115 0.059091
0 0.312356 0.506574 0.038423 0.060231
2 0.436042 0.535728 0.045311 0.082249
4 0.503284 0.548702 0.051144 0.104084
0 0.571572 0.585966 0.039150 0.062414
0 0.639593 0.608968 0.040813 0.062930
0 0.717860 0.631862 0.042249 0.063803
1 0.208259 0.526159 0.047728 0.070909
1 0.541311 0.629656 0.046524 0.074563
5 0.616842 0.635680 0.057626 0.124296
