7 0.223482 0.540440 0.047348 0.072778
6 0.524663 0.592569 0.040675 0.065351
11 0.269010 0.475020 0.055989 0.119517
6 0.199972 0.477715 0.037384 0.060317
6 0.630985 0.571409 0.040079 0.063704
9 0.368943 0.468209 0.044415 0.085387
7 0.245313 0.431450 0.041386 0.068416
6 0.734917 0.548454 0.040377 0.063555
2 0.661227 0.517822 0.045999 0.082622
0 0.531872 0.481900 0.038320 0.061062
3 0.468719 0.451371 0.044415 0.082397
8 0.286605 0.389491 0.041994 0.076640
0 0.626997 0.460351 0.037903 0.061792
6 0.439491 0.398573 0.036693 0.060149
0 0.719889 0.442748 0.037801 0.061270
0 0.814869 0.425737 0.037907 0.060542
5 0.452426 0.290797 0.047913 0.112156
0 0.395394 0.295937 0.034061 0.055665
1 0.596890 0.312305 0.039567 0.064802
1 0.539077 0.297080 0.038737 0.063657
