7 0.492774 0.250670 0.033433 0.057741
7 0.724851 0.291815 0.039630 0.060813
11 0.788080 0.284191 0.051743 0.105294
6 0.475489 0.289722 0.030721 0.052097
8 0.531705 0.292927 0.035830 0.069061
6 0.777860 0.341425 0.033234 0.052136
6 0.397725 0.315561 0.031243 0.052417
9 0.634931 0.354914 0.038115 0.072070
10 0.768775 0.371381 0.052788 0.093165
6 0.314983 0.342070 0.032540 0.053829
2 0.376705 0.345775 0.038383 0.071531
0 0.493429 0.375640 0.033492 0.056081
6 0.556796 0.388128 0.034008 0.055040
8 0.754236 0.421214 0.041872 0.076753
0 0.412467 0.407963 0.034259 0.054259
6 0.607032 0.450437 0.035136 0.055734
2 0.741634 0.470513 0.044114 0.076865
0 0.327849 0.442219 0.036035 0.055351
0 0.653208 0.515838 0.038426 0.057325
0 0.232568 0.476592 0.040916 0.056392
3 0.294631 0.481996 0.046108 0.077140
4 0.497849 0.522943 0.050394 0.097202
0 0.717363 0.588856 0.039752 0.057573
1 0.469347 0.591996 0.047106 0.071280
1 0.546119 0.606518 0.046108 0.071653
5 0.705425 0.633497 0.064613 0.113700
