7 0.803436 0.523330 0.054206 0.082123
2 0.661657 0.325098 0.050694 0.077913
11 0.701394 0.450671 0.061802 0.136528
8 0.719157 0.531898 0.054881 0.088380
6 0.739972 0.599702 0.046657 0.073274
6 0.578853 0.292354 0.037487 0.062308
9 0.618634 0.472695 0.050694 0.092566
6 0.500468 0.253484 0.036035 0.061372
0 0.523626 0.380086 0.039673 0.066984
0 0.443299 0.339279 0.039567 0.065126
0 0.366916 0.302718 0.037801 0.064074
5 0.371301 0.468806 0.061167 0.135668
3 0.374760 0.543695 0.056167 0.100671
7 0.378051 0.610843 0.053237 0.087335
0 0.294749 0.264352 0.036772 0.062507
0 0.283664 0.624496 0.048975 0.074897
1 0.206151 0.444137 0.051343 0.079755
1 0.204059 0.497422 0.054831 0.083244
