7 0.815499 0.572851 0.051217 0.076521
10 0.580197 0.621305 0.058859 0.110731
7 0.416908 0.678879 0.052963 0.078882
11 0.326076 0.686394 0.063886 0.124719
6 0.626564 0.555208 0.043241 0.064306
8 0.552100 0.565650 0.050959 0.088105
6 0.388904 0.614203 0.044137 0.066567
9 0.313532 0.626620 0.053823 0.089425
6 0.218185 0.664228 0.046005 0.067087
6 0.670729 0.479203 0.041498 0.061687
6 0.518588 0.514919 0.041858 0.063185
6 0.289484 0.570486 0.042249 0.064802
6 0.710359 0.407672 0.040003 0.060192
0 0.500339 0.459342 0.040691 0.062209
6 0.425815 0.476749 0.042021 0.062659
8 0.185427 0.520698 0.049947 0.087183
0 0.544448 0.389983 0.037903 0.062308
0 0.401147 0.420327 0.039775 0.063657
0 0.583649 0.330165 0.037801 0.060231
2 0.516987 0.335245 0.043366 0.080007
3 0.378112 0.365513 0.045112 0.082996
0 0.238135 0.402269 0.040397 0.062725
0 0.624358 0.272998 0.036349 0.059091
2 0.430228 0.305585 0.043743 0.078512
4 0.360838 0.310592 0.049196 0.099742
0 0.291452 0.339876 0.038737 0.060440
0 0.143342 0.369203 0.040810 0.061997
1 0.600068 0.229889 0.040294 0.065942
1 0.276602 0.292541 0.041644 0.069474
5 0.200802 0.284874 0.058323 0.117718
