7 0.682444 0.668299 0.048102 0.080255
8 0.605451 0.644370 0.048886 0.090923
9 0.527368 0.624451 0.047553 0.090919
10 0.454813 0.597943 0.055089 0.110542
7 0.309610 0.576680 0.047229 0.075271
11 0.235008 0.535946 0.054911 0.125112
6 0.705291 0.623013 0.042526 0.068194
6 0.626511 0.604709 0.040377 0.066038
6 0.553297 0.585686 0.040734 0.066756
6 0.410992 0.549616 0.040020 0.064603
6 0.341903 0.534185 0.039302 0.064243
9 0.275316 0.508767 0.044864 0.087930
6 0.198343 0.503408 0.038221 0.062629
6 0.504577 0.522341 0.039120 0.063525
8 0.365364 0.483565 0.045608 0.083122
6 0.305565 0.475504 0.038042 0.061372
0 0.624296 0.454441 0.037136 0.063307
0 0.554871 0.439001 0.037884 0.062063
0 0.490073 0.424595 0.036138 0.061478
2 0.639889 0.410041 0.041617 0.079382
2 0.450876 0.370099 0.040251 0.077639
0 0.799105 0.410898 0.036968 0.060645
0 0.729102 0.397388 0.036763 0.059504
0 0.475169 0.342077 0.035205 0.058261
0 0.412290 0.329512 0.034269 0.058052
0 0.351744 0.316010 0.035724 0.057014
1 0.815878 0.374062 0.041015 0.068019
3 0.684249 0.337898 0.041872 0.079507
4 0.620294 0.319249 0.046058 0.096455
5 0.556976 0.295767 0.047735 0.115926
3 0.496749 0.300126 0.040000 0.078386
1 0.375142 0.281574 0.039048 0.063347
