7 0.802812 0.450266 0.044487 0.070784
6 0.729974 0.437531 0.037388 0.063681
8 0.705360 0.466157 0.044491 0.079008
2 0.651116 0.538719 0.051293 0.087034
11 0.620274 0.561098 0.057712 0.136958
6 0.591685 0.638889 0.042120 0.070536
6 0.687479 0.387870 0.036141 0.061561
9 0.576538 0.519846 0.048003 0.091670
7 0.542697 0.568094 0.046108 0.077014
6 0.646978 0.340516 0.035390 0.059815
2 0.625294 0.365789 0.045860 0.077014
0 0.570192 0.436693 0.038115 0.063347
6 0.541063 0.473958 0.039256 0.064802
8 0.437819 0.586027 0.049170 0.085599
0 0.533274 0.387677 0.036349 0.061895
6 0.437718 0.493302 0.040304 0.066776
0 0.497498 0.345099 0.035413 0.060231
0 0.466291 0.302366 0.034269 0.058469
3 0.439501 0.320402 0.041746 0.081749
0 0.227100 0.535169 0.042368 0.068042
1 0.278418 0.404864 0.043614 0.070721
1 0.244659 0.438416 0.043743 0.073399
5 0.159769 0.487581 0.057282 0.132867
