7 0.250703 0.460250 0.045235 0.072900
11 0.382437 0.246938 0.049001 0.115569
6 0.325749 0.476450 0.040499 0.065301
8 0.351177 0.427594 0.044266 0.079706
6 0.440506 0.281316 0.033340 0.057844
6 0.372469 0.537611 0.040751 0.065923
9 0.468120 0.358191 0.044712 0.084788
2 0.508614 0.289147 0.041872 0.072778
6 0.424059 0.601293 0.043244 0.069663
2 0.445584 0.543459 0.051141 0.082698
0 0.491402 0.460225 0.039464 0.065529
6 0.512452 0.417816 0.038257 0.063059
8 0.574039 0.297224 0.040876 0.073277
0 0.543492 0.517331 0.040813 0.066567
6 0.604168 0.388905 0.037768 0.061812
7 0.622927 0.349375 0.040377 0.069411
0 0.600296 0.580005 0.041644 0.068125
0 0.659554 0.649294 0.043823 0.070618
3 0.676986 0.589220 0.050843 0.093313
0 0.773818 0.339024 0.036968 0.060648
1 0.803872 0.468328 0.047255 0.075069
1 0.815074 0.426926 0.045360 0.072774
5 0.844274 0.324048 0.053476 0.122745
